0 0 5
0 1 4
0 2 5
0 3 4
0 4 4
0 5 5
0 6 4
0 7 4
0 8 4
0 9 2
0 10 4
0 11 4
0 12 4
0 13 4
0 14 3
0 15 4
0 16 4
0 17 5
0 18 3
0 19 4
0 20 4
0 21 4
0 22 4
0 23 4
0 10 4
0 24 5
0 25 5
0 26 3
0 27 4
0 28 3
0 29 4
0 30 5
0 31 5
0 32 5
0 33 4
0 34 5
0 35 5
0 36 4
0 37 5
0 38 5
0 39 5
0 40 3
0 41 5
0 42 5
0 43 5
0 44 5
0 45 3
0 46 5
0 47 5
0 48 5
0 49 5
0 50 5
0 51 4
0 52 5
0 53 5
0 54 3
0 55 4
0 56 5
0 57 4
0 58 4
0 59 5
0 60 5
0 61 5
0 62 4
0 63 5
0 64 5
0 65 4
0 66 5
0 67 5
0 68 5
0 69 4
0 70 4
0 71 5
0 72 5
0 73 4
0 74 3
0 75 3
0 76 4
0 77 4
0 78 2
0 79 5
0 80 4
0 81 3
0 82 5
0 83 5
0 84 4
0 85 4
0 86 5
0 87 4
0 88 4
0 89 4
0 90 4
0 91 5
0 92 4
0 93 5
0 94 4
0 95 4
0 96 4
0 97 4
0 98 4
0 99 4
0 100 4
0 101 4
0 102 5
0 103 4
0 104 5
0 105 4
0 106 5
0 107 4
0 108 3
0 109 4
0 110 5
0 111 5
0 112 3
0 113 4
0 114 5
0 115 5
0 98 4
0 116 4
0 117 4
0 118 4
0 119 5
0 120 4
0 121 3
0 122 5
0 123 4
0 124 5
0 125 4
0 126 4
0 127 4
0 128 4
0 129 5
0 130 4
0 131 4
0 132 4
0 133 4
0 134 3
0 135 4
0 8 4
0 136 5
0 137 5
0 138 5
0 139 5
0 140 5
0 141 5
0 142 5
0 143 5
0 144 5
0 145 3
0 143 5
0 146 5
0 147 4
0 148 5
0 149 5
0 150 4
0 151 5
0 152 4
0 153 4
0 154 4
0 155 4
0 156 5
0 157 5
0 158 4
0 159 5
0 160 5
0 161 3
0 162 4
0 163 4
0 164 5
0 165 1
0 166 5
0 167 5
0 168 5
0 169 5
0 170 4
0 171 5
0 172 5
0 173 3
0 174 3
0 175 4
0 176 4
0 177 5
0 178 4
0 179 5
0 180 5
0 181 4
0 182 5
0 183 4
0 184 4
0 185 5
0 186 5
0 187 4
0 188 4
0 189 5
0 190 4
0 191 4
0 192 4
0 193 5
0 194 5
0 195 4
0 196 5
0 197 4
0 198 4
0 199 4
0 10 4
0 200 5
0 201 4
0 202 2
0 203 5
0 204 4
0 205 5
0 206 5
0 207 3
0 208 5
0 209 4
0 210 5
0 211 5
0 212 4
0 213 5
0 214 4
0 215 5
0 216 3
0 217 5
0 218 4
0 219 3
0 220 5
0 221 5
0 222 4
0 223 5
0 224 4
0 225 4
0 226 5
0 227 4
0 228 3
0 229 4
0 230 5
0 231 3
0 232 3
0 233 3
0 234 4
0 235 5
0 236 4
0 237 3
0 238 5
0 239 3
0 240 4
0 241 5
0 242 3
0 243 5
0 244 3
0 245 3
0 246 4
0 247 5
0 248 4
0 249 4
0 250 3
0 251 3
0 252 4
0 253 4
0 254 4
0 255 4
0 124 5
0 256 5
0 257 4
0 258 5
0 259 5
0 260 5
0 261 4
0 262 5
0 263 3
0 264 5
0 265 4
0 266 3
0 267 4
0 268 5
0 269 5
0 270 5
0 271 4
0 272 5
0 273 5
0 274 5
0 275 5
0 276 5
0 277 5
0 278 2
0 279 4
0 280 3
0 281 5
0 282 5
0 283 4
0 284 4
0 285 5
0 286 4
0 287 5
0 288 5
0 289 4
0 290 5
0 291 5
0 292 3
0 293 4
0 294 5
0 295 5
0 296 5
0 297 3
0 298 5
0 299 5
0 300 5
0 301 5
0 302 4
0 303 4
0 304 4
0 305 4
0 306 4
0 307 5
0 308 4
0 309 5
0 310 5
0 311 5
0 312 5
0 313 4
0 314 5
0 315 5
0 316 3
0 317 5
0 318 4
0 319 5
0 320 5
0 321 4
0 322 5
0 323 4
0 324 5
0 325 4
0 326 5
0 327 3
0 328 5
1 329 3
1 330 3
1 331 3
1 332 4
1 333 5
1 334 4
1 335 3
1 336 5
1 337 4
1 338 4
1 339 3
1 340 2
1 341 4
1 342 4
1 343 3
1 344 2
1 345 4
1 346 3
1 347 3
1 348 4
1 349 5
1 350 5
1 351 3
1 352 3
1 353 3
1 354 4
1 355 4
1 356 4
1 357 3
1 358 3
1 359 4
1 360 4
1 361 3
1 362 4
1 363 4
1 364 4
1 365 2
1 366 4
1 367 3
1 368 5
1 369 4
1 370 3
1 371 2
1 372 5
1 373 3
1 374 4
1 375 3
1 376 4
1 377 4
1 378 4
1 379 4
1 380 5
1 381 2
1 382 4
1 383 3
1 384 4
1 385 4
1 386 5
1 387 4
1 388 5
1 389 3
1 390 3
1 391 4
1 392 4
1 393 4
1 394 3
1 395 5
1 396 3
1 397 3
1 398 5
1 399 5
1 400 3
1 401 5
1 402 4
1 403 4
1 404 4
1 405 4
1 406 4
1 407 4
1 408 4
1 409 3
1 410 3
1 411 3
1 412 4
1 413 3
1 414 5
1 415 3
1 416 4
1 417 3
1 418 4
1 419 4
1 420 4
1 421 3
1 422 4
1 423 2
1 424 4
1 425 3
1 426 4
1 427 4
1 428 3
1 429 5
1 430 5
1 431 4
1 432 4
1 433 3
1 434 5
1 435 5
1 436 3
1 437 5
1 438 4
1 439 2
1 440 3
1 441 3
1 442 5
1 443 3
1 444 3
1 445 5
1 446 2
1 447 4
1 448 3
1 449 3
1 450 4
1 451 2
1 452 4
1 453 4
1 454 4
1 455 3
1 456 2
1 457 4
1 458 3
1 459 5
1 460 4
1 461 3
1 462 3
1 463 5
1 464 4
1 465 4
1 466 3
1 467 4
1 468 5
1 469 4
1 470 2
1 471 2
1 472 3
1 473 4
1 474 3
1 475 4
1 476 4
1 477 4
1 478 4
1 479 2
1 480 4
1 481 4
1 482 5
1 483 4
1 484 4
1 485 5
1 486 4
1 487 4
1 488 4
1 489 3
1 490 4
1 491 2
1 492 4
1 493 4
1 494 4
1 495 3
1 496 4
1 497 4
1 498 2
1 499 3
1 500 4
1 501 4
1 502 3
1 503 5
1 504 4
1 505 4
1 506 3
1 507 5
1 508 4
1 509 4
1 510 3
1 511 3
1 512 4
1 513 5
1 514 4
1 515 4
1 516 4
1 517 4
1 518 4
1 519 1
1 520 3
1 521 4
1 522 5
1 523 3
1 524 5
1 525 4
1 526 5
1 527 4
1 528 5
1 529 3
1 530 3
1 531 5
1 532 4
1 533 4
1 534 4
1 535 3
1 536 5
1 537 1
1 538 4
1 539 3
1 540 5
1 541 5
1 542 5
1 543 4
1 544 5
1 545 4
1 546 4
1 547 5
1 548 5
1 549 5
1 550 5
1 551 2
1 552 4
1 553 2
1 554 4
1 555 4
1 556 4
1 557 5
1 558 3
1 559 3
1 560 5
1 561 3
1 562 5
1 563 5
1 564 4
1 565 3
1 566 5
1 567 4
1 568 5
1 569 2
1 570 4
1 571 4
1 572 5
1 573 5
1 574 1
1 575 3
1 576 4
1 577 5
1 578 4
1 579 5
1 580 5
1 581 5
1 582 5
1 583 5
1 584 5
1 585 5
1 586 4
2 587 2
2 588 4
2 589 4
2 590 4
2 591 5
2 592 4
2 593 5
2 594 5
2 595 5
2 596 4
2 597 4
2 598 3
2 235 5
2 599 3
2 600 5
2 601 4
2 468 4
2 602 4
2 603 4
2 604 5
2 421 5
2 605 5
2 606 4
2 607 5
2 608 3
2 609 4
2 610 4
2 611 5
2 612 5
2 613 5
2 614 3
2 615 4
2 616 3
2 617 3
2 618 3
2 619 5
2 620 2
2 621 4
2 622 4
2 623 3
2 624 5
2 625 4
2 626 5
2 627 4
2 457 5
2 469 5
2 430 5
2 628 2
2 629 5
2 630 5
2 631 5
2 632 4
2 633 4
2 634 3
2 441 5
2 635 4
2 489 4
2 636 5
2 637 5
2 638 5
2 639 5
2 640 1
2 641 3
2 642 4
2 643 4
2 644 4
2 645 5
2 646 5
2 647 4
2 648 5
2 649 2
2 650 5
2 651 5
2 652 4
2 653 4
2 654 5
2 655 3
2 656 3
2 657 3
2 658 5
2 659 4
2 660 3
2 661 3
2 662 4
2 663 2
2 664 4
2 665 5
2 182 5
2 666 4
2 667 5
2 668 4
2 669 4
2 670 4
2 671 3
2 672 3
2 673 3
2 674 3
2 675 3
2 676 4
2 677 4
2 678 5
2 679 5
2 680 4
2 681 5
2 682 4
2 683 5
2 684 4
2 685 3
2 686 5
2 687 4
2 688 5
2 689 3
2 690 4
2 691 5
2 692 5
2 693 5
2 694 5
2 695 1
2 696 4
2 697 5
2 698 5
2 699 5
2 700 5
2 701 5
2 702 5
2 703 4
2 704 4
2 705 4
2 706 5
2 707 3
2 708 4
2 709 5
2 710 5
2 711 4
2 712 5
2 713 1
2 714 4
2 715 4
2 716 5
2 717 4
2 718 4
2 719 5
2 720 4
2 28 5
2 721 5
2 722 5
2 723 5
2 724 5
2 278 5
2 725 4
2 726 5
2 727 5
2 728 5
2 269 4
2 729 4
2 730 5
2 574 1
2 731 3
2 732 5
2 733 4
2 734 5
2 735 5
2 736 3
2 737 5
2 738 5
2 739 1
2 740 1
2 448 4
2 741 5
2 742 3
2 743 4
2 309 5
2 744 4
2 745 5
2 746 3
2 747 4
2 748 2
2 749 5
2 313 5
2 750 5
2 751 1
2 752 3
2 753 3
2 754 3
2 755 1
2 258 5
2 756 2
2 757 5
2 758 4
2 759 4
2 760 4
2 761 5
2 762 5
2 763 5
2 764 5
2 765 5
2 766 1
2 196 5
2 767 4
2 768 4
2 769 5
2 770 3
2 771 4
2 772 1
2 773 5
2 774 1
2 775 5
2 276 5
2 776 5
2 777 4
2 778 4
2 576 3
2 779 5
2 780 2
2 781 4
2 782 1
2 783 3
2 73 4
2 784 4
2 785 3
2 786 4
2 787 4
2 274 4
2 788 5
2 104 3
2 789 3
2 790 4
2 791 2
2 792 1
2 793 4
2 794 3
2 795 2
2 796 4
2 312 5
2 797 3
2 798 4
2 799 5
2 800 2
2 801 5
2 802 4
2 803 5
2 804 3
2 805 5
2 252 4
2 806 4
2 807 3
2 808 4
2 809 4
2 810 2
2 811 5
2 812 5
2 813 5
2 814 5
2 815 4
2 816 5
2 817 4
2 818 3
2 819 4
2 820 4
2 821 4
2 822 4
2 823 4
2 824 5
2 825 3
2 826 4
2 827 5
2 828 5
2 829 1
2 830 5
2 831 4
2 288 4
2 832 1
2 833 3
2 834 4
2 835 4
2 836 1
2 837 5
2 838 4
2 839 4
2 840 5
2 841 5
2 842 5
2 280 5
2 843 5
2 844 4
2 845 4
2 143 4
2 846 5
2 847 4
2 848 3
2 849 4
2 850 5
2 281 5
2 286 5
2 851 5
2 852 4
2 853 4
2 854 3
2 855 5
2 56 5
2 856 4
2 323 5
2 857 2
2 858 4
2 859 4
2 860 5
2 861 4
2 862 5
2 863 1
2 864 4
2 865 5
2 866 4
2 867 5
2 226 5
2 868 4
2 62 4
2 869 4
2 319 5
2 870 5
2 871 5
2 872 5
2 873 5
2 874 4
2 875 5
2 876 4
2 877 5
2 878 3
2 879 1
2 880 4
2 881 4
2 882 5
2 550 5
2 883 5
2 884 5
2 885 5
2 886 1
2 887 4
2 888 1
2 889 3
2 890 5
2 891 4
2 892 2
2 485 4
2 893 5
2 894 4
2 895 5
2 896 5
2 897 1
2 898 4
2 899 3
2 900 5
2 901 5
2 902 4
2 903 5
2 904 5
2 905 4
2 906 4
2 907 5
2 908 2
2 909 1
2 910 5
2 246 5
2 911 4
2 912 4
2 913 4
2 914 4
2 915 5
2 916 4
2 917 5
2 918 3
2 919 5
2 920 1
2 921 5
2 922 3
2 923 5
2 924 5
2 925 5
2 926 3
2 927 5
2 928 3
2 929 3
2 930 4
2 931 3
2 932 5
2 26 4
2 933 5
2 934 5
2 935 4
2 936 4
2 937 5
2 938 4
2 939 4
2 940 4
2 941 5
2 942 5
2 943 4
2 944 3
2 945 4
2 946 5
2 947 5
2 948 5
2 949 5
2 950 4
2 951 5
2 952 5
2 953 5
2 954 5
2 955 5
2 956 4
2 957 5
2 958 5
2 959 4
2 960 5
2 961 5
2 962 3
2 963 5
2 964 5
2 965 5
2 966 5
2 967 4
2 968 5
2 969 5
2 970 4
2 971 5
2 972 5
2 973 4
2 974 4
2 975 4
2 976 5
2 977 5
2 978 4
2 979 5
2 980 5
2 981 4
2 982 5
2 895 5
2 983 5
2 984 5
2 985 5
2 986 4
2 987 5
2 988 5
2 989 3
2 990 3
2 991 4
2 992 5
2 993 5
2 994 4
2 995 5
2 996 5
2 997 4
2 998 3
2 999 5
2 1000 4
2 1001 4
2 1002 5
2 1003 2
2 1004 4
2 1005 5
2 1006 5
2 1007 3
2 1008 5
2 1009 4
2 1010 4
2 1011 4
2 1012 5
2 1013 5
2 1014 4
2 1015 4
2 1016 4
2 1017 5
2 239 5
2 1018 4
2 1019 4
2 1020 5
2 1021 5
2 1022 4
2 1023 4
2 1024 3
2 1025 1
2 1026 5
2 1027 4
2 317 5
2 1028 5
2 1029 4
2 1030 5
2 1031 4
2 1032 3
2 295 5
2 1033 4
2 1034 5
2 1035 5
2 1036 2
2 1037 5
2 1038 5
2 1039 4
2 1040 5
2 1041 4
2 1042 4
2 1043 5
2 1044 5
2 1045 4
2 1046 5
2 1047 5
2 1048 5
2 1049 5
2 1050 5
2 1051 5
2 1052 4
2 1053 3
2 1054 4
2 1055 4
2 1056 4
2 1057 3
2 1058 5
2 1059 5
2 1060 4
2 1061 5
2 1062 5
2 1063 4
2 1064 4
2 1065 5
2 1066 4
2 1067 5
2 1068 4
2 1069 5
2 1070 5
2 1071 2
2 1072 3
2 1073 5
2 1074 5
2 1075 4
2 1076 5
2 1077 4
2 1078 3
2 1079 4
2 1080 4
2 1081 4
2 1082 3
2 1083 5
2 1084 3
2 1085 2
2 1086 5
2 1087 4
2 1088 5
2 1089 4
2 1090 5
2 1091 5
2 102 5
2 1092 5
2 1093 5
2 1094 5
2 1095 4
2 1096 2
2 1097 3
2 143 5
2 1098 4
2 1099 4
2 1100 5
2 1101 5
2 1102 5
2 1103 1
2 1104 5
2 1105 4
2 1030 5
2 1106 4
2 1107 5
3 1108 5
3 312 4
3 1109 2
3 1110 4
3 1111 5
3 1112 4
3 1113 3
3 1114 3
3 1115 4
3 1116 4
3 1117 3
3 1118 5
3 1119 4
3 383 3
3 412 5
3 473 5
3 1120 5
3 392 3
3 1121 4
3 1122 5
3 1123 5
3 396 4
3 1124 4
3 1125 5
3 1126 5
3 1127 2
3 379 5
3 1128 5
3 1129 3
3 1130 5
3 1131 3
3 458 5
3 1132 2
3 1133 3
3 1134 5
3 1135 4
3 1136 4
3 1137 5
3 1138 3
3 1139 3
3 1140 5
3 1141 4
3 436 4
3 1142 5
3 1143 4
3 373 5
3 1144 4
3 1145 1
3 408 4
3 1146 4
3 1147 4
3 1148 5
3 1149 4
3 1150 4
3 1151 5
3 552 1
3 1152 3
3 1153 5
3 1154 2
3 1155 3
3 1156 5
3 1157 4
3 1158 4
3 1159 1
3 1160 4
3 1161 4
3 383 2
3 1162 5
3 1163 2
3 1164 4
3 1165 5
3 1166 3
3 1167 3
3 1168 1
3 1169 3
3 1170 5
3 1171 4
3 1172 4
3 1173 5
3 1174 5
3 1175 1
3 1176 4
3 414 4
3 440 3
3 462 4
3 417 4
3 469 5
3 1177 5
3 1178 4
3 1179 2
3 1180 5
3 1181 4
3 1182 3
3 1183 4
3 1184 3
3 1185 4
3 1186 4
3 1187 1
3 1188 3
3 1189 4
3 428 5
3 1190 1
3 1191 5
3 164 5
3 1192 5
3 1193 5
3 1194 4
3 1195 4
3 1196 5
3 1197 3
3 1198 4
3 1199 5
3 1200 5
3 1201 4
3 1202 5
3 1203 5
3 525 1
3 541 4
3 1204 4
3 418 3
3 402 4
3 1205 3
3 1206 4
3 1207 5
3 1208 1
3 1209 4
3 1210 4
3 1211 3
3 1168 1
3 1161 4
3 1212 3
3 510 4
3 1213 4
3 1214 4
3 1215 5
3 1216 5
3 1217 3
3 1218 4
3 481 4
3 426 5
3 333 4
3 1219 5
3 1220 4
3 1221 5
3 1222 3
3 1223 5
3 1224 3
3 1225 3
3 1226 5
3 1227 1
3 634 1
3 1228 1
3 525 2
3 596 4
3 340 4
3 551 1
3 1229 3
3 1230 4
3 1003 5
3 1231 4
3 1232 4
3 762 4
3 1233 3
3 427 4
3 1234 4
3 1235 5
3 1236 4
3 1237 3
3 1238 5
3 1239 4
3 1240 1
3 1241 5
3 1242 5
3 1243 5
3 704 5
3 1244 4
3 1245 5
3 1246 1
3 1247 3
3 276 3
3 1248 4
3 1249 1
3 1250 5
3 934 5
3 1251 4
3 1252 5
3 1253 3
3 1254 4
3 1255 1
3 1256 2
3 1257 5
3 1258 5
3 1259 4
3 1260 4
3 1261 5
3 1262 5
3 1263 4
3 1264 5
3 843 5
3 1265 5
3 1266 4
3 1267 3
3 1268 5
3 673 5
3 1110 1
3 1269 5
3 829 5
3 740 5
3 792 4
3 1270 3
3 1271 5
3 832 4
3 1272 4
3 1273 4
3 1235 5
3 1274 4
3 1275 1
3 722 5
3 1276 4
3 309 3
3 196 4
3 732 4
3 751 4
3 609 4
3 1277 5
3 1278 5
3 473 5
3 1279 1
3 1280 5
3 104 5
3 323 5
3 1281 5
3 1282 1
3 1201 5
3 473 5
4 814 5
4 1283 1
4 1284 5
4 1285 4
4 446 1
4 1286 4
4 1235 5
4 1184 5
4 1287 4
4 1288 1
4 1289 3
4 489 5
4 1290 5
4 679 5
4 1291 4
4 1292 5
4 1293 5
4 1294 1
4 1295 5
4 1296 5
4 535 1
4 1297 4
4 1298 2
4 1299 4
4 673 3
4 1300 1
4 1301 3
4 1302 5
4 174 5
4 217 5
4 1303 1
4 1304 5
4 609 5
4 1305 4
4 1306 1
4 278 1
4 1307 4
4 1308 5
4 1309 5
4 712 5
4 1310 1
4 1311 4
4 1312 4
4 1313 1
4 1314 5
4 1315 5
4 1316 1
4 1317 5
4 1318 5
4 1319 5
4 1320 5
4 1321 5
4 1322 2
4 1323 5
4 1324 3
4 1278 4
4 1325 3
4 1326 4
4 1327 4
4 1328 5
4 1329 5
4 1330 1
4 1331 4
4 1332 5
4 1333 4
4 1334 5
4 1335 3
4 824 5
4 1336 3
4 1337 4
4 196 3
4 1338 3
4 1339 5
4 1340 5
4 858 5
4 1341 5
4 780 5
4 1342 1
4 1343 5
4 1344 5
4 1345 5
4 1346 3
4 424 3
4 759 1
4 1347 5
4 1348 2
4 1349 5
4 1350 5
4 1351 5
4 1352 5
4 1353 5
4 1354 5
4 1355 5
4 864 5
4 1356 5
4 1357 5
4 740 3
4 1358 1
4 1359 5
4 1360 1
4 1361 4
4 720 3
4 1362 5
4 1363 4
4 305 5
4 1364 4
4 735 5
4 1365 5
4 309 5
4 319 5
4 1366 5
4 1367 4
4 1368 3
4 1369 5
4 1370 5
4 1371 5
4 1372 1
4 1373 5
4 1374 3
4 1375 3
4 28 5
4 1376 5
4 1377 5
4 1378 5
4 1379 4
4 1380 2
4 1381 5
4 1382 5
4 738 2
4 741 5
4 1383 5
4 739 3
4 801 5
4 1384 1
4 1385 5
4 191 5
4 1386 3
4 1387 3
4 1388 5
4 1389 5
4 258 5
4 1390 5
4 1391 4
4 1392 1
4 1393 5
4 211 5
4 753 5
4 1394 2
4 1395 4
4 1396 5
4 1397 5
4 504 4
4 710 5
4 1398 5
4 1399 5
4 1267 3
4 829 5
4 1400 3
4 751 3
4 1401 3
4 732 3
4 1402 5
4 1403 2
4 1404 5
4 1405 5
4 1406 4
4 1407 4
4 716 4
4 535 4
4 1408 5
4 1409 1
4 1410 5
4 1275 1
4 1411 5
4 230 4
4 1412 5
4 77 5
4 1413 3
4 836 1
4 1414 1
4 550 5
4 1415 3
4 1416 5
4 726 5
4 1263 5
4 1417 5
4 706 5
4 1418 3
4 1419 2
4 1420 5
4 772 1
4 1277 5
4 1421 2
4 1422 3
4 1423 3
4 1424 5
4 1425 5
4 1426 3
4 762 5
4 1427 5
4 1428 5
4 276 5
4 783 5
4 445 4
4 1429 5
4 312 1
4 704 5
4 1430 4
4 832 1
4 1431 5
4 1432 2
4 792 4
4 1433 4
4 1434 2
4 104 4
4 1435 5
4 1436 5
4 1437 5
4 288 1
4 323 1
4 313 3
4 728 4
4 861 5
4 1438 5
4 1439 5
4 1440 2
4 1441 1
4 1442 5
4 1443 3
4 1444 5
4 1445 5
4 1446 3
4 1447 5
4 913 5
4 1448 5
4 1449 5
4 1450 5
4 1451 5
4 1452 5
4 1453 4
4 1454 5
4 896 5
4 1455 5
4 1456 4
4 1457 1
4 1458 2
4 1459 4
4 917 3
4 1460 5
4 1461 4
4 1462 5
4 1463 4
4 1464 4
4 1465 1
4 1466 3
4 1047 5
4 1467 5
4 1468 4
4 812 5
4 1469 5
4 1470 5
4 1471 4
4 1472 4
4 1473 5
4 1474 2
4 1475 2
4 897 1
4 1476 1
4 1477 1
4 1478 5
4 1479 4
4 1480 1
4 1481 2
4 1482 5
4 1483 5
4 1484 4
4 1485 5
4 1486 5
4 1487 5
4 1488 5
4 1489 5
4 1060 5
4 1490 5
4 1491 5
4 1028 5
4 1492 4
4 1493 5
4 1494 1
4 1495 5
4 1496 4
4 1497 4
4 1498 5
4 1499 4
4 1500 4
4 1501 4
4 1502 5
4 1503 3
4 1504 5
4 906 4
4 1505 5
4 1506 4
4 1507 5
4 1508 4
4 978 2
4 979 5
4 900 5
4 901 5
4 1509 5
4 1510 5
4 1511 4
4 1512 3
4 1513 5
4 1514 5
4 1515 5
4 1516 5
4 1517 5
4 1518 4
4 1519 5
4 1520 4
4 1521 5
4 1522 5
4 934 5
4 1523 4
4 1524 4
4 1525 5
4 1526 5
5 1527 3
5 1528 2
5 1529 4
5 1157 4
5 1530 4
5 1531 2
5 1532 5
5 1533 3
5 1534 5
5 1535 1
5 1536 1
5 1537 1
5 1538 4
5 1539 3
5 1540 2
5 1541 5
5 1542 3
5 1543 3
5 1544 5
5 1545 3
5 1546 5
5 1547 5
5 1548 5
5 1549 3
5 1550 3
5 1551 5
5 1552 5
5 1553 5
5 1554 3
5 1555 4
5 1556 3
5 1557 5
5 1558 4
5 1559 4
5 1560 5
5 1561 3
5 604 4
5 1562 4
5 1563 4
5 1564 3
5 1565 5
5 1566 4
5 1567 3
5 1568 4
5 1278 3
5 1569 4
5 1570 4
5 1571 4
5 1572 4
5 1573 5
5 1574 4
5 1575 4
5 1576 5
5 1577 4
5 1578 3
5 392 5
5 1579 2
5 1580 4
5 1581 3
5 1582 5
5 1583 4
5 1584 1
5 1585 5
5 1586 5
5 1587 5
5 1588 2
5 1589 4
5 1590 4
5 118 4
5 1591 1
5 1592 5
5 1593 5
5 1594 4
5 1595 5
5 1596 1
5 120 3
5 1597 5
5 1127 3
5 1598 4
5 1599 5
5 977 5
5 1600 4
5 1601 4
5 1602 4
5 1603 3
5 1604 5
5 1605 3
5 1606 3
5 1607 4
5 1608 5
5 1609 3
5 167 3
5 1610 3
5 1611 5
5 1210 5
5 708 3
5 1612 5
5 1613 2
5 1614 5
5 1615 3
5 1616 1
5 1180 4
5 1617 3
5 1618 4
5 1619 5
5 1620 4
5 1621 3
5 308 4
5 1622 4
5 1178 2
5 80 4
5 1623 5
5 989 4
5 1624 3
5 1625 4
5 1626 4
5 1627 4
5 1628 3
5 1629 4
5 1630 5
5 633 5
5 766 3
5 1631 4
5 1632 4
5 1409 3
5 1633 4
5 1634 1
5 1635 5
5 245 5
5 1636 4
5 1637 4
5 1226 3
5 673 4
5 1638 5
5 1639 4
5 1640 5
5 1641 5
5 1642 5
5 1643 3
5 1644 5
5 1645 4
5 1646 4
5 1300 4
5 1647 5
5 1648 4
5 1649 2
5 1650 3
5 1651 4
5 1652 4
5 1653 5
5 1654 4
5 1655 4
5 1419 3
5 1656 4
5 1657 5
5 1658 4
5 1659 4
5 1660 3
5 1661 3
5 99 5
5 740 3
5 1662 4
5 1663 4
5 1664 5
5 1356 4
5 1288 4
5 1665 4
5 1666 5
5 1667 3
5 1668 4
5 1669 5
5 109 5
5 710 3
5 1670 5
5 88 4
5 1671 4
5 1672 4
5 1673 4
5 1674 5
5 1675 5
5 1676 4
5 1677 4
5 1678 5
5 1679 5
5 1680 3
5 1681 5
5 1682 3
5 1683 3
5 1277 4
5 1684 4
5 1685 5
5 1686 5
5 115 5
5 741 3
5 1687 4
5 76 5
5 1688 5
5 1689 4
5 1690 3
5 1691 4
5 1276 5
5 1692 4
5 645 4
5 1693 4
5 1694 4
5 1695 4
5 1696 3
5 1697 4
5 1698 5
5 1699 4
5 1700 4
5 1701 4
5 738 4
5 1702 3
5 1703 4
5 127 4
5 735 3
5 196 5
5 1704 4
5 1705 5
5 1706 4
5 1707 2
5 142 5
5 1708 4
5 1709 5
5 1710 4
5 280 5
5 1386 2
5 1711 4
5 1712 5
5 1713 4
5 1714 3
5 1427 5
5 1387 5
5 1715 5
5 1716 4
5 759 4
5 1717 5
5 1718 2
5 158 4
5 28 4
5 1719 4
5 1720 3
5 4 4
5 1721 5
5 762 4
5 1722 5
5 1723 5
5 1724 4
5 1354 4
5 1725 4
5 1726 2
5 1727 4
5 1728 4
5 104 4
5 1729 4
5 1049 4
5 1730 5
5 792 4
5 134 5
5 1731 4
5 732 4
5 1732 4
5 24 4
5 1393 5
5 312 4
5 1733 4
5 1734 4
5 1735 5
5 1736 3
5 1306 4
5 1737 4
5 1738 4
5 712 4
5 186 4
5 1739 5
5 1740 5
5 1741 3
5 1742 5
5 1743 4
5 1449 5
5 739 4
5 1744 4
5 1745 4
5 1746 5
5 699 4
5 704 5
5 934 4
5 829 4
5 1747 4
5 1748 4
5 1749 5
5 139 5
5 772 4
5 1750 5
5 1003 3
5 1751 4
5 1752 3
5 1753 4
5 1754 4
5 1755 5
5 1756 4
5 276 5
5 1395 5
5 1432 4
5 868 4
5 1757 4
5 832 4
5 1758 5
5 1759 4
5 1760 3
5 1761 4
5 1762 4
5 706 4
5 1763 4
5 961 5
5 288 5
5 1332 4
5 1764 4
5 1765 4
5 1766 4
5 172 5
5 323 4
5 1767 4
5 1768 4
5 1769 4
5 313 4
5 1770 5
5 258 4
5 1771 4
5 1392 4
5 1772 4
5 1773 4
5 695 4
5 1774 4
5 1772 4
5 1775 4
5 728 4
5 1776 4
5 1777 4
5 1136 4
5 1778 3
5 1779 4
5 1780 4
6 1781 5
6 1782 5
6 1783 5
6 1784 5
6 1785 5
6 206 5
6 1786 5
6 1787 5
6 1788 5
6 38 5
6 1789 5
6 1448 5
6 1790 4
6 1791 5
6 347 2
6 1792 4
6 1793 5
6 379 5
6 1794 5
6 1795 5
6 1796 5
6 1797 5
6 1798 5
6 1799 5
6 1800 5
6 1801 4
6 1802 5
6 707 5
6 1803 5
6 1804 5
6 1805 5
6 1806 5
6 1807 5
6 1808 5
6 1809 5
6 1810 5
6 235 5
6 1811 5
6 1812 5
6 512 5
6 1813 5
6 1814 3
6 1815 5
6 1816 5
6 1817 4
6 1818 5
6 553 5
6 1819 3
6 1820 5
6 374 5
6 391 5
6 385 5
6 354 5
6 546 5
6 1821 5
6 1822 5
6 1823 5
6 832 5
6 1122 5
6 1824 5
6 1825 5
6 1826 4
6 1827 5
6 1828 5
6 1829 5
6 1830 4
6 1831 5
6 1832 4
6 1833 4
6 1589 5
6 1834 3
6 1835 5
6 1836 4
6 1837 5
6 542 5
6 1838 1
6 1839 5
6 1840 5
6 1841 5
6 1842 5
6 205 5
6 1843 5
6 1844 4
6 1845 5
6 1846 5
6 1847 5
6 1848 5
6 1849 5
6 457 5
6 1850 5
6 1851 5
6 1852 5
6 1853 5
6 1854 5
6 467 5
6 1855 5
6 1134 5
6 1856 5
6 999 5
6 1857 3
6 1858 5
6 1859 5
6 1860 5
6 1861 5
6 1862 5
6 1863 5
6 1864 5
6 1865 4
6 1284 4
6 1866 3
6 1867 4
6 468 5
6 496 5
6 639 5
6 1868 5
6 433 2
6 1869 2
6 578 5
6 554 5
6 1870 5
6 1871 5
6 1872 5
6 534 5
6 1873 5
6 1874 5
6 1875 5
6 1876 5
6 1877 5
6 1878 3
6 1879 5
6 1617 1
6 1652 5
6 1880 5
6 1881 5
6 1882 5
6 1883 5
6 1884 1
6 1885 5
6 1886 5
6 1887 5
6 223 5
6 245 5
6 1888 4
6 1889 5
6 1890 5
6 1891 5
6 1892 5
6 1893 5
6 1894 5
6 1895 5
6 1896 5
6 1897 5
6 1898 5
6 57 5
6 1899 5
6 1900 5
6 1901 5
6 714 5
6 1902 5
6 1903 5
6 1904 5
6 1905 5
6 1906 5
6 1907 5
6 1908 4
6 1909 5
6 1910 5
6 1911 5
6 1912 5
6 1913 4
6 1914 5
6 204 5
6 1915 4
6 1916 5
6 1917 5
6 1918 5
6 826 5
6 1919 5
6 1920 5
6 1921 5
6 1922 5
6 1923 5
6 611 5
6 1769 5
6 1924 5
6 1925 5
6 1926 5
6 1927 5
6 538 5
6 1928 5
6 1929 5
6 1930 5
6 1931 5
6 1932 5
6 1933 4
6 1934 4
6 83 5
7 1935 1
7 757 5
7 1936 5
7 1937 4
7 1395 5
7 536 4
7 1938 4
7 1540 4
7 1557 2
7 1759 4
7 1939 5
7 1940 5
7 1288 1
7 1941 4
7 1942 3
7 1943 4
7 1944 5
7 1945 4
7 1563 5
7 1397 5
7 1946 4
7 1947 3
7 1948 1
7 1567 1
7 832 5
7 609 5
7 1949 3
7 1535 1
7 1391 5
7 1950 4
7 1588 2
7 1542 5
7 759 3
7 1328 5
7 1603 1
7 1682 5
7 704 4
7 1951 4
7 309 3
7 1650 5
7 1952 1
7 1684 5
7 1673 3
7 1953 3
7 1624 2
7 886 1
7 1954 5
7 1955 5
7 1956 1
7 1957 4
7 1900 4
7 1958 1
7 992 4
7 1959 4
7 1636 2
7 1441 3
7 1960 3
7 699 1
7 1961 4
7 1962 5
7 1963 2
7 1665 4
7 656 4
7 1278 4
7 1964 3
7 1965 3
7 1774 5
7 1350 4
7 1966 4
7 1967 4
7 1968 5
7 772 1
7 313 5
7 1969 5
7 1306 1
7 1766 5
7 1970 3
7 775 4
7 1971 5
7 1972 3
7 1973 5
7 1974 2
7 1457 2
7 728 3
7 1975 4
7 1217 5
7 1976 3
7 1761 4
7 1977 5
7 673 5
7 1978 5
7 671 2
7 167 5
7 1979 3
7 1980 5
7 174 5
7 753 5
7 1304 4
7 1981 5
7 1982 5
7 1983 5
7 1984 5
7 251 5
7 755 1
7 1985 4
7 695 5
7 814 4
7 610 5
7 1986 5
7 1419 1
7 650 1
7 829 5
7 1987 5
7 732 5
7 1988 5
7 1408 5
7 217 1
7 288 3
7 258 5
7 1989 4
7 1331 5
7 1990 5
7 1991 5
7 1992 4
7 1414 1
7 312 3
7 735 5
7 278 5
7 780 1
7 28 4
7 1460 5
7 712 5
7 726 5
7 276 4
7 734 5
7 1993 1
7 1994 5
7 196 5
7 1995 3
7 762 3
7 792 5
7 1996 5
7 104 1
7 710 4
7 706 1
7 740 3
7 323 5
7 738 5
7 766 3
7 211 1
7 322 5
7 739 3
7 761 5
7 741 5
7 1335 1
7 716 5
7 1997 5
7 1275 1
7 1998 1
8 1999 5
8 1372 5
8 2000 4
8 2001 5
8 2002 5
8 2003 4
8 599 5
8 2004 5
8 2005 5
8 2006 5
8 2007 4
8 1153 5
8 2008 3
8 2009 5
8 2010 5
8 1048 5
8 2011 5
8 911 5
8 17 5
8 2012 4
8 2013 5
8 2014 5
8 2015 5
8 2016 5
8 609 5
8 2017 5
8 1561 5
8 2018 5
8 2019 2
8 2020 5
8 2021 5
8 601 5
8 2022 5
8 2023 5
8 2024 5
8 2025 5
8 2026 5
8 2027 5
8 2028 5
8 2029 5
8 587 5
8 2030 4
8 1562 5
8 345 5
8 2031 5
8 2032 5
8 2033 5
8 2034 5
8 906 4
8 2035 5
8 2036 5
8 2037 5
8 2038 5
8 2039 5
8 2040 5
8 2041 5
8 2042 5
8 2043 5
8 1638 5
8 2044 5
8 2045 2
8 1590 5
8 2046 5
8 2047 5
8 2048 5
8 2049 5
8 2050 5
8 1069 5
8 2051 5
8 2052 5
8 2053 5
8 2054 5
8 2055 5
8 632 5
8 2056 5
8 2057 2
8 101 5
8 2058 5
8 1538 4
8 1864 3
8 2059 3
8 2060 5
8 2061 5
8 2062 5
8 1623 5
8 2063 5
8 2064 5
8 2065 5
8 950 5
8 2066 4
8 2067 2
8 2068 5
8 2069 5
8 2070 5
8 2071 3
8 2072 5
8 539 5
8 5 5
8 2073 5
8 2074 5
8 2075 5
8 2076 4
8 2077 5
8 2078 5
8 769 5
8 2079 5
8 225 5
8 2080 5
8 2081 3
8 2082 5
8 2083 5
8 2084 5
8 1972 4
8 2085 5
8 182 5
8 1584 5
8 2086 3
8 2087 5
8 2088 5
8 2089 5
8 1658 5
8 2090 5
8 2091 4
8 2092 4
8 2093 5
8 2094 4
8 2095 5
8 322 3
8 2096 5
8 2097 5
8 832 5
8 673 5
8 2098 5
8 2099 5
8 2100 5
8 1410 5
8 2101 5
8 2102 5
8 2103 5
8 112 5
8 837 5
8 394 5
8 2104 5
8 313 5
8 2105 5
8 2106 5
8 258 5
8 2107 1
8 2108 5
8 1606 5
8 2109 5
8 2110 5
8 2111 5
8 2112 5
8 2113 4
8 2114 5
8 2115 5
8 115 5
8 2116 5
8 2117 5
8 2118 5
8 2119 5
8 1920 5
8 2120 5
8 2121 5
8 1145 5
8 2122 5
8 2123 4
8 2124 4
8 41 5
8 1620 4
8 436 5
8 462 5
8 2125 4
8 2126 4
8 2127 5
8 642 5
8 1172 4
8 1615 3
8 1351 5
8 2128 4
8 628 2
8 198 5
8 1617 4
8 1284 3
8 1648 4
8 2129 4
8 2130 4
8 2131 3
8 2132 4
8 2133 5
8 2134 5
8 626 4
8 2135 4
8 2136 5
8 2137 5
8 2138 5
8 2139 4
8 1408 4
8 974 4
8 2140 5
8 1639 5
8 2141 5
8 2142 4
8 1650 4
8 1263 5
8 2143 4
8 2144 4
8 2145 5
8 1673 4
8 2146 4
8 1764 4
8 2147 4
8 2148 4
8 2149 4
8 2150 4
8 149 4
8 2151 5
8 1213 5
8 2152 2
8 1391 5
8 1954 4
8 2153 5
8 441 4
8 1262 5
8 607 5
8 1744 4
8 120 4
8 2154 3
8 2155 5
8 2156 5
8 2157 4
8 1678 4
8 2158 5
8 954 5
8 1746 5
8 134 4
8 1265 5
8 659 5
8 2159 5
8 2160 5
9 1150 5
9 2161 3
9 2162 4
9 595 5
9 2163 3
9 2164 4
9 2165 4
9 1913 4
9 2166 4
9 638 5
9 2167 5
9 2168 2
9 150 5
9 2169 3
9 1141 3
9 2170 3
9 2171 5
9 1229 2
9 2172 5
9 2173 4
9 349 5
9 2174 4
9 2175 2
9 2176 4
9 1865 2
9 2177 4
9 391 4
9 2178 5
9 1815 5
9 2179 3
9 2180 4
9 2181 2
9 2182 5
9 2183 3
9 2184 5
9 554 5
9 2185 4
9 2186 3
9 2187 4
9 2188 3
9 2189 2
9 2190 5
9 2191 4
9 2192 4
9 479 3
9 2193 3
9 2194 2
9 1833 4
9 2195 4
9 2196 4
9 2197 5
9 2198 4
9 1182 4
9 2199 5
9 2200 4
9 2201 3
9 2202 5
9 624 5
9 2203 5
9 2204 5
9 18 3
9 2205 4
9 2206 4
9 2207 5
9 2208 5
9 2209 3
9 2210 1
9 2211 5
9 2212 5
9 356 5
9 2213 4
9 2214 5
9 2215 5
9 2216 3
9 2217 4
9 2218 3
9 2015 3
9 2219 4
9 2220 4
9 2221 5
9 2222 4
9 2223 5
9 2224 4
9 1809 5
9 2225 3
9 2226 4
9 2227 4
9 2228 5
9 2229 3
9 2230 2
9 2231 5
9 506 1
9 2232 2
9 399 3
9 2233 4
9 2234 5
9 2235 4
9 2236 5
9 5 5
9 2237 3
9 2238 4
9 2239 5
9 2240 5
9 1901 3
9 2241 4
9 2242 3
9 2243 5
9 2244 4
9 2245 5
9 2246 4
9 375 4
9 376 3
9 2247 4
9 2248 4
9 2249 4
9 2250 4
9 2251 5
9 2252 5
9 2253 3
9 1404 3
9 2254 4
9 2255 5
9 2256 4
9 2257 4
9 2020 4
9 2258 5
9 2259 3
9 2260 3
9 436 4
9 1157 4
9 2261 4
9 748 4
9 2262 3
9 2263 4
9 2264 5
9 2265 4
9 1132 4
9 470 2
9 2266 4
9 2267 2
9 2268 2
9 2269 5
9 468 5
9 2270 3
9 2271 4
9 2272 3
9 2273 4
9 2274 5
9 1564 4
9 2275 5
9 2276 4
9 2277 2
9 2278 5
9 2279 4
9 2280 4
9 2281 3
9 1238 2
9 2282 3
9 2283 4
9 1803 5
9 2284 3
9 2285 4
9 2286 3
9 2287 3
9 2288 5
9 2289 4
9 2290 4
9 2291 4
9 2292 4
9 2293 4
9 2294 5
9 2295 3
9 675 3
9 521 3
9 2296 4
9 2297 5
9 2298 5
9 2022 5
9 2299 4
9 2300 2
9 2301 4
9 474 5
9 2302 5
9 2303 3
9 386 5
9 2304 3
9 413 3
9 2305 4
9 2306 5
9 2307 4
9 2308 4
9 2309 5
9 2310 4
9 2311 3
9 2312 4
9 2313 5
9 1817 4
9 2314 4
9 2315 4
9 1448 5
9 2316 4
9 1148 3
9 2317 5
9 2318 4
9 1814 3
9 2319 5
9 1151 3
9 2320 4
9 2321 5
9 2322 4
9 2323 4
9 2324 4
9 2325 1
9 2326 4
9 2327 4
9 467 4
9 2328 4
9 2329 5
9 2330 5
9 2331 2
9 452 2
9 341 5
9 385 5
9 2332 3
9 2333 5
9 2334 4
9 2335 4
9 2336 3
9 2337 4
9 2338 3
9 176 5
9 2339 4
9 2340 2
9 707 4
9 2341 4
9 2342 4
9 374 3
9 2343 5
9 2344 3
9 2345 5
9 2058 5
9 2346 4
9 2347 5
9 2348 5
9 2349 4
9 1518 4
9 2350 4
9 2351 4
9 2352 4
9 2353 5
9 441 5
9 2354 5
9 686 5
9 773 4
9 2355 4
9 1152 3
9 2356 4
9 867 4
9 2357 3
9 2358 3
9 2359 5
9 945 4
9 2360 5
9 1831 3
9 2361 5
9 2362 4
9 2363 4
9 2364 5
9 1694 4
9 2365 3
9 2366 4
9 359 4
9 2367 4
9 392 4
9 2368 4
9 379 5
9 2369 4
9 1128 5
9 2370 4
9 2371 1
9 2080 5
9 2372 5
9 2373 2
9 2374 4
9 1302 4
9 602 4
9 403 5
9 2375 2
9 719 4
9 2376 4
9 2377 3
9 405 5
9 2378 5
9 2379 2
9 2380 5
9 2381 3
9 2382 4
9 2383 4
9 1820 5
9 2384 4
9 2099 4
9 2385 4
9 420 4
9 2386 4
9 2387 4
9 2388 3
9 2389 3
9 1799 4
9 2390 3
9 466 4
9 2391 4
9 2392 4
9 1122 4
9 569 4
9 2393 5
9 2394 4
9 2395 4
9 433 4
9 2396 4
9 2397 4
9 2398 4
9 2399 5
9 2400 5
9 2401 5
9 2402 3
9 2403 4
9 2404 3
9 2405 5
9 731 4
9 1308 4
9 2406 4
9 2407 1
9 2408 4
9 446 1
9 2409 5
9 2410 3
9 2411 4
9 2412 5
9 2413 5
9 2414 5
9 357 4
9 2415 3
9 401 5
9 394 4
9 2416 4
9 447 4
9 1124 3
9 2120 4
9 2417 5
9 2418 4
9 2419 5
9 2420 3
9 342 4
9 1129 3
9 1879 4
9 2421 5
9 2422 4
9 2127 3
9 2423 3
9 2424 4
9 2425 4
9 520 4
9 2426 4
9 2427 4
9 2428 5
9 409 4
9 2429 4
9 2430 4
9 2431 4
9 2432 4
9 2433 5
9 373 3
9 2434 3
9 1299 4
9 2435 5
9 2081 5
9 2436 4
9 442 5
9 2437 4
9 458 3
9 414 4
9 1159 2
9 408 4
9 2438 5
9 1826 4
9 406 4
9 2439 5
9 2440 4
9 2441 5
9 2442 5
9 2126 5
9 567 5
9 2443 4
9 2444 5
9 1787 5
9 531 5
9 2445 4
9 1839 5
9 2446 4
9 1134 5
9 2447 4
9 366 4
9 1930 5
9 2448 4
9 440 5
9 2449 3
9 2450 4
9 2451 5
9 1836 4
9 2452 5
9 1174 5
9 2453 5
9 2454 3
9 363 4
9 2455 3
9 2456 4
9 2457 4
9 571 5
9 1019 5
9 1805 5
9 2458 5
9 2459 5
9 2460 4
9 2461 5
9 2462 5
9 566 4
9 1840 5
9 1847 4
9 457 5
9 397 4
9 1198 4
9 1166 4
9 2463 5
9 2464 5
9 2465 5
9 630 5
9 501 4
9 2466 1
9 462 5
9 2467 1
9 2468 5
9 1862 5
9 2469 4
9 2470 3
9 486 4
9 2471 5
9 1621 4
9 2472 4
9 2473 4
9 2474 4
9 575 5
9 2118 2
9 2475 4
9 1208 1
9 1497 5
9 2476 4
9 498 5
9 2477 4
9 2478 4
9 2479 4
9 2480 5
9 496 5
9 2481 5
9 2482 3
9 2483 3
9 2484 5
9 1023 5
9 1853 5
9 2485 4
9 2486 5
9 2487 5
9 2488 5
9 2489 5
9 2490 5
9 2491 4
9 2492 4
9 2493 4
9 769 5
9 2494 4
9 2495 5
9 2496 5
9 654 5
9 2497 4
9 2498 3
9 2499 5
9 2500 5
9 2501 5
9 1908 5
9 518 5
9 2502 5
9 2503 2
9 2504 5
9 2505 5
9 2506 5
9 2507 5
10 2329 5
10 479 3
10 2508 2
10 2509 5
10 2510 2
10 2511 3
10 2512 5
10 2513 3
10 1565 4
10 447 3
10 1999 5
10 2212 5
10 591 4
10 2184 4
10 356 5
10 2188 1
10 2514 3
10 2515 5
10 2516 5
10 2517 1
10 2518 5
10 2191 3
10 2283 3
10 2519 4
10 2520 1
10 2521 4
10 379 4
10 2522 4
10 2523 4
10 2524 4
10 2525 4
10 1131 3
10 1817 4
10 2164 1
10 2526 5
10 2527 4
10 2528 4
10 2529 4
10 2238 4
10 2207 3
10 2530 3
10 2177 2
10 2216 3
10 2531 5
10 2176 4
10 2161 4
10 2167 4
10 420 5
10 624 2
10 374 1
10 2374 4
10 1573 5
10 397 3
10 2532 4
10 408 5
10 1597 5
10 2533 2
10 469 4
10 2370 5
10 2534 4
10 2303 4
10 413 3
10 2535 4
10 2235 3
10 2099 3
10 2536 4
10 2299 5
10 2192 5
10 2537 3
10 2538 4
10 2250 4
10 376 4
10 2222 4
10 2224 5
10 2163 4
10 2539 3
10 2221 3
10 2540 5
10 2541 4
10 2202 2
10 2542 5
10 2127 3
10 2543 4
10 2394 2
10 2324 4
10 2061 2
10 2287 3
10 1146 4
10 2544 4
10 2545 3
10 2546 3
10 2503 1
10 1151 5
10 2547 5
10 2080 4
10 2295 3
10 394 4
10 2548 5
10 2549 2
10 2550 3
10 2551 5
10 1631 5
10 2552 5
10 627 5
10 2553 4
10 1133 3
10 2554 4
10 458 5
10 2555 5
10 2556 2
10 1124 5
10 1157 4
10 1144 5
10 2557 3
10 2311 3
10 2558 4
10 469 4
10 1466 5
10 2559 4
10 2118 3
10 1614 5
10 2560 4
10 2561 3
10 2562 4
10 2563 3
10 2331 1
10 1624 3
10 628 1
10 2564 5
10 2565 4
10 1181 5
10 1197 3
10 497 5
10 1859 5
10 2402 3
10 2566 5
10 2567 1
10 2568 5
10 2569 4
10 518 4
10 531 5
10 2570 4
10 2571 5
10 2572 5
10 2573 4
10 2574 5
10 2263 5
10 2575 4
10 534 4
10 2576 3
10 2460 4
10 2577 5
10 2578 4
10 2579 3
10 1826 5
10 2580 1
10 2233 2
10 1250 4
10 2581 2
10 2582 4
10 2416 4
10 1963 3
10 2583 4
10 2459 5
10 2584 5
10 2585 5
10 1220 5
10 2397 4
10 2586 4
10 2587 4
10 2588 5
10 1626 5
10 2589 3
10 2590 5
10 2591 5
10 1252 5
10 2592 5
10 2593 4
10 2594 4
10 1683 4
10 2595 2
10 2596 5
10 2597 3
10 2598 5
10 2599 5
10 2600 2
10 2601 5
10 71 5
10 2602 3
10 2603 5
10 1714 3
10 2604 5
10 1908 5
10 2605 5
10 653 4
10 1305 5
10 2606 2
10 410 3
10 1277 5
10 2607 4
10 2442 1
10 348 5
10 2608 5
10 2609 3
10 2610 4
10 2611 4
10 2612 4
10 2613 3
10 2614 5
10 2615 4
10 2616 5
10 706 1
10 1299 4
10 1238 1
10 2292 2
10 2617 2
10 570 4
10 571 5
10 2618 5
10 2619 5
10 2342 5
10 2620 2
10 2621 5
10 675 5
10 433 4
10 2622 3
10 535 3
10 676 3
10 2623 2
10 2624 5
10 1949 5
10 671 2
10 1989 3
10 2405 5
10 2625 5
10 2626 5
10 2627 5
10 2236 3
10 2628 5
10 2629 3
10 904 2
10 278 3
10 2630 3
10 1312 3
10 2631 5
10 1310 3
10 2632 3
10 2633 5
10 2634 5
10 2635 3
10 1981 3
10 217 3
10 2636 4
10 2637 5
10 2638 3
10 2639 5
10 1984 5
10 1136 5
10 2280 3
10 2640 5
10 2641 3
10 2642 5
10 2308 4
10 2643 5
10 2644 5
10 2645 5
10 740 3
10 2646 5
10 334 1
10 2647 1
10 2648 4
10 2649 3
10 515 5
10 488 4
10 2650 4
10 2651 5
10 1154 4
10 2652 5
10 2653 4
10 2654 2
10 2655 1
10 452 1
10 2656 4
10 2657 5
10 2658 3
10 2327 5
10 2659 5
10 699 3
10 313 3
10 2660 2
10 2661 4
10 2662 4
10 843 1
10 1280 5
10 1278 4
10 2663 5
10 2664 5
10 2665 4
10 2666 4
10 2667 3
10 2668 5
10 739 3
10 2669 2
10 622 4
10 2670 4
10 2671 5
10 2672 4
10 2673 5
10 2674 4
10 1382 4
10 722 5
10 1439 2
10 2675 5
10 2676 5
10 2677 5
10 2678 3
10 2679 5
10 1497 4
10 2680 5
10 2681 5
10 2634 4
10 1830 5
10 2682 5
10 2683 3
10 757 5
10 1096 3
10 2684 4
10 2685 4
10 2686 4
10 1481 2
10 2687 4
10 2688 4
10 2689 4
10 2363 5
10 2690 4
10 2691 4
10 2692 5
10 28 5
10 2693 1
10 2694 4
10 2695 5
10 2696 4
10 2697 5
10 2698 5
10 164 5
10 1682 5
10 2699 2
10 2700 5
10 713 1
10 323 5
10 2701 5
10 2702 4
10 2703 5
10 2704 4
10 741 3
10 2705 5
10 2706 1
10 2707 5
10 2708 5
10 2709 4
10 2710 5
10 2711 5
10 759 3
10 2712 4
10 2713 4
10 837 5
10 2714 5
10 2715 5
10 2716 4
10 1363 5
10 2717 4
10 2718 5
10 723 5
10 734 5
10 2719 5
10 2720 3
10 2721 4
10 2722 4
10 2723 5
10 2724 4
10 2725 4
10 2726 5
10 2727 4
10 832 5
10 2728 4
10 1417 5
10 2729 2
10 2730 4
10 2731 5
10 2732 4
10 2733 5
10 254 5
10 2734 3
10 305 3
10 2735 5
10 309 3
10 2736 5
10 2737 4
10 309 3
10 2738 4
10 2739 4
10 309 5
10 312 5
10 280 4
10 2740 5
10 2741 5
10 2742 5
10 2743 5
10 710 3
10 2744 5
10 2745 5
10 2746 5
10 2747 5
10 1757 5
10 1311 4
10 2748 2
10 1352 5
10 2749 4
10 2750 5
10 704 3
10 2751 5
10 2752 4
10 2753 4
10 2754 5
10 2755 5
10 211 3
10 2756 5
11 2757 2
11 2758 3
11 2759 4
11 2760 5
11 2761 4
11 2213 4
11 2762 5
11 2763 4
11 2764 5
11 2765 4
11 2766 4
11 2767 4
11 2768 5
11 2769 4
11 2770 4
11 2771 3
11 2772 4
11 2773 4
11 2774 5
11 2775 3
11 1885 5
11 2776 4
11 2777 2
11 2778 4
11 2779 4
11 2780 4
11 2781 4
11 2782 5
11 2783 5
11 2784 4
11 2785 3
11 2786 4
11 2787 4
11 2788 4
11 2789 4
11 2790 4
11 2791 5
11 2792 5
11 2001 4
11 2793 5
11 2794 4
11 2795 4
11 2796 3
11 2797 5
11 2798 2
11 2799 4
11 2800 5
11 206 5
11 2801 5
11 2802 4
11 2803 4
11 2804 3
11 2805 4
11 2059 4
11 2806 5
11 235 4
11 2807 4
11 2808 5
11 2809 5
11 2810 3
11 2811 4
11 2812 3
11 2813 4
11 2814 4
11 2815 4
11 2816 4
11 2817 4
11 2818 4
11 2819 4
11 2820 5
11 2821 4
11 2822 4
11 2823 4
11 57 4
11 2824 4
11 2825 5
11 223 5
11 2826 4
11 2827 5
11 2828 5
11 1923 5
11 1547 5
11 1918 5
11 2829 5
11 312 4
11 2830 5
11 1695 4
11 2831 4
11 762 5
11 2832 3
11 2833 5
11 2834 5
11 2835 4
11 2836 2
11 2837 5
11 204 5
11 2838 4
11 2839 5
11 104 3
11 2840 4
11 2841 4
11 2842 4
11 2843 4
11 2844 4
11 1912 5
11 2845 4
11 2846 4
11 180 5
11 209 5
11 2847 5
11 2848 4
11 2849 4
11 1924 4
11 2850 5
11 1735 5
11 2257 5
11 1906 5
11 2851 5
11 191 5
11 2852 2
11 2853 5
11 1215 2
11 205 5
11 1909 5
11 2854 3
12 1305 3
12 2855 4
12 2856 4
12 2857 1
12 2548 2
12 2858 4
12 2859 2
12 2860 2
12 534 4
12 330 5
12 2217 2
12 2226 2
12 2861 4
12 592 4
12 1132 3
12 2862 3
12 379 5
12 2863 3
12 2261 3
12 600 4
12 2246 3
12 2864 2
12 2865 5
12 2866 2
12 2867 3
12 2216 2
12 1803 4
12 1146 2
12 2332 2
12 2254 1
12 1952 3
12 2868 5
12 2869 4
12 1584 3
12 2870 4
12 2871 2
12 2416 4
12 1186 5
12 1863 4
12 2872 3
12 904 3
12 2466 1
12 2873 4
12 1149 3
12 2515 4
12 1859 5
12 727 5
12 1178 3
12 1181 5
12 2569 2
12 2874 5
12 1888 4
12 1621 4
12 2875 4
12 1301 1
12 2876 5
12 2877 4
12 2878 3
12 2879 2
12 1636 1
12 2880 3
12 2881 3
12 2882 3
12 1826 4
12 326 5
12 2883 4
12 2884 5
12 2885 4
12 2886 4
12 2887 4
12 1250 4
12 1243 3
12 669 3
12 2888 5
12 2889 4
12 2890 3
12 2891 4
12 1228 2
12 2892 4
12 2647 2
12 2893 2
12 2894 3
12 2895 5
12 2896 4
12 2897 2
12 694 4
12 2898 4
12 661 1
12 2899 3
12 2096 2
12 2900 4
12 673 1
12 2901 2
12 2902 3
12 2903 4
12 1057 1
12 2904 3
12 2905 3
12 653 3
12 649 1
12 1294 5
12 2906 4
12 2907 4
12 2908 4
12 1837 4
12 2909 3
12 2910 1
12 1707 5
12 2911 3
12 2912 3
12 2913 2
12 2914 5
12 2915 4
12 2916 4
12 1766 3
12 2917 3
12 2626 4
12 2918 4
12 2919 3
12 2920 5
12 2921 5
12 2922 5
12 2923 4
12 1981 3
12 1984 3
12 843 3
12 701 4
12 2924 5
12 2925 3
12 2926 2
12 2927 2
12 2928 3
12 2929 3
12 739 3
12 217 3
12 699 3
12 2930 5
12 787 1
12 1278 5
12 2931 2
12 712 3
12 2932 1
12 312 5
12 732 5
12 715 3
12 792 3
12 2933 5
12 2934 3
12 104 3
12 278 1
12 28 3
12 759 5
12 196 3
12 2935 5
12 734 5
12 2936 2
12 1277 5
12 2937 3
12 276 5
12 735 5
12 738 5
12 2938 3
12 723 5
12 2939 5
12 762 5
12 741 1
12 305 1
12 710 5
12 2940 5
12 309 5
12 740 5
12 211 5
12 640 1
12 2941 5
12 761 5
12 775 1
12 2942 4
12 2943 4
12 2944 4
12 2945 4
12 2946 4
13 2947 4
13 2948 3
13 196 5
13 2949 4
13 2950 4
13 2951 4
13 1575 4
13 1593 3
13 2952 4
13 2953 4
13 2954 2
13 2955 5
13 278 5
13 2956 3
13 626 4
13 2957 1
13 2958 4
13 2959 1
13 2843 3
13 2960 4
13 2961 2
13 673 5
13 1395 1
13 2962 3
13 2963 2
13 80 3
13 2686 3
13 2964 2
13 2965 4
13 139 3
13 2966 4
13 558 4
13 2967 4
13 2968 2
13 2969 3
13 2970 4
13 2971 4
13 2972 2
13 2973 4
13 2974 2
13 694 4
13 759 3
13 2535 2
13 2975 4
13 792 3
13 174 3
13 2976 4
13 1427 4
13 2977 5
13 2978 3
13 288 4
13 258 3
13 2979 3
14 2980 3
14 323 5
14 196 5
14 2456 5
14 2981 4
14 258 5
14 1275 1
14 504 4
14 2169 3
14 2982 4
14 2983 4
15 2984 3
15 288 4
15 1668 1
16 2985 1
16 2986 5
16 313 4
16 2987 5
16 1707 1
16 759 4
16 323 5
16 741 5
16 2988 3
16 312 3
16 276 4
16 2989 1
16 2990 3
16 2991 2
16 2992 3
16 2993 1
16 422 2
16 2994 5
16 2995 2
16 174 3
16 2253 5
16 2996 4
16 2997 3
16 2998 3
16 309 3
16 2999 5
16 740 5
17 3000 5
17 1650 1
17 313 4
17 3001 3
17 2850 2
17 2629 4
17 1217 3
17 196 2
17 3002 5
17 1232 5
17 1665 4
17 1673 4
17 3003 3
18 3004 4
18 1895 2
18 3005 4
18 3006 4
18 3007 4
18 662 4
18 3008 4
18 3009 5
18 2048 4
18 2495 3
18 1939 4
18 3010 4
18 3011 4
18 3012 5
18 3013 4
18 3014 3
18 1819 4
18 3015 4
18 3016 4
18 912 4
18 3017 3
18 649 3
18 3018 3
18 3019 4
19 2138 4
19 3020 5
19 28 4
19 609 4
19 3021 4
19 782 1
19 832 3
19 196 4
19 261 5
19 3022 5
19 1709 5
19 3023 5
19 3024 5
19 3025 2
20 309 3
20 3026 4
20 1910 5
20 3027 5
20 1899 5
20 3028 5
21 1140 4
21 1140 4
21 3029 5
21 3030 4
21 3031 3
22 3032 5
22 2254 4
22 2211 3
22 1803 4
22 3033 5
22 3034 5
22 2882 5
22 505 4
22 3035 5
22 3036 2
22 2546 3
22 3037 3
22 2427 4
22 495 4
22 3038 4
22 759 3
22 49 5
22 3039 4
22 3040 4
22 3041 4
22 3042 5
22 2645 4
22 2277 4
22 3043 5
22 608 4
22 3044 5
22 3045 1
22 196 5
22 2985 2
22 3046 4
22 3047 5
23 3048 5
23 3049 5
23 890 4
23 3050 5
23 729 4
23 760 4
23 3051 2
23 3052 5
23 3053 4
24 3054 5
24 1395 5
24 1009 5
24 759 5
24 2709 3
24 3055 4
24 3056 5
24 829 5
24 792 5
24 312 5
24 704 5
24 313 5
24 3057 5
24 3058 5
24 3059 5
24 3060 5
24 3061 3
25 1673 5
25 1262 5
25 196 5
25 312 5
25 104 5
25 3062 5
25 3063 5
25 898 4
25 1259 5
25 3064 4
25 3065 4
25 3066 5
26 3067 5
26 3068 3
26 3069 5
26 3070 5
27 3071 4
27 3072 5
27 3073 5
27 2054 5
27 738 5
27 288 4
27 3074 4
27 3075 5
27 3076 3
27 2940 5
27 3077 2
27 2614 5
27 305 5
27 3078 4
27 2615 4
27 2613 3
27 803 5
27 762 5
27 2616 5
27 3079 2
27 3080 5
27 323 5
27 2611 5
27 258 5
27 3081 5
27 2639 4
27 761 5
27 167 5
27 3082 5
27 3083 5
27 1272 4
27 313 5
28 1975 5
28 1419 1
28 1264 5
28 706 1
28 3084 5
28 258 1
28 3085 5
28 979 3
28 1959 4
28 313 5
28 312 5
28 1350 4
28 276 5
28 288 5
28 1332 5
28 3086 3
28 211 5
28 1408 5
28 1275 5
28 309 5
28 3087 5
28 3088 1
28 3089 4
28 857 4
29 3090 5
29 718 5
29 3091 5
29 1219 5
29 3092 5
29 211 5
29 104 5
29 3093 5
29 282 5
29 3094 5
29 766 5
29 1332 3
29 792 5
29 829 3
29 2970 2
29 1395 3
29 3095 4
29 2967 5
29 832 3
29 276 5
29 704 5
29 3096 4
29 732 5
29 3097 5
29 3098 5
29 323 5
29 712 5
29 706 5
29 313 3
29 309 5
29 3099 1
29 3100 5
29 3101 5
29 258 3
29 3102 5
29 3103 3
29 3104 5
29 979 5
29 2686 4
29 3105 2
29 3106 5
29 2950 5
29 772 5
29 3107 2
29 3108 2
29 3109 5
29 3110 4
29 3111 4
29 3112 2
29 710 5
29 3113 2
29 1060 5
29 3114 5
29 3115 5
29 3116 5
29 3117 5
29 312 5
29 3118 5
29 196 5
29 3119 5
29 3120 5
29 741 5
29 3121 2
29 1403 5
29 28 5
29 3122 5
29 723 5
29 288 5
29 3123 5
29 3124 5
29 3125 5
29 3126 1
29 900 5
29 3127 5
29 3128 5
29 2951 5
29 3129 5
30 3130 5
30 2555 1
30 2636 4
30 3131 2
30 3132 1
30 3133 4
31 1216 5
31 1230 5
31 429 5
31 380 5
31 3134 5
31 3135 5
31 3136 4
31 1007 4
31 3137 5
31 3138 5
31 3139 5
32 1655 4
32 710 5
32 276 5
32 323 5
32 1318 5
32 843 5
32 661 5
32 728 5
32 881 5
32 3140 5
32 832 4
32 909 3
32 1939 4
32 1772 5
32 678 5
32 196 5
32 3141 5
33 3142 2
33 3143 3
33 3144 4
33 3145 4
33 2277 5
33 1945 5
33 3146 5
34 1767 4
34 3147 5
34 3148 4
34 3149 4
34 309 4
34 712 2
34 741 4
34 3150 4
35 3151 2
35 746 5
35 853 5
36 814 1
36 1765 1
36 56 5
36 934 5
36 3152 1
37 3153 4
37 3154 5
37 3155 4
37 2623 3
37 3156 5
37 2655 3
37 3157 4
37 3158 3
37 3159 5
37 3160 5
38 1263 5
38 3161 4
38 525 4
38 3162 5
38 3163 5
38 3164 5
38 3165 5
38 3166 5
38 3167 4
39 3168 3
39 3169 5
39 1826 5
39 1875 4
39 2472 5
39 3170 4
39 3065 2
40 3171 4
40 3172 4
40 2858 3
40 3173 5
40 3174 5
40 3175 4
40 1657 4
40 2981 4
40 1329 4
40 3176 4
40 3177 5
40 3178 5
40 3179 5
40 3180 4
40 2592 5
40 3181 4
41 339 2
41 3182 4
41 2813 5
42 2547 5
42 3183 5
42 627 5
43 3184 5
43 3165 5
43 2592 5
43 3185 4
43 3186 5
44 2914 4
44 3187 5
44 2507 5
44 3188 5
44 3189 5
45 3190 4
45 3191 1
45 3192 3
45 3193 4
45 1012 2
45 3194 4
45 3195 4
45 3196 4
45 3197 2
45 3198 3
45 3199 3
45 3163 5
45 3200 5
45 3201 5
45 2067 5
46 3202 5
46 3203 5
46 3204 5
46 3205 5
46 3206 4
47 2476 5
47 1594 5
47 3207 5
47 3177 5
47 3208 1
47 3203 5
47 1365 5
47 3209 4
47 3210 5
47 3211 5
48 2030 3
48 3212 5
48 2017 4
48 628 5
48 3213 1
48 3214 5
48 3215 5
48 2482 4
48 3216 5
48 3217 5
48 3218 3
48 661 5
48 211 5
48 3219 5
48 1040 5
48 3220 3
48 1832 5
48 2928 4
48 1292 5
48 3221 5
48 3222 5
48 1362 5
48 3207 5
48 626 5
48 3223 5
49 3224 5
49 3225 5
49 3226 5
49 3227 4
49 3228 5
50 3229 1
50 3230 5
50 309 5
50 706 4
50 1650 4
50 2059 5
50 1328 5
50 3231 4
50 3232 2
50 2157 4
50 3233 5
50 652 4
51 1352 3
51 1673 4
51 728 2
51 3234 4
51 3235 5
52 3236 5
52 3237 5
52 3238 4
53 3239 5
53 1594 2
53 3240 4
53 291 5
53 3241 4
53 1800 5
53 1821 5
53 1867 5
53 885 5
53 3242 4
53 3243 4
53 1608 4
53 3244 4
53 3245 5
53 1877 5
53 1285 5
53 2048 5
53 516 5
53 3246 5
53 3247 5
53 206 5
53 3248 5
53 3249 4
53 1406 4
53 146 5
53 1328 5
53 2747 5
53 1624 1
53 686 5
53 1628 4
53 3250 5
53 3251 5
53 3252 5
53 3253 5
53 3254 5
53 3255 5
53 3256 5
53 941 5
53 431 5
53 3257 5
53 3258 5
53 1636 5
53 3259 5
53 837 4
53 1288 5
53 3260 2
53 3261 5
53 1037 5
53 2157 5
53 235 5
53 1673 3
53 3262 5
53 3263 5
53 728 5
53 3264 5
53 644 5
53 3146 5
53 1439 5
53 3265 5
53 3266 5
53 3267 5
53 547 5
53 560 5
53 3268 4
53 1767 5
53 3269 5
53 827 5
53 3270 4
53 1260 4
53 1274 4
53 713 2
53 753 4
53 1682 4
53 699 4
53 1688 5
53 309 4
53 3271 5
53 3272 5
53 3273 5
53 3274 5
53 2495 3
53 463 4
53 463 5
53 3275 4
53 3276 5
53 988 5
53 3277 5
53 3278 5
53 3146 5
53 2499 5
53 1693 5
53 3279 4
53 3280 5
53 2933 5
53 867 5
53 3281 4
53 1084 5
53 773 5
53 1054 5
53 211 4
53 3282 4
53 3283 5
53 3284 5
53 182 5
53 3285 5
53 3286 5
53 3287 5
53 3288 5
53 1506 5
53 2143 4
53 3289 4
54 3290 5
54 3291 5
54 3178 5
54 3001 4
55 3292 5
55 3000 5
55 3293 5
55 3294 1
55 1648 4
55 1650 3
55 1673 5
55 3295 5
55 3296 4
55 3297 1
55 309 5
55 1275 5
55 3298 2
55 699 5
55 609 5
55 3299 4
55 3300 5
56 3301 4
56 211 5
56 3302 4
56 1292 4
56 3303 4
56 1361 3
56 3304 4
56 3305 4
57 1624 1
57 3306 5
57 1457 4
57 3307 5
58 164 5
58 288 5
58 3308 5
58 276 5
58 312 5
58 766 5
58 3123 5
59 3309 4
59 3310 5
59 309 5
59 1673 5
60 2141 2
60 2839 4
60 3311 4
60 1282 1
60 3312 4
60 3313 1
60 810 4
60 3314 5
60 3315 2
60 3316 2
60 3317 4
60 1024 1
60 3318 3
60 3319 5
60 3320 5
60 153 5
61 673 5
61 3321 3
61 3042 4
62 2655 3
62 309 3
62 3322 5
62 3323 5
62 706 5
62 3324 4
62 104 3
62 766 4
62 3325 5
62 2905 4
62 3326 5
62 3327 5
62 3328 5
63 3329 4
63 3330 3
63 3331 5
63 3226 4
63 3332 3
63 3333 4
63 3334 5
64 3335 5
64 3336 5
64 3337 4
64 1279 1
64 3338 4
64 187 5
64 3339 4
64 2489 5
64 2826 4
64 323 5
65 3255 5
65 1828 5
65 960 5
65 3340 5
65 3341 5
66 3342 4
66 3343 4
66 3344 5
66 3345 5
66 3168 5
66 2894 2
66 3346 4
67 3203 5
67 3347 4
67 3348 3
68 3349 4
68 3350 5
68 3351 5
68 1332 4
68 3352 5
69 3353 5
69 3354 4
69 3355 3
69 3220 5
69 3356 4
69 3357 5
69 3358 4
69 3359 4
69 3360 5
69 3361 5
69 3362 4
69 3363 5
69 3364 5
69 3365 5
69 3165 5
70 3176 4
70 3366 5
70 3367 3
70 3368 5
70 3369 4
70 3370 4
70 3371 5
70 3372 4
70 3373 3
70 3374 5
70 3375 5
71 3376 5
71 3377 4
71 1174 4
71 926 5
71 417 4
71 403 5
71 333 5
71 2654 5
71 1207 4
71 3378 5
71 3379 4
71 490 4
71 3380 3
71 3381 5
71 3382 5
71 3383 4
71 3384 5
71 3385 4
71 3386 4
71 3387 4
71 2334 4
71 3388 4
71 3389 4
71 3390 2
71 3391 5
71 686 4
71 3392 4
71 3393 4
71 3394 3
71 3395 4
71 3396 5
71 3397 5
71 3398 4
71 3399 2
71 3400 4
71 3213 4
71 3401 4
71 2432 4
71 3402 4
71 3403 4
71 1837 4
71 3404 4
71 2602 3
71 3405 2
71 493 4
71 549 4
71 3406 3
71 2928 5
71 2726 4
71 3407 5
72 3408 5
72 3409 5
72 527 5
72 3374 5
72 323 3
72 3295 5
72 2980 3
72 1773 4
72 728 4
72 661 4
72 3410 4
72 934 4
72 1220 3
72 3411 5
72 826 5
72 3412 4
72 3413 5
72 3414 3
72 3415 5
72 3416 5
72 515 5
72 3417 5
72 3418 5
72 1405 5
72 3419 3
72 3420 5
72 2689 4
72 3421 5
72 1905 5
72 3422 5
72 3423 4
72 3424 4
72 1506 4
72 1097 3
73 2507 4
73 2591 5
73 2551 5
73 2631 4
73 3425 5
73 728 4
73 3414 4
73 3426 4
73 3427 5
73 3428 4
73 3429 4
73 2616 5
73 3430 4
73 2707 5
74 1673 3
74 3431 5
74 3295 5
74 3432 5
74 3433 2
75 728 5
75 661 4
75 1395 5
75 1346 3
75 712 4
75 1682 4
75 3002 5
75 276 4
75 1991 4
75 305 4
75 678 4
75 1272 4
75 1993 5
75 3434 4
75 323 5
75 832 4
75 829 5
75 1539 4
75 759 4
75 1775 4
75 309 4
76 1981 5
76 759 4
76 728 5
76 3002 5
76 3435 5
76 3436 4
76 309 2
76 3437 5
76 313 5
76 762 5
76 1278 4
76 3438 4
76 3439 4
76 211 5
76 739 5
76 28 5
76 934 4
77 3163 5
77 660 3
77 1673 3
77 3440 5
77 3441 1
78 3442 5
78 3443 4
78 1539 5
78 766 5
79 1965 5
79 323 5
79 2599 5
80 276 5
80 704 5
80 312 5
80 288 5
80 104 5
80 792 5
80 762 5
80 305 5
80 3315 5
80 772 5
80 706 5
80 740 5
80 1395 5
80 3444 5
80 732 5
80 323 5
80 3445 5
80 738 5
80 258 5
80 771 1
80 309 5
80 3446 5
80 3447 1
80 309 5
80 832 5
80 309 5
80 313 5
80 3448 5
80 1419 5
80 3449 5
80 3450 5
80 1386 4
81 3451 5
81 590 5
81 2689 4
81 3452 4
81 3453 5
82 1826 5
82 3454 4
82 196 5
82 3455 4
82 3456 4
82 3457 5
82 3458 2
82 3459 5
83 759 3
83 3460 4
83 3461 5
83 1680 5
83 3330 3
83 773 4
83 686 4
83 3271 5
83 732 4
83 312 4
83 288 4
83 726 4
83 3462 5
83 309 5
83 3463 4
83 211 5
83 143 5
83 3464 4
83 3465 5
83 3466 5
83 3467 5
83 867 4
83 3468 5
83 203 5
84 1435 5
84 3469 1
84 411 5
85 2890 5
85 312 5
85 829 5
86 3176 5
86 3301 5
86 3470 4
86 2897 3
86 3175 5
86 3471 4
86 3472 5
86 3301 5
86 2592 5
87 1655 5
87 3473 5
87 3474 4
88 104 5
88 829 5
88 196 5
88 313 5
88 772 5
88 1395 5
88 3475 5
89 2091 5
89 3476 5
89 1754 4
89 3313 5
89 3477 4
90 3478 5
90 3479 5
90 3480 5
90 3481 4
90 3412 5
90 1223 4
90 3482 1
90 334 2
91 3483 3
91 2482 3
91 3484 5
91 3485 4
91 3486 3
92 3487 5
92 312 5
92 3488 5
92 3489 5
92 759 1
92 217 3
92 1676 5
92 476 4
92 3490 4
92 3491 5
92 1984 5
92 843 5
92 3239 4
92 3492 5
92 3493 5
92 194 4
92 3494 4
92 3495 5
92 2461 5
92 728 5
92 3496 4
92 3497 5
92 3498 4
92 1403 2
92 3499 5
92 2936 3
92 1352 5
92 3500 3
92 3501 5
92 1773 5
92 766 5
92 3502 5
92 3503 5
92 3504 5
92 3505 5
92 773 5
92 3506 2
92 3173 5
92 3507 4
92 3508 5
92 3509 5
93 2770 3
93 3510 5
93 3511 4
93 3512 4
93 2598 4
93 3513 4
93 3224 4
93 3514 5
93 3515 4
93 3516 4
93 3517 4
93 3518 5
93 3519 4
93 3520 5
93 3521 5
93 1037 5
94 640 1
94 3360 5
94 3024 4
94 3522 4
94 3523 4
94 2047 5
95 3524 5
95 609 4
95 309 4
95 3525 5
95 326 5
95 3526 2
95 3527 4
95 239 4
95 2972 4
95 3528 5
95 3529 5
95 3530 5
95 3531 4
96 832 5
96 3532 5
96 3533 5
96 740 5
96 1312 5
96 1277 5
96 2635 5
96 3534 2
96 3203 5
96 966 5
96 3535 2
96 3536 4
96 3537 5
96 3538 5
96 3539 3
96 3540 3
96 3541 4
96 3542 2
96 3543 4
97 3544 4
97 28 4
97 316 4
97 3545 5
97 832 5
97 276 3
97 1403 2
97 3546 5
97 2005 4
97 196 5
97 735 1
97 258 4
97 3547 4
97 762 3
97 3548 4
97 3549 4
98 3550 5
98 695 1
98 3551 1
98 728 3
98 732 5
98 3552 5
98 741 3
98 309 3
98 762 5
99 1395 5
99 1766 5
99 741 5
99 3553 5
99 3554 5
99 824 5
99 3555 1
99 59 5
99 211 5
99 1891 5
99 1648 5
99 3263 5
99 837 5
99 607 5
99 28 5
99 1408 5
99 174 5
99 3465 3
99 3556 5
99 3000 5
99 3557 4
100 3558 5
100 313 2
100 312 1
100 832 3
100 710 1
100 104 1
100 196 2
100 960 5
100 3559 4
100 738 1
100 706 4
100 1332 3
100 712 5
100 288 3
100 2725 4
100 762 4
100 3174 5
100 323 3
100 3560 5
100 829 4
101 3561 5
101 3562 5
101 3563 5
101 913 5
101 1029 5
101 728 5
101 899 5
101 1332 4
101 3564 5
101 3565 5
101 3566 5
101 1365 5
101 3567 5
101 2318 5
101 3568 3
101 3569 5
101 2977 5
101 3570 4
101 3571 4
101 3572 4
101 1745 4
101 3573 4
102 843 5
102 766 5
102 2461 5
103 2469 4
103 580 5
103 3574 1
103 3368 5
103 1876 4
103 716 5
103 638 5
103 814 5
103 477 1
103 2046 4
103 1688 3
103 3575 4
103 731 2
103 772 5
103 1602 3
103 309 5
103 20 4
103 309 5
103 3576 5
103 704 5
103 1406 5
103 1241 4
103 1101 5
103 3577 4
103 3578 5
103 3579 4
103 3580 5
103 3581 5
103 3582 4
103 3583 4
103 3584 2
103 2329 4
103 2677 2
103 1387 3
103 832 5
103 1386 4
103 1632 5
103 3585 4
103 3586 4
103 3587 2
103 1674 4
103 925 4
103 738 5
103 3588 5
103 1682 5
103 1441 4
103 2658 4
103 3589 2
103 3590 5
103 3591 5
103 3592 4
103 3593 5
103 1308 5
103 1332 1
103 3594 5
103 3264 5
103 1418 3
103 1039 4
103 728 5
103 3595 1
103 842 4
103 867 3
103 1342 1
103 3596 3
103 3597 5
103 3598 5
103 1501 5
103 3322 5
103 3267 4
103 3599 4
103 308 4
103 3600 5
103 917 5
103 1518 4
103 3579 5
103 901 5
103 3601 5
103 1076 2
103 3602 5
103 3603 5
103 3604 4
103 3605 4
103 3606 5
103 3446 4
103 3607 1
103 3608 5
103 2718 4
103 3609 5
103 3610 5
103 3562 5
103 3580 5
103 3611 4
103 3612 3
103 889 3
103 2380 5
103 3613 5
103 3275 5
103 3393 3
103 640 3
103 3614 5
103 3615 4
103 3616 1
103 934 4
103 3617 5
103 934 4
103 954 4
103 3618 4
103 3619 4
103 3620 3
103 2550 5
103 3621 4
104 1556 4
104 1054 5
104 3622 4
105 1752 4
105 258 3
105 832 5
105 3623 3
105 3624 4
105 3625 3
105 3626 4
106 1177 5
106 3627 4
106 934 5
106 3165 5
106 1406 2
106 3628 5
106 1845 4
107 1822 3
107 1594 4
107 3617 5
107 1198 5
107 3629 3
107 1128 4
107 3630 4
107 3631 4
107 2377 3
107 1901 5
107 3632 5
107 2391 5
107 120 4
107 3633 4
107 3634 5
107 3635 4
107 1693 5
107 109 4
107 2449 5
107 531 5
107 2455 4
107 3636 5
108 3637 4
108 1627 4
108 3638 5
108 3639 4
109 3353 1
109 3640 4
109 3641 5
110 3642 3
110 3643 5
110 3183 5
111 2677 5
111 3644 3
111 3645 5
111 1877 5
111 1406 2
112 2903 5
112 3646 5
112 3647 5
112 3648 5
112 3649 5
112 3650 5
112 1908 5
112 3651 5
112 3652 5
112 3653 5
112 3654 4
112 2428 3
112 3655 5
112 1191 5
112 3145 5
112 3656 5
112 3657 5
112 3413 5
113 3658 5
113 3659 4
113 3660 4
114 3661 5
114 3662 5
114 2555 5
114 3146 5
114 1889 5
114 3663 3
114 3664 5
114 3665 4
114 3666 5
114 2540 5
114 1138 4
114 624 4
114 2216 4
114 1155 3
114 2249 5
114 1067 4
114 3667 5
114 3668 5
114 2669 5
114 605 1
114 3669 4
114 405 3
114 2374 4
114 3670 4
114 3671 5
114 3672 5
114 992 5
114 3673 5
114 3674 3
114 3219 5
114 3675 4
114 458 5
114 3676 5
114 3178 5
114 1279 5
114 3677 4
114 2525 4
114 3678 5
114 3679 5
114 2522 5
114 3680 5
114 1621 5
114 3681 4
114 1129 4
114 1241 5
115 3682 5
115 1067 4
115 3683 1
115 3684 5
115 3313 4
115 211 5
115 3685 1
115 3686 5
115 3687 5
115 3688 5
115 3165 5
115 3638 5
115 3689 5
115 3690 5
115 3691 5
116 3302 5
116 3692 5
116 3693 5
117 3694 4
117 3687 3
117 3695 5
117 632 5
117 843 3
117 1604 4
117 3696 1
117 1036 5
117 3481 5
117 3454 4
117 668 4
117 3697 4
117 3647 5
117 3256 5
118 3476 5
118 3698 5
118 104 5
118 196 5
118 3699 5
118 3700 2
118 323 5
118 533 5
118 153 4
118 3701 5
118 1332 5
118 1650 5
118 1547 5
118 3702 5
118 3703 5
118 3704 5
118 889 1
118 3705 5
118 3706 5
118 3707 5
118 3708 5
118 3709 2
119 3703 5
119 704 2
119 3710 4
119 607 5
119 3711 1
119 3712 5
119 3713 5
119 3714 1
119 3715 5
119 765 2
119 3716 3
119 3717 2
119 3718 5
120 609 4
120 3719 5
120 1217 5
120 3720 5
120 196 5
120 607 5
120 104 5
120 288 5
120 3721 5
120 309 5
120 3722 5
120 3723 5
120 1698 4
120 3724 5
121 3725 4
121 3726 5
121 728 5
122 3727 1
122 3042 4
122 3728 5
123 3729 4
123 3730 5
123 3731 5
123 3732 4
123 2780 5
123 3733 5
123 3734 5
123 609 4
124 3735 4
124 3736 5
124 369 4
124 2802 4
124 1384 4
124 574 5
125 2651 5
125 3737 3
125 2802 5
125 3200 5
125 1275 5
125 3738 5
125 3203 5
125 966 4
125 1365 5
125 3739 5
125 3740 2
126 3741 5
126 3241 4
126 3742 4
126 3743 5
126 3744 5
126 3745 5
126 3746 1
127 3063 5
127 1282 1
127 3747 5
128 3748 5
128 701 5
128 1329 5
128 3749 5
128 3750 2
128 3751 2
128 3752 5
128 1077 3
128 3753 2
128 3754 5
128 906 4
128 1450 5
128 3755 5
128 3756 5
128 3757 5
129 1865 4
129 3417 1
129 2727 3
129 3322 4
129 1985 2
129 3758 1
129 913 2
129 3759 5
129 3760 3
129 1086 4
129 1106 5
129 3761 1
129 2603 3
129 2194 1
129 3762 2
129 749 3
129 2363 4
129 3763 4
129 3764 2
129 3765 2
129 3766 4
129 1936 4
129 3767 5
129 3577 2
129 3768 3
129 3769 4
129 143 2
129 3770 1
129 3055 1
129 3771 4
129 3772 5
129 3773 1
129 3774 4
129 3775 5
129 3606 3
129 934 4
129 613 4
129 1429 3
129 3776 3
129 3777 3
129 3778 2
129 1509 1
129 3779 4
129 2398 1
129 2734 1
129 3780 2
129 1503 3
129 3781 1
129 3782 5
129 3783 1
129 3744 4
129 3784 3
129 3785 3
129 3786 4
129 3787 2
129 3788 3
129 3789 1
129 3121 3
129 1060 4
129 1522 4
129 3790 2
130 3791 5
130 1067 5
130 3792 5
130 3793 5
130 3794 5
130 3770 5
130 1452 5
130 3795 5
130 3796 5
130 3797 5
130 1454 5
130 3798 5
130 3799 4
130 3800 5
130 3801 1
130 3802 5
130 1522 1
130 3803 5
130 3798 2
130 934 5
130 3617 1
130 2648 5
130 3804 3
131 3805 4
131 554 4
131 3579 5
131 3806 4
131 3807 3
131 3808 4
131 3809 4
131 3810 5
131 3811 4
131 336 5
131 3812 4
131 2656 4
131 3813 5
131 1837 5
131 3267 4
131 3814 5
131 3815 4
131 2305 5
132 3752 5
132 1077 5
132 3816 4
132 3817 4
132 3194 4
132 3818 3
132 1081 4
132 2093 4
132 3819 2
132 3820 5
132 1329 5
132 3821 2
132 924 4
132 3822 4
132 3823 5
132 3824 2
132 3825 5
132 3826 2
132 3577 5
132 3827 2
132 3146 3
132 3828 4
133 3829 4
133 3127 4
133 3830 4
134 1277 5
134 3831 4
134 843 5
134 772 4
134 712 5
134 3832 5
134 3833 4
134 3834 5
134 3835 5
134 3836 5
134 3417 4
134 312 5
134 891 5
134 3837 3
134 3322 5
134 3838 4
134 3839 5
134 2755 3
134 3840 1
134 222 2
134 3841 5
134 237 1
134 3842 5
134 1744 4
134 3843 4
134 821 4
134 934 4
134 3844 5
134 3827 3
134 935 1
134 3845 5
134 1379 4
134 3846 5
134 3814 4
134 3847 5
134 2194 2
134 3848 5
134 3849 1
134 904 3
134 3850 5
134 1067 5
134 3851 4
134 3852 4
134 3853 5
134 3854 5
134 3855 5
134 3856 5
134 3146 5
134 3857 4
134 3493 5
134 3858 4
134 3859 4
134 1405 5
134 2922 4
134 1086 5
134 3860 5
134 3861 4
134 3862 2
134 3863 5
135 1310 2
135 1067 4
135 1876 3
135 3864 3
135 2589 2
135 3865 4
135 3845 2
135 3780 2
135 3591 3
135 2695 3
135 3866 4
135 3267 3
135 3814 2
135 3867 3
135 3868 2
135 3869 3
135 3774 4
135 3870 2
135 3871 2
135 3782 5
135 3872 5
135 3583 4
135 3393 4
136 3873 3
136 3874 5
136 3875 1
137 3869 4
137 3876 5
137 3877 5
137 3878 5
138 3275 5
138 839 5
138 1466 2
138 3879 3
138 1047 4
138 979 5
138 934 4
138 3880 4
138 814 5
138 3420 4
138 3881 3
138 862 5
138 3882 5
138 3883 5
139 3884 2
139 3885 4
139 3886 4
139 3887 4
139 3869 5
139 3156 2
139 3888 2
139 3889 5
139 760 4
139 3890 5
139 3718 5
139 3891 4
139 3892 5
139 3893 5
140 3894 5
140 2717 5
140 3895 5
141 3896 3
141 312 1
141 3203 5
141 3897 4
141 3898 4
141 3899 5
141 2965 5
141 3900 5
141 3024 5
141 3901 5
141 3902 5
141 1003 1
141 3903 4
141 3904 4
141 3905 5
141 3906 5
142 3819 1
142 1041 4
142 3907 1
142 3908 4
142 3909 5
142 3326 5
142 3910 5
142 3149 5
142 3911 3
142 908 3
142 3912 5
142 2743 5
142 3913 5
142 3914 5
142 3915 5
143 3713 5
143 3230 4
143 3916 5
143 3917 5
143 3226 4
143 3918 4
143 3919 4
143 3920 5
143 3921 5
143 3922 5
143 1876 2
143 3923 5
143 3516 5
144 3924 3
144 3925 2
144 1467 4
144 920 1
144 3926 4
144 947 1
144 3089 4
144 3717 3
144 3927 5
144 3928 5
144 3929 3
144 3930 3
144 3829 5
144 1365 5
144 2965 4
144 3931 4
144 3932 4
144 3627 3
144 3933 4
144 3934 4
144 3935 4
144 3936 4
144 3937 4
144 3715 4
144 3938 4
145 3939 3
145 3940 4
145 1434 3
145 3941 3
145 3942 5
145 1670 4
145 3943 5
145 932 5
146 3944 4
146 3945 4
146 2363 5
146 3946 5
146 3422 5
146 1021 5
146 3947 5
146 3451 5
146 3948 3
146 3949 4
146 3950 5
146 3951 5
146 857 4
146 3943 5
146 3623 4
146 3952 5
146 3953 5
146 3954 5
147 305 5
147 3955 4
147 3956 5
147 1332 5
147 3104 5
147 2512 5
147 3957 4
147 174 5
147 609 5
147 3958 3
147 1902 4
147 699 5
147 3959 5
147 3960 5
147 3961 5
147 3962 5
147 312 3
147 3963 5
147 28 5
147 3964 5
147 1263 5
147 288 5
147 792 4
147 3965 5
147 323 5
147 704 5
147 887 5
147 276 5
147 211 5
147 3966 5
147 3967 5
147 739 5
147 650 5
147 3460 4
147 1278 5
147 3968 5
147 3969 5
147 3970 4
147 309 5
147 252 3
147 3971 5
147 3972 4
147 3973 5
147 3974 3
147 3686 4
147 3975 5
147 3519 4
148 3976 3
148 3977 4
148 3238 4
149 288 5
149 1772 5
149 650 5
149 258 1
149 2622 4
149 3978 5
149 695 5
149 656 5
149 1775 5
149 728 5
149 3979 4
149 3980 1
149 3981 5
149 3382 5
149 3437 1
149 3982 2
150 2637 5
150 3983 3
150 258 5
150 3984 4
150 3985 4
150 3986 4
150 840 5
150 3987 5
150 3988 5
150 2498 4
150 3989 5
150 276 5
150 3990 4
150 762 3
150 3348 5
150 712 5
150 3991 5
150 3992 5
150 312 5
150 824 4
150 309 4
150 3993 5
150 3994 4
150 3995 4
150 3996 5
150 3997 5
150 3894 5
150 3998 5
151 3999 4
151 4000 5
151 4001 5
151 3572 4
151 4002 3
152 4003 4
152 196 4
152 326 4
152 704 4
152 313 4
152 712 4
152 4004 4
152 323 3
152 4005 4
152 673 3
152 695 2
152 174 4
152 1222 4
152 732 5
152 28 4
152 278 5
152 276 4
152 832 4
152 1332 3
152 678 3
152 4006 5
152 3000 4
152 4007 5
152 843 2
152 4008 5
152 1406 4
152 312 3
152 325 5
152 640 4
152 4009 4
153 4010 5
153 4011 4
153 4012 4
153 4013 5
153 4014 1
153 762 3
153 4015 5
153 305 4
153 1260 5
153 309 5
153 3573 5
153 1981 5
153 3282 3
153 323 5
154 309 5
154 772 5
154 4016 5
154 343 3
154 3451 5
154 2393 5
154 211 5
154 4017 5
154 1637 5
154 4018 3
154 3402 4
154 4019 4
154 4020 4
154 4021 4
154 3808 5
154 3806 5
154 4022 5
154 4023 5
154 4024 5
154 4025 5
154 3696 4
154 4026 4
154 1905 4
154 3146 5
154 4027 4
155 4028 3
155 4029 4
155 2009 5
155 2091 5
155 943 4
156 4030 4
156 309 4
156 4031 5
156 4032 4
157 276 5
157 211 4
157 4033 5
157 4034 5
157 991 4
157 1526 5
157 4035 5
157 3133 2
158 4036 5
158 732 5
158 609 3
158 829 5
158 4037 5
159 4038 5
159 4039 4
159 671 5
159 4040 3
159 4041 5
159 4042 5
159 824 5
159 699 5
159 4043 5
159 897 1
159 346 5
159 4044 4
159 4045 5
159 4046 5
159 309 5
160 276 5
160 4047 4
160 3746 3
160 312 5
160 4048 1
160 3446 5
160 4049 4
160 3297 2
160 4050 4
160 4051 5
160 1733 5
160 4052 5
160 4053 5
160 2495 4
160 4054 4
160 4055 5
160 934 4
160 4056 5
160 771 2
160 1040 4
160 4057 4
160 4058 5
160 891 4
160 4059 5
160 3238 4
160 4060 4
160 325 4
160 4061 4
160 4062 4
160 4063 4
160 3995 4
161 4064 4
161 685 5
161 4065 5
161 4066 5
161 4067 5
161 3517 4
161 4068 5
162 3906 5
162 1242 2
162 3981 5
162 3360 5
162 4069 5
162 4070 5
162 4071 5
162 2405 4
162 565 3
163 913 5
163 276 4
163 710 4
163 4072 1
163 4073 1
163 1673 5
163 1395 4
163 313 5
163 699 5
163 104 1
163 1419 1
163 772 1
163 4074 2
163 4075 3
163 4076 5
163 211 5
163 2818 5
163 2158 5
163 4077 5
163 303 5
164 4078 1
164 4079 4
164 4080 4
164 3982 4
164 4071 5
165 1436 5
165 4081 5
165 4082 2
165 1506 4
165 4083 5
166 4084 5
166 3000 5
166 4085 5
166 3957 4
166 829 3
166 4086 5
166 4087 4
166 1275 5
166 1955 5
166 258 5
166 4088 5
167 4089 5
167 4090 3
167 704 5
167 2655 1
167 4091 5
167 4092 5
167 196 5
167 2635 5
167 4093 5
167 772 5
167 4094 5
167 1375 3
167 653 5
167 2920 5
167 658 4
167 4095 5
167 4096 4
167 1998 1
167 2625 5
167 217 4
167 258 5
167 313 1
167 762 4
167 740 4
167 3076 4
167 4097 2
167 4098 4
167 4099 5
167 732 4
167 4100 4
167 1294 4
167 276 3
167 759 4
167 312 4
167 3057 5
167 1275 2
167 4101 5
167 699 5
167 734 5
167 837 5
167 1274 5
167 4102 5
167 323 5
167 726 5
167 4103 3
167 104 1
167 678 4
167 4104 4
167 2629 1
167 4105 5
167 4106 5
167 309 4
167 211 4
167 4107 5
167 4108 4
168 4109 4
168 4110 4
168 179 5
168 4111 5
169 2836 5
169 2917 2
169 3549 3
169 685 2
169 4112 4
169 2924 5
170 695 5
170 4113 5
170 4114 4
170 4115 5
170 4116 4
171 728 3
171 735 5
171 706 5
171 258 5
171 759 5
171 1419 3
171 832 4
171 4117 5
171 699 5
171 780 3
171 4118 1
171 712 1
171 1766 4
171 4119 4
171 1412 5
171 4120 1
171 323 3
171 167 3
171 829 4
171 999 4
171 28 4
171 1422 1
171 4121 4
171 1998 1
171 851 3
171 4122 5
171 2910 4
171 4099 5
171 1303 3
171 609 3
171 1981 5
171 4123 4
171 741 2
171 143 4
171 4124 5
171 762 3
171 792 5
171 4125 4
171 2703 3
171 4126 4
171 751 3
171 713 2
171 1884 1
171 4127 4
171 313 1
171 305 2
171 309 5
171 211 4
171 196 1
171 1017 5
171 64 4
171 4128 5
171 837 5
171 4129 5
171 761 4
171 1682 1
171 1325 5
171 1275 3
171 277 4
171 4130 5
171 4131 5
171 815 2
171 4132 4
171 4133 3
171 1670 5
172 477 5
172 4134 1
172 1689 2
172 4135 4
173 65 4
173 832 4
173 1276 4
173 3263 5
173 4136 5
173 3533 5
173 1034 5
173 4137 5
173 28 3
173 258 3
173 313 3
173 609 3
173 276 1
173 312 4
173 211 5
173 4138 5
173 1316 5
173 4139 5
173 4042 5
173 309 3
173 4140 4
173 1773 5
173 3158 2
173 4141 5
173 4142 4
173 3901 4
174 609 4
174 4143 5
174 1949 5
174 4144 5
174 323 4
174 4137 5
174 4145 4
174 4146 5
174 4042 5
174 1241 5
174 3525 4
174 4147 4
174 4148 4
174 4149 5
174 4150 4
174 4151 4
174 4152 4
175 4153 4
175 4154 4
175 280 4
175 4155 4
175 3210 4
175 1393 5
175 4156 3
175 4080 3
175 4157 4
176 2915 4
176 4158 3
176 4159 4
176 4160 5
177 1504 5
177 3835 4
177 4161 5
177 4162 5
177 1675 5
178 196 2
178 1853 5
178 4106 5
178 2419 5
178 4163 4
178 1278 1
178 309 3
178 4164 5
178 4165 3
178 1481 5
178 2264 5
178 3024 5
178 2236 5
178 4166 3
178 1901 2
178 58 5
178 1432 1
178 4167 4
179 4056 5
179 4168 4
179 4169 4
179 1902 5
179 4170 5
179 4171 4
179 4172 4
180 1615 5
180 4173 5
180 4174 5
180 4175 4
180 3617 5
181 4176 4
181 4177 4
181 4178 5
181 4025 3
181 4179 4
181 4180 5
181 4181 5
181 4182 5
182 728 3
182 4183 4
182 4184 5
183 4185 4
183 4186 4
183 2902 3
184 323 3
184 759 5
184 313 5
184 1395 5
184 4187 4
184 4188 5
184 312 5
184 4189 5
184 4190 1
184 4191 5
184 4192 5
185 4193 5
185 2342 4
185 515 4
185 2280 4
185 4194 5
185 3533 5
185 211 5
185 1985 3
185 2340 4
185 4195 5
185 3621 1
185 2048 5
185 2654 5
185 2495 2
185 687 4
185 974 2
185 3451 4
185 842 5
185 4196 4
185 1361 4
185 4197 5
185 4198 5
186 699 5
186 309 4
186 1939 5
186 59 5
186 4199 5
186 1395 5
186 997 5
186 1316 4
186 1313 1
186 3052 2
186 3920 4
186 4200 4
186 84 5
186 4201 4
186 4202 4
186 4203 4
187 3104 5
187 4204 4
187 4117 4
188 339 1
188 992 3
188 673 3
188 4205 4
188 4206 3
188 4207 5
188 43 4
188 1704 4
188 3986 4
188 3488 4
188 1049 5
188 792 3
188 4208 4
188 4209 2
188 4210 5
188 4211 5
188 762 5
188 4212 5
188 2590 5
188 4193 5
188 3482 3
188 276 5
188 1299 4
188 2997 4
188 4213 4
188 1310 5
188 4214 5
188 4215 5
188 3524 5
188 1774 3
188 4216 5
188 728 4
188 515 5
188 4217 4
188 2655 4
188 104 4
188 3501 3
188 732 4
188 1355 5
188 309 4
188 323 4
188 4218 2
188 1403 1
188 2660 4
188 3604 4
188 4219 2
188 4220 1
189 3535 1
189 609 4
189 196 3
189 574 1
189 4221 5
189 710 3
189 4222 5
189 211 5
189 3311 4
189 712 5
189 4223 1
189 4224 5
189 323 3
189 4225 5
190 4226 1
190 4227 5
190 1955 5
190 4054 5
190 824 5
190 4228 5
190 4229 4
190 2091 5
190 4230 5
190 4231 5
190 4232 3
190 3889 5
190 229 4
191 3430 5
191 4233 4
191 4234 4
191 4235 5
191 4236 5
191 4237 5
191 4238 4
191 4239 5
191 4240 3
191 196 4
191 4241 4
191 4242 4
191 323 1
191 4243 3
192 4042 5
192 3962 5
192 4087 4
192 4244 5
192 313 4
192 4151 5
192 4245 5
192 4246 3
193 4247 5
193 2443 5
193 4248 4
193 4249 4
193 4250 3
193 4251 5
193 4252 5
193 4253 4
193 4254 5
193 740 5
193 832 5
193 1319 5
193 104 5
193 707 5
193 4255 2
193 4256 5
193 3788 5
193 3387 3
193 2658 4
193 4257 5
193 341 4
193 323 5
193 2305 5
193 1832 5
193 2340 5
193 712 5
193 4093 5
193 3556 5
193 722 5
193 4258 5
193 4259 5
193 4260 4
193 837 5
193 4261 4
194 4262 5
194 3000 4
194 4263 5
194 2924 5
194 694 5
194 4264 4
194 4265 4
195 4266 5
195 4267 5
195 4265 4
195 4268 5
196 924 5
196 1382 5
196 4269 5
196 4270 3
196 2400 5
196 4271 5
196 4272 5
196 4273 5
196 2467 5
196 424 5
197 239 1
197 1974 2
197 4274 4
197 4275 4
197 174 5
197 762 5
197 1049 4
197 4276 4
197 607 5
197 1870 3
197 4277 3
197 4070 5
197 4278 5
197 4279 3
197 710 4
197 706 4
197 2976 5
197 3095 4
197 4280 5
197 738 4
197 4281 4
197 4282 4
197 1408 5
197 4283 4
197 3686 4
197 327 4
197 4284 5
197 2152 4
197 1336 4
197 2651 4
197 196 4
197 4285 4
197 1670 4
197 735 5
197 4286 3
197 4064 4
197 3803 4
197 1274 4
197 4287 4
197 1691 4
198 4288 5
198 4289 5
198 4290 4
199 974 2
199 1275 3
199 4291 4
199 900 3
199 4292 4
199 4267 5
199 313 4
199 4293 4
199 1938 4
199 3849 4
199 780 4
199 4294 4
199 4295 5
199 1278 5
199 307 5
199 4296 4
199 706 4
199 4297 4
199 827 1
199 4120 2
199 1324 1
199 104 5
199 4298 5
199 2996 5
199 196 5
199 1395 5
199 3000 5
199 959 5
199 321 4
199 4299 5
199 3238 5
199 4300 5
199 4301 5
199 304 5
200 842 5
200 4302 4
200 4303 5
200 209 5
200 312 5
200 4304 5
200 4305 4
200 202 1
200 2936 4
200 4306 5
200 4307 3
200 4308 5
200 1672 4
200 4309 4
200 4310 4
200 4311 2
200 4312 5
200 4313 5
200 4138 3
200 1718 3
200 4314 5
200 4315 4
200 3501 4
200 3501 4
200 4316 4
201 4317 3
201 3024 3
201 4318 5
202 508 4
202 1595 5
202 4319 4
202 1380 5
202 4320 4
202 4321 3
202 4199 5
202 4322 5
202 4323 5
202 1583 3
202 4324 4
202 4325 3
202 2461 5
203 741 2
203 3990 5
203 132 5
203 2844 5
203 695 3
203 4326 5
203 908 4
203 1277 5
203 3191 5
203 4327 5
203 728 3
203 3077 5
203 4328 5
203 4329 5
203 3081 5
203 4330 5
203 4331 5
203 1418 3
203 4332 5
203 4333 5
203 73 4
203 4334 5
203 4335 2
203 2091 5
203 4138 5
203 4336 5
203 4337 5
203 4257 4
203 4029 5
204 3607 5
204 4338 1
204 334 3
204 4339 5
204 641 5
204 4340 4
204 4233 5
204 1403 1
204 4341 5
205 4342 5
205 638 5
205 4343 5
205 4344 3
205 4345 4
205 4346 5
205 955 5
205 4347 5
205 3923 5
205 2669 5
205 4348 5
205 4349 4
205 4350 5
205 4351 5
205 3101 5
205 4080 5
205 4267 5
205 4352 5
205 4353 5
205 3311 2
205 2977 5
205 4354 5
205 4355 5
205 4236 4
205 4356 5
205 991 5
205 1506 5
206 4357 4
206 2083 3
206 1177 4
206 632 4
206 4358 5
206 4359 4
206 85 4
206 4360 4
206 1215 5
206 4361 5
206 4362 4
206 3262 4
206 4363 5
206 4142 5
206 739 5
206 4364 5
206 1275 3
206 4365 4
206 939 4
207 3399 3
207 1501 3
207 832 3
207 4366 3
207 4367 4
207 609 3
207 258 3
207 734 5
207 678 3
207 323 4
207 4368 4
207 4239 4
207 751 4
207 728 4
207 305 3
207 706 4
207 3434 4
207 2973 4
207 1034 4
207 772 3
207 2852 4
207 785 4
207 738 4
207 4369 4
207 732 5
207 739 5
207 4370 4
207 650 5
207 762 4
207 28 4
207 4371 5
207 704 5
207 4372 5
207 710 5
207 196 3
207 313 5
207 276 2
207 824 4
207 288 1
207 997 5
207 755 4
207 2252 4
207 309 3
207 1029 5
207 4373 1
208 4374 5
208 3979 4
208 1939 5
208 196 4
208 728 3
208 211 5
208 2338 5
208 699 4
208 539 3
208 4375 5
208 312 3
208 569 3
208 4376 4
208 737 5
208 1362 5
209 3579 5
209 2639 5
209 4377 5
209 1505 5
209 4378 5
209 3600 5
209 826 5
209 4379 4
209 856 3
209 4380 4
209 1382 4
209 4381 4
209 4374 5
209 4382 2
209 4383 5
210 4384 5
210 4385 3
210 4386 1
210 4387 4
210 2093 4
210 1824 4
210 4388 3
210 3712 4
210 4389 4
210 3303 3
210 4390 4
210 104 1
210 712 2
210 1390 3
210 1331 5
210 4391 4
210 3985 3
210 4303 5
210 3195 4
210 313 4
210 4392 3
210 4004 5
210 3075 5
210 4393 5
210 4394 3
210 2152 4
210 3590 5
210 4395 4
210 4396 5
210 3983 4
210 3569 5
210 4122 5
210 4397 4
210 323 3
210 727 3
210 889 2
210 4398 4
210 4314 5
210 4399 3
210 1355 3
210 1408 5
210 309 4
210 4400 4
210 4401 5
210 4402 3
210 974 3
210 1275 1
210 3191 4
210 4403 2
210 4404 4
210 4405 5
210 4406 5
210 4072 2
210 4407 2
210 3016 5
210 4408 4
210 4091 5
210 4409 3
210 3444 4
210 3469 5
211 832 5
211 196 5
211 739 5
211 1845 5
211 4410 5
211 4411 4
212 712 5
212 902 5
212 2974 2
212 1379 4
212 699 4
212 908 3
212 258 5
212 4412 4
212 4413 2
212 2152 3
213 3981 5
213 1395 5
213 258 5
213 323 5
213 217 5
213 456 5
213 309 5
213 3149 5
213 4023 5
214 323 5
214 650 5
214 4414 4
214 4260 4
214 4415 4
214 712 5
214 1278 5
214 1041 4
214 4416 5
214 309 5
214 312 5
214 4027 4
214 1403 2
214 211 5
214 832 5
214 1408 5
214 4417 5
215 4418 1
215 4419 4
215 4246 1
215 4420 4
215 4421 5
215 3534 4
216 3548 1
216 1204 5
216 4422 4
216 4423 3
217 4424 5
217 2969 4
217 120 5
217 1636 4
217 24 5
217 4425 4
217 1667 4
217 4426 5
217 153 5
217 1068 4
217 4427 5
217 4094 5
217 3202 5
217 954 4
218 1616 1
218 1036 5
218 4428 5
218 4103 1
218 1673 5
218 1116 5
218 4429 4
218 3286 5
218 4430 1
218 4431 5
218 4293 5
219 288 5
219 3000 5
219 4432 4
219 3152 5
220 312 5
220 902 4
220 3641 5
221 4433 4
221 4058 4
221 4434 5
221 4435 5
221 312 1
221 4436 5
221 1277 3
221 4437 5
221 895 5
221 609 1
221 323 1
221 4438 5
221 4439 4
221 317 5
221 4440 5
221 258 5
221 4441 5
221 4442 5
221 1932 5
221 4443 4
221 4444 4
221 4445 4
221 3358 4
221 211 2
221 4446 5
221 4447 1
221 4448 1
221 3533 1
221 4449 5
222 1752 4
222 4450 5
222 1788 3
222 2369 2
222 4451 5
222 4452 5
222 3074 5
222 4453 5
222 4454 3
222 4455 4
222 4456 5
222 4457 5
222 4372 5
222 1651 5
222 4458 5
222 4459 5
222 4460 4
222 4461 5
222 4462 5
222 4463 5
222 2974 3
222 3368 5
222 4464 5
222 632 4
222 4465 5
222 1579 5
222 4466 5
222 4467 5
222 4468 5
222 4469 4
222 4470 5
222 4471 3
222 4472 4
222 4473 5
222 1890 3
222 3673 5
222 965 5
222 4474 5
222 515 5
222 3719 3
222 4475 5
222 4476 4
222 4477 4
222 4478 5
222 4479 5
222 1589 4
222 4480 4
222 4481 5
222 4482 5
222 4483 4
222 3164 4
222 4484 5
222 3720 4
222 4485 5
222 4486 5
222 1933 5
222 3175 5
222 4487 5
222 4488 5
222 3449 5
222 3606 5
222 4489 5
222 4006 5
222 1852 5
222 1939 5
222 3465 4
222 2009 5
222 4490 5
222 4491 4
222 2824 4
222 4492 5
222 4493 5
222 104 5
222 759 5
222 1277 5
222 4180 4
222 747 5
222 1263 5
222 772 5
222 1408 5
222 832 5
222 111 5
222 4494 5
222 196 5
222 3079 4
222 712 5
222 3990 5
222 217 5
222 762 5
222 1332 5
222 1275 1
222 2038 5
222 4495 5
222 3263 5
222 1648 5
222 59 5
222 4496 5
222 4497 5
222 4033 5
222 4498 5
222 4193 5
222 3000 5
222 274 4
222 4499 5
222 4500 4
222 2641 5
222 866 5
223 4501 4
223 309 5
223 4502 4
223 4503 5
223 4504 4
223 4505 5
223 4506 5
223 4507 4
223 4508 4
223 4509 4
223 3682 4
223 4510 5
223 325 4
224 650 5
224 4511 5
224 1267 2
224 4129 5
224 3260 5
224 1301 5
224 1305 5
225 3964 5
225 4512 4
225 129 5
225 2838 5
225 77 5
225 4513 5
225 4514 5
225 4515 5
225 1974 3
225 762 5
225 196 5
225 178 5
225 4516 5
225 4517 3
225 4297 5
225 4518 5
225 2814 3
225 4519 5
225 1737 3
225 1332 5
225 4369 5
225 3184 5
225 1430 5
225 4520 5
225 1303 5
225 4521 5
225 4522 2
225 4523 5
225 1422 4
226 1773 5
226 829 5
226 1264 5
226 712 5
226 1601 5
226 4524 5
226 695 5
226 728 5
226 738 4
226 704 4
226 766 5
226 104 5
226 1413 5
226 309 4
226 706 5
226 305 4
226 1332 5
226 1377 5
226 4525 5
226 474 5
226 2093 4
226 4526 5
227 1367 5
227 757 5
227 4006 5
227 4527 5
227 4528 5
227 1377 3
227 4529 5
227 4530 5
227 4531 5
227 1407 4
227 4532 1
227 2393 5
227 710 1
227 104 2
227 2264 5
228 211 4
228 2918 4
228 4533 5
229 104 5
229 1374 3
229 1422 5
229 4534 1
229 196 1
229 4535 4
229 4536 4
229 4537 4
229 4243 2
230 4538 5
230 2548 4
230 2532 4
230 4539 5
230 1707 5
230 2277 5
230 3146 4
230 1136 4
230 1407 5
230 4540 4
230 4541 5
230 3667 5
230 363 4
230 4542 4
230 82 5
230 3046 4
230 4543 4
230 4544 5
230 4545 4
230 4546 5
230 2657 5
231 4547 3
231 571 4
231 1136 4
231 2298 3
231 565 3
231 2405 3
231 712 4
231 2338 4
231 1310 4
231 3790 3
231 323 5
231 1312 3
231 4548 2
231 2722 3
231 4549 5
231 309 5
231 539 2
231 4550 3
231 1901 3
231 638 5
231 2718 3
231 1522 2
231 1481 2
231 2936 4
231 4551 4
231 1360 2
231 1339 4
231 4552 2
232 4553 5
232 843 4
232 4554 5
232 323 5
232 712 5
232 3000 5
232 4555 5
232 309 5
232 4556 5
233 4557 4
233 305 3
233 309 3
234 4558 5
234 1052 4
234 1911 5
234 4559 5
234 4560 5
234 4561 2
234 2701 5
234 4184 4
235 738 5
235 4562 5
235 28 5
235 313 3
235 4563 1
235 104 5
235 4564 4
235 4565 3
235 4566 5
235 4246 4
235 4567 5
235 1501 5
235 694 5
235 4568 3
236 4569 2
236 4570 4
236 2420 4
236 309 4
236 4571 2
236 4572 2
237 728 4
237 121 4
237 3253 5
238 4573 4
238 1697 1
238 4574 5
238 4575 3
238 4576 5
238 4577 5
238 4578 4
238 4579 5
238 4580 4
238 3412 5
238 4581 5
238 4545 5
238 4582 2
238 4159 5
238 4096 4
238 4583 5
238 4584 4
238 4585 5
238 759 5
238 4586 5
238 4587 5
238 258 1
238 832 4
238 4588 3
239 4589 5
239 4590 5
239 4591 5
239 4592 5
239 4436 3
239 4593 5
239 4594 4
239 4595 4
239 4596 2
239 1241 5
239 3854 5
239 3032 5
239 4597 5
239 2168 5
239 3427 5
239 4598 3
239 4599 4
239 4580 3
239 4600 4
239 4033 5
239 4101 5
239 4601 4
239 4602 3
239 4603 5
240 4604 4
240 4605 5
240 738 4
240 1228 5
240 2342 5
240 4606 4
240 2617 4
240 4607 4
240 714 5
240 4608 4
240 902 4
240 196 4
240 4609 5
240 4610 5
240 4611 4
240 4612 4
240 4613 5
240 4411 4
240 2421 5
240 704 5
240 1317 4
240 4614 4
240 843 4
240 728 3
240 2988 5
240 678 4
240 843 4
240 843 4
240 4615 5
240 843 5
240 2461 5
240 353 4
240 3895 4
240 828 3
240 3108 4
240 3046 5
240 4375 3
240 2907 3
240 490 4
240 4552 4
240 4165 3
240 882 4
240 2642 4
240 313 4
241 4616 4
241 3493 5
241 4617 5
241 4533 5
241 4618 3
241 4619 5
242 1773 4
242 4620 5
242 4621 4
242 4622 5
242 4623 5
242 4624 5
242 2670 4
242 4625 4
242 4626 5
242 4627 5
242 1202 4
242 3275 4
242 4022 3
242 3108 3
242 2174 5
242 4628 5
242 2695 5
242 3867 5
242 1462 5
242 3871 3
242 992 5
242 3782 4
242 4629 5
242 3583 3
242 900 5
242 4630 3
242 2252 4
242 4631 4
242 4632 2
242 1506 5
242 4633 2
242 4634 4
242 4635 4
242 2095 5
242 4636 5
242 934 5
242 4637 5
242 4638 5
242 4639 4
242 947 5
243 4640 5
243 4641 2
243 4642 5
243 4643 5
244 1403 1
244 699 5
244 323 5
245 211 5
245 1419 1
245 4644 4
245 1526 5
245 4645 5
245 4646 5
246 4647 2
246 4648 5
246 4235 5
246 4649 4
247 1403 1
247 312 5
247 1903 5
247 2940 2
247 156 5
247 1979 3
247 4650 5
247 323 3
247 4651 3
247 1395 3
247 837 5
247 4652 1
247 2913 4
247 4653 5
247 4654 5
247 196 4
247 1332 4
247 258 3
247 4655 5
247 4656 3
247 4657 3
247 4658 5
247 4659 4
247 769 5
247 4177 2
247 4222 4
247 686 4
247 4660 4
247 832 4
247 4661 4
247 276 5
247 309 3
247 4301 3
247 4662 2
247 461 3
247 4663 4
248 258 5
248 4664 4
248 2655 1
248 751 1
249 4665 4
249 1785 4
249 3072 5
249 2765 3
249 4666 4
249 3446 3
249 4667 2
249 4668 3
249 4669 5
249 4670 5
249 1285 3
249 4671 4
249 643 3
249 4672 4
249 3186 4
249 4673 3
249 3042 4
249 4674 4
249 4675 2
249 4676 4
249 1365 5
249 3447 4
249 2595 4
249 4677 5
249 3315 4
249 4426 5
249 4678 4
249 1281 2
249 1279 3
249 4679 5
249 4680 4
249 4681 4
249 934 4
249 609 4
249 4682 5
249 4683 4
249 4684 5
249 3166 4
249 4685 5
249 3242 5
249 712 3
249 4686 4
249 4541 5
249 4687 4
249 4688 5
249 992 4
249 610 5
249 4689 4
249 1343 5
249 1278 5
249 2701 5
249 309 4
249 218 3
249 4690 4
249 4691 5
250 2516 3
250 4547 4
250 1278 5
250 485 4
250 2243 3
250 856 4
250 4692 3
250 762 3
250 500 5
250 4693 4
250 2670 3
250 706 1
250 710 4
250 313 4
250 461 4
250 4019 5
251 4153 4
251 4034 4
251 4694 4
251 4695 4
251 1779 4
252 1395 4
252 4696 5
252 832 3
252 4697 4
252 4698 2
252 1469 5
253 3898 5
253 4699 5
253 766 2
253 4700 5
253 3458 5
253 1705 5
253 4701 5
253 3491 5
253 655 5
253 4702 5
253 1371 5
253 4703 4
254 323 3
254 4704 1
254 4705 5
255 699 5
255 211 4
255 2232 5
255 288 4
255 704 4
255 323 3
255 1355 4
255 4706 4
255 3005 3
255 4707 5
255 640 1
255 4102 5
256 3632 5
256 4374 5
256 4708 5
256 4016 5
256 2827 5
256 1382 4
256 4709 1
257 4710 5
257 4711 4
257 4712 5
258 965 5
258 288 3
258 3889 4
258 743 5
258 4324 4
258 4713 4
258 4714 5
258 4715 5
258 4716 5
258 4717 5
258 3992 5
258 4718 4
259 4719 5
259 728 5
259 766 5
259 751 5
259 4720 3
259 4721 4
259 4722 5
259 1414 1
259 1418 3
259 4723 2
260 710 5
260 3555 1
260 309 5
260 1773 5
260 1774 5
260 728 5
260 1775 5
260 2655 5
260 1313 5
260 4724 5
260 4725 5
260 723 5
260 1708 4
260 2966 5
260 2643 3
261 4726 1
261 4727 5
261 323 3
261 309 3
261 759 5
261 312 4
261 4728 5
261 3276 5
261 1049 5
261 1790 3
261 3300 5
262 759 4
262 695 3
262 277 4
262 4729 5
262 928 4
262 1501 4
262 712 5
262 762 5
262 4730 4
262 649 5
262 682 4
262 4731 4
262 3450 4
262 4496 5
262 704 4
262 309 4
262 683 4
262 769 5
262 3435 5
262 3443 3
262 312 5
262 2699 5
262 196 5
262 732 5
262 3303 5
262 4732 4
262 4235 3
262 276 4
262 4733 5
262 574 5
262 738 4
262 4734 4
262 4735 5
262 4736 5
262 4737 5
262 313 2
262 713 4
262 975 5
262 4738 5
262 1898 4
262 323 4
262 4516 5
262 996 4
262 258 5
262 2826 4
262 1988 5
262 3084 4
262 4739 5
262 4740 5
262 1277 5
262 4741 4
262 4742 5
262 4743 4
262 3272 5
262 785 4
262 4744 4
262 3659 4
262 1387 4
262 4745 4
262 1939 5
262 1408 5
262 1332 5
262 4439 5
262 4087 5
262 3610 2
263 196 5
263 323 5
263 4412 5
263 713 1
263 1278 5
263 1403 1
264 2655 3
264 4746 2
264 4747 5
264 1336 4
264 3436 4
264 3605 4
264 3226 4
264 132 4
264 728 3
264 4748 5
264 4749 4
264 3648 3
264 4750 5
264 768 5
264 4751 3
265 4752 5
265 695 3
265 710 5
265 4753 5
265 772 4
265 276 5
265 706 5
265 832 5
265 1947 5
265 313 4
265 1773 4
265 288 4
265 196 5
265 1772 5
265 732 4
265 258 5
265 312 4
265 1263 3
265 4754 3
265 751 4
265 2693 3
265 1421 3
265 4755 5
265 909 5
265 305 4
265 77 4
265 712 2
265 4742 4
265 4756 4
265 4075 5
265 323 4
265 4098 3
265 4105 5
265 4757 5
265 1277 5
265 884 4
265 211 3
265 4758 3
265 728 3
265 4371 5
265 4369 2
265 4759 5
265 2755 4
265 4760 4
266 1395 2
266 759 1
266 104 1
266 2300 4
266 3892 5
266 1332 3
266 1762 3
266 4044 4
266 1643 3
266 1277 5
266 1675 5
266 4761 5
266 4762 5
266 4763 3
266 1403 1
266 4764 5
267 766 3
267 4765 4
267 4766 5
267 4767 5
267 4768 4
267 4769 5
267 4770 4
267 4426 5
267 4771 4
267 4772 4
267 855 5
267 4773 4
267 4774 4
267 908 4
267 4775 5
267 1450 5
268 3195 5
268 309 3
268 699 3
268 4771 5
269 3146 5
269 686 1
269 4776 5
269 2143 5
269 4777 5
269 211 4
269 1779 5
269 2932 4
269 4157 3
269 4778 5
269 4779 4
269 4780 5
269 4781 5
269 4782 5
269 4783 5
269 4784 3
269 3267 5
269 3944 4
269 966 5
269 4785 5
269 1052 4
269 3884 4
269 4634 5
269 4786 5
269 839 5
269 910 5
269 3623 4
269 1510 5
269 860 5
269 3770 4
269 862 5
269 3444 5
269 3953 5
269 4135 3
269 4787 5
269 845 4
269 845 4
269 3315 3
269 4788 4
269 3617 5
269 1522 4
269 3447 4
269 1469 5
270 276 5
270 4789 4
270 217 5
270 4790 5
270 4791 2
270 1403 1
270 4792 5
271 1275 1
271 1350 5
271 2644 5
271 291 5
271 1244 5
271 2980 5
271 699 5
271 727 1
271 1277 5
271 4694 5
271 1278 5
271 728 5
271 732 5
271 4116 4
271 4793 4
271 4771 5
271 1982 5
271 309 1
271 4794 5
271 3708 2
271 843 1
271 773 4
271 4782 5
272 4795 5
272 4796 4
272 4797 5
272 4798 5
272 199 5
272 4799 5
272 4800 1
272 4801 5
272 4118 1
272 3523 5
272 4802 5
272 735 5
272 3464 5
272 759 4
272 772 4
272 741 5
272 4803 5
272 258 5
272 739 4
272 312 5
272 104 4
272 832 5
272 313 5
272 323 4
272 196 5
272 1395 5
272 726 5
272 211 5
272 762 5
272 780 5
272 3533 4
272 704 4
272 211 4
272 4194 5
272 792 5
272 288 4
273 2144 5
273 749 4
273 3198 3
273 2968 2
273 4804 5
273 4320 5
273 4805 5
273 4415 4
273 306 4
273 855 5
273 4806 5
273 4807 3
273 4808 5
273 1876 5
273 2933 4
274 1901 5
274 277 5
274 3000 5
274 4809 4
274 3553 5
274 309 4
274 843 3
274 4810 4
274 4535 4
274 2902 5
274 4811 3
274 4812 5
274 4811 3
274 4813 5
275 766 5
275 727 1
275 217 1
275 1773 1
275 843 5
275 4814 5
275 4815 4
275 4816 3
276 728 3
276 738 3
276 792 3
276 704 4
276 4817 5
276 276 3
276 4552 3
276 4818 3
276 727 5
276 766 1
276 759 5
276 832 3
276 323 3
276 313 2
276 1773 3
276 217 3
276 741 3
276 1754 4
276 1332 3
276 1338 1
276 1304 1
276 3449 5
277 728 3
277 695 4
277 4819 5
277 4820 5
277 312 4
278 694 4
278 4821 5
278 3860 4
278 4464 4
278 712 3
278 42 5
278 4822 5
278 4823 4
278 822 2
278 4824 5
278 3158 3
278 1757 5
278 411 5
278 4825 4
278 1365 5
278 4493 5
278 1084 3
278 1333 2
278 3790 4
278 3950 5
278 4826 3
278 4354 2
278 4827 4
278 4784 3
278 1067 5
278 4216 2
278 3829 2
278 4828 5
278 4829 4
278 1444 3
278 257 2
278 3606 4
278 4830 5
279 4831 5
279 4832 4
279 974 3
279 4833 2
279 4834 5
279 979 5
279 934 5
280 843 3
280 4835 2
280 2552 4
280 565 3
280 2405 4
280 4836 4
280 683 4
280 1067 4
280 4837 5
280 323 5
280 2980 2
280 3046 4
280 4818 4
280 3878 3
280 740 5
280 4838 5
280 4839 4
280 3533 5
280 4840 2
280 4841 4
280 1278 5
280 1832 2
280 2334 3
280 4842 5
280 452 1
280 309 5
280 4843 4
280 2655 1
280 4256 3
280 4844 1
280 1876 1
280 1865 5
280 2634 4
280 837 5
280 4216 5
280 4845 4
280 4265 4
280 2461 5
280 2649 3
280 4846 5
280 1485 5
280 3912 4
280 4847 2
280 4545 4
280 4788 5
280 3800 2
280 4848 3
280 4849 3
280 992 3
280 3770 5
280 3275 5
280 1515 1
280 3872 1
280 1522 3
280 4850 5
280 2648 4
280 4216 5
280 3055 5
280 4851 3
280 4852 2
280 3872 5
280 3839 2
280 4853 5
280 4854 4
280 2749 5
280 4855 3
280 4851 3
280 3055 5
281 4856 5
281 288 5
281 4857 5
281 4858 5
281 4859 4
281 309 4
281 4860 5
281 4861 4
282 258 5
282 3733 5
282 1415 3
282 3024 4
282 4120 4
282 305 4
282 713 5
282 1332 5
282 837 5
282 953 5
282 4862 4
282 1029 5
282 1408 5
282 1352 4
282 1772 4
282 211 4
282 4863 4
282 4864 5
282 4614 4
282 3523 5
282 4503 5
283 4865 5
283 4866 5
283 1278 5
283 4867 5
283 4868 4
283 312 4
283 4869 5
283 4135 3
283 4870 4
283 270 4
283 4135 5
283 4871 5
283 309 4
283 268 5
283 4872 5
283 4873 5
283 4874 5
283 3568 5
283 4875 3
283 3465 5
283 4117 5
283 4203 4
284 739 5
284 217 3
284 732 5
284 4876 4
284 1748 5
284 4877 5
284 3978 1
284 2174 5
284 4878 5
284 309 3
284 1332 1
284 2655 1
284 837 5
284 1643 3
284 306 5
284 4879 4
284 4163 4
284 351 3
284 2701 5
284 3131 5
285 2139 4
285 3273 4
285 4880 5
285 4881 5
285 104 5
285 4882 4
285 4883 5
285 4884 4
285 4885 5
285 843 5
285 288 5
285 772 5
285 327 2
285 245 5
285 4886 2
285 4208 4
285 4887 2
286 174 5
286 309 5
286 4888 1
286 4889 5
286 1981 5
286 1403 1
286 734 5
286 829 5
286 732 5
286 276 5
286 323 5
286 4890 5
286 712 5
286 217 5
286 739 5
286 1278 5
286 4891 5
286 1332 5
286 4556 5
286 759 1
286 741 5
286 4892 5
286 4893 3
286 4894 5
286 327 4
286 4895 5
286 4896 5
286 4897 1
286 4898 4
287 4899 3
287 4900 4
287 4642 5
288 4901 2
288 4902 1
288 4892 4
289 3348 4
289 539 3
289 4810 4
289 4903 4
289 276 5
289 217 5
289 4904 5
289 739 5
289 4865 3
289 4905 4
289 1008 5
289 4906 4
289 4907 5
289 4908 4
289 829 3
289 1328 5
289 4320 4
289 4840 2
289 28 5
289 836 1
289 4909 4
289 4148 5
289 1832 4
289 4156 5
289 2932 4
289 461 4
290 95 5
290 309 1
290 4910 5
290 4911 5
291 4912 4
291 747 5
291 3489 4
291 288 5
291 775 5
291 1682 5
291 313 5
291 829 5
291 4099 5
291 762 5
291 276 5
291 4913 5
291 4302 3
291 699 5
291 2995 3
291 2280 4
291 1981 5
291 1403 1
291 4098 5
291 734 5
291 4688 5
291 3204 4
291 3346 5
291 4836 3
291 1988 5
291 1643 3
291 4101 5
291 4023 5
291 3978 1
291 1312 3
291 739 5
291 4818 4
291 792 4
291 4548 2
291 837 5
291 4156 2
291 772 5
291 2701 5
291 4914 5
291 832 5
291 3985 2
291 4915 5
291 710 5
291 323 5
291 515 5
291 706 5
291 211 5
291 104 5
291 741 5
291 3979 3
291 28 5
291 312 5
291 1395 5
291 1332 5
291 704 5
291 759 5
291 712 5
291 732 5
291 900 5
291 196 3
291 1241 4
291 258 5
291 4520 4
291 610 4
291 738 5
291 217 5
291 4916 4
291 974 2
291 3498 3
291 713 1
291 1278 5
291 309 5
291 2916 3
291 4917 2
291 4080 3
291 1462 4
291 4918 4
291 4919 4
292 4920 5
292 323 5
292 4921 5
292 313 5
292 142 5
292 3840 3
292 4922 3
292 4923 5
292 4924 5
292 746 5
292 309 5
292 4925 5
292 4156 5
293 4926 1
293 650 5
293 1278 4
293 4775 4
293 4927 5
293 309 3
293 182 5
293 728 5
293 837 5
293 104 4
293 323 5
293 4741 5
293 3197 5
293 249 5
293 2831 4
293 762 1
293 843 3
293 4928 2
293 4929 5
293 4930 5
294 4931 5
294 4932 1
294 4933 5
294 3721 5
294 4934 4
294 1515 1
294 4935 4
294 4713 5
295 4936 5
295 4937 5
295 4775 5
296 4626 5
296 4938 3
296 673 1
297 832 5
297 695 5
297 738 5
297 1318 5
297 772 5
297 706 5
297 1313 1
297 217 5
297 3000 5
297 288 5
297 309 5
297 1734 4
297 3449 5
297 775 5
297 1403 1
297 276 5
297 4652 5
297 323 5
297 3270 5
297 211 3
297 1419 1
297 764 5
297 196 5
297 312 5
297 4939 5
297 740 5
297 3082 5
297 728 5
297 2152 1
298 4812 4
298 4049 5
298 4940 5
298 1403 2
298 1260 4
298 309 4
298 3156 1
299 4941 4
299 2257 4
299 4942 5
299 4943 5
299 4944 3
299 4945 5
299 1752 3
299 4134 4
299 4946 4
299 714 5
300 4947 4
300 3352 5
300 4948 5
300 4949 5
300 4950 5
300 3525 4
300 4951 5
300 211 5
300 312 5
300 1898 4
300 4952 5
300 278 4
300 309 3
300 3449 4
300 306 5
300 4953 4
300 3950 5
300 4954 5
300 4955 2
301 87 4
301 4956 5
301 4957 5
301 4958 5
301 3129 5
302 1477 1
302 740 5
302 1241 5
302 4959 4
302 4960 4
302 4961 5
302 4962 4
302 4380 4
302 4963 5
302 4964 4
303 4965 5
303 258 2
303 3505 5
303 3462 5
303 1317 4
303 3402 3
303 3322 5
303 2589 3
303 3451 2
303 731 3
303 2252 5
303 4966 1
303 4154 1
303 2649 3
303 4967 5
303 4748 5
303 4968 5
303 4969 5
303 3251 5
304 3123 5
304 211 5
304 735 5
304 862 5
304 4970 4
304 4919 4
304 4971 4
304 4972 5
304 4117 5
305 2672 5
305 1939 5
305 4973 3
305 188 5
305 4868 5
305 4974 5
305 4821 5
305 4975 5
305 4976 4
305 3420 5
305 4221 5
306 312 5
306 201 5
306 2996 5
306 4977 5
306 4978 2
306 4979 5
306 1583 5
306 4980 5
306 4981 4
306 4982 4
306 4702 5
306 825 4
306 4467 5
306 4983 5
306 4984 5
306 309 3
306 4985 5
306 4986 3
306 4987 3
306 3331 5
306 744 5
306 1604 5
306 2971 5
306 4988 5
306 2968 3
306 4989 5
306 1510 5
306 4990 5
306 1342 4
306 862 5
306 4782 5
307 4991 5
307 2626 4
307 4992 5
307 4993 5
307 857 5
307 4994 4
307 2868 3
307 4995 1
307 4996 5
307 4997 4
307 4998 5
308 217 5
308 4999 4
308 741 5
308 712 5
308 700 4
308 4867 5
308 196 5
308 1352 5
308 4682 5
308 1278 5
308 2655 5
308 258 5
308 5000 5
308 2747 5
308 1982 3
308 5001 5
308 1403 2
308 1328 5
308 312 5
308 276 5
308 1682 5
308 1399 5
308 5002 5
308 3166 5
308 323 5
308 77 5
308 1343 5
308 5003 5
308 5004 5
308 3533 5
308 4380 5
308 313 1
308 4983 5
308 740 5
308 1391 5
308 1939 5
308 288 5
308 706 5
308 2151 5
308 1955 5
308 452 3
308 1421 5
308 309 4
308 2651 5
308 3498 5
308 903 5
308 211 5
308 3880 5
308 4952 5
308 5005 5
308 4900 5
308 5006 3
308 3427 5
308 2715 5
308 3577 4
308 5007 4
308 3035 5
308 2936 2
309 3736 5
309 2791 3
309 5008 5
309 5009 4
309 5010 3
310 323 5
310 740 3
310 761 5
310 312 4
310 309 4
310 5011 2
310 4055 3
310 4919 3
310 3990 5
310 5012 5
310 5013 5
310 5014 5
311 1403 1
311 4465 5
311 309 3
311 2089 4
311 997 4
311 3449 4
312 1870 5
312 1318 5
312 700 4
312 4681 5
312 5015 5
312 713 1
312 5016 3
312 5017 5
312 4643 4
312 1026 1
312 5018 5
312 2308 3
312 3035 5
312 5019 5
312 438 4
312 810 4
312 2139 3
312 4717 4
312 1332 5
312 5020 5
312 891 5
312 5021 5
312 1442 5
312 3446 5
312 850 5
312 4107 5
312 826 4
312 5022 5
313 305 5
313 104 2
313 762 2
313 2830 5
313 1925 5
313 5023 5
313 3018 4
314 4465 5
314 1332 5
314 747 4
314 309 4
314 5024 5
315 728 5
315 934 5
315 309 5
315 5025 5
316 3000 5
316 2655 5
316 313 4
316 276 5
316 5026 5
316 3549 5
316 5027 4
316 75 4
316 196 4
316 5028 4
316 5029 4
316 4088 4
316 1316 5
316 1342 4
316 1275 5
316 5030 4
316 3465 2
316 321 5
316 1884 1
316 1387 4
316 211 3
316 1422 5
316 912 4
316 704 5
316 323 5
316 1332 3
316 1419 4
316 1267 4
316 1406 4
316 5031 4
316 4542 5
316 153 4
316 3581 5
316 4518 5
316 309 3
316 4791 1
316 4995 1
316 3993 5
316 4598 5
317 4922 3
317 93 5
317 276 3
317 1395 3
317 258 4
317 3830 5
317 5030 5
317 133 3
317 735 3
317 3465 4
317 313 4
317 278 2
317 104 5
317 5032 3
317 706 4
317 323 4
317 919 4
317 312 4
317 211 4
317 5033 5
317 288 4
317 309 3
317 326 4
317 1458 4
317 5034 5
318 3871 4
318 5035 5
318 4134 5
318 126 5
318 968 5
318 1358 1
318 5036 4
318 5037 4
318 1663 4
319 5038 5
319 4839 4
319 5039 2
319 5040 4
320 1407 5
320 2743 4
320 5041 4
320 1407 5
320 5042 5
321 4560 4
321 650 5
321 739 3
321 5043 5
321 762 5
321 710 3
321 313 3
321 2837 5
321 5044 4
321 5045 5
321 2651 4
321 309 3
321 5046 3
321 5047 4
322 4289 4
322 4203 5
322 2675 5
323 4839 5
323 5018 3
323 488 4
324 643 5
324 722 5
324 312 3
324 1391 5
324 4792 4
324 3686 5
324 1995 1
324 5048 1
324 4163 5
325 762 5
325 5049 5
325 5050 5
325 5051 5
325 5052 4
326 1260 5
326 824 5
326 5053 5
326 5054 2
326 198 5
326 704 5
326 4887 3
326 196 5
326 4599 5
326 313 5
326 787 5
326 734 5
326 258 5
326 766 5
326 4026 5
326 309 5
326 4080 5
326 762 5
326 837 5
327 2708 4
327 5055 5
327 5056 5
327 5057 5
327 5058 2
327 4917 2
328 4681 5
328 114 4
328 466 5
328 727 5
328 728 5
328 843 5
328 5059 5
328 3064 5
328 5060 4
328 3275 4
328 5061 4
328 5062 5
328 4829 1
328 1054 5
328 5063 4
329 2858 5
329 5064 5
329 3315 5
329 2144 5
329 732 5
329 305 5
329 5065 4
329 1343 5
329 5066 4
329 5067 5
329 5068 4
329 4919 5
329 5069 2
330 5070 4
330 5071 5
330 5072 4
331 740 5
331 2152 1
331 1408 5
331 313 1
331 759 1
331 832 5
331 305 4
331 309 5
331 258 5
331 5071 5
331 5073 5
331 5074 5
331 323 5
331 934 5
331 1501 5
331 1372 4
331 1332 5
331 712 5
331 1403 1
331 1003 2
331 1316 5
331 5075 5
332 59 5
332 2996 5
332 5036 3
332 2698 5
333 5076 4
333 5063 5
333 857 4
333 5077 4
334 934 4
334 5078 4
334 1374 3
334 309 5
335 566 5
335 4060 5
335 5079 4
335 5080 4
335 727 3
335 5081 5
335 4077 5
335 4063 1
335 276 3
335 211 3
335 5082 4
335 4396 4
335 4138 5
335 5083 3
335 3935 4
335 5084 3
335 305 5
335 772 3
335 5085 4
335 5023 4
335 4723 2
335 5086 1
335 5087 4
336 3149 2
336 882 5
336 4042 5
336 4423 2
336 590 5
336 5088 5
336 4400 4
336 306 5
336 2338 5
336 4909 4
336 5089 5
336 832 5
336 2005 5
336 5090 5
336 5091 5
336 5092 1
336 721 4
336 4163 5
336 5093 5
336 2939 5
336 837 5
336 5094 4
336 5095 5
336 5096 4
336 5097 5
336 5098 4
336 3921 5
336 4251 5
336 5099 4
336 5100 4
336 908 5
336 5101 4
336 3837 1
336 4124 5
336 4808 5
336 5102 5
336 2978 3
336 5103 5
336 5104 5
336 5105 2
336 5106 4
336 5107 1
336 5108 3
336 3516 5
336 5109 3
336 4040 5
337 1602 4
337 4928 4
337 254 5
337 5110 5
337 3913 4
337 5111 4
337 169 5
337 5112 5
337 3422 5
337 5113 3
337 5041 4
338 1275 1
338 1332 2
338 5114 4
338 1352 5
338 837 5
338 1774 3
338 4206 3
338 843 4
338 656 1
338 728 1
338 4836 5
338 5115 4
338 5116 5
338 3606 5
338 5117 4
338 2029 4
339 900 5
339 309 5
339 2419 5
339 740 5
339 3123 5
339 3764 5
339 211 5
339 762 5
339 728 4
339 909 5
339 829 5
339 288 5
339 1395 2
339 5118 5
340 312 5
340 712 4
340 196 5
340 5119 5
340 1412 5
340 288 5
340 5120 5
340 305 5
340 276 5
340 309 5
340 5121 2
340 4915 5
340 772 5
340 843 5
340 766 5
340 4262 4
340 4219 2
340 3263 5
340 5122 1
340 3615 1
340 5123 5
340 3000 5
340 3768 2
340 3156 2
340 5124 5
340 4673 3
340 5125 5
340 2168 5
340 3267 5
340 4634 1
340 5126 4
340 5127 5
340 3868 3
340 5128 5
340 5129 5
340 5130 5
340 5131 5
341 268 5
341 5132 4
341 5133 5
341 5134 5
341 5135 1
342 706 5
342 5136 5
342 5137 3
342 5076 4
342 5138 5
342 5139 4
342 5140 5
342 1502 5
342 5141 3
342 1434 1
342 749 3
342 5142 4
343 5143 5
343 2479 4
343 664 5
343 1247 3
343 792 4
343 561 4
343 1254 4
343 4621 4
343 4893 5
343 5144 4
343 3145 5
343 5145 5
343 1705 5
343 1469 3
343 3869 4
343 742 2
343 5146 5
343 276 5
343 312 4
344 739 3
344 704 5
344 5147 5
344 829 4
344 772 4
344 1395 4
344 832 5
344 4758 1
344 706 5
344 4681 5
344 288 5
344 323 5
344 5148 5
344 258 5
344 313 1
344 5149 5
344 3395 4
345 5150 5
345 4096 5
345 1774 5
345 610 5
345 732 5
345 4534 5
345 1648 5
345 5151 5
345 917 3
345 217 5
345 4865 5
345 5152 5
345 4755 5
345 2833 4
345 766 5
345 5153 1
345 3098 5
345 1441 1
345 278 5
345 713 1
345 1240 5
345 312 5
345 740 5
345 1368 5
345 4997 4
345 1401 1
345 1332 5
345 4728 5
345 5154 5
345 5155 3
345 3151 3
345 900 5
345 102 5
345 5156 5
345 3499 3
345 728 5
345 735 5
345 755 5
345 2980 5
345 211 5
345 1412 5
345 741 5
345 1413 5
345 706 1
345 196 1
345 4072 1
346 5157 5
346 5158 5
346 5159 2
346 1061 2
346 5160 5
346 5161 3
346 3329 5
346 5162 5
346 3339 5
346 5163 4
346 1629 4
346 1049 4
346 1042 4
346 3032 5
346 852 4
346 980 5
346 900 5
346 3659 4
346 1029 5
346 1513 1
346 979 5
346 934 5
346 1052 4
346 1323 5
346 5164 5
346 3953 5
346 5165 5
346 5166 3
346 4833 5
346 5167 2
346 1870 5
346 5168 1
346 5169 5
346 5170 4
346 5171 1
346 906 5
346 1093 5
346 1067 1
346 974 3
346 5172 3
346 954 2
346 5173 5
346 5174 5
346 5175 3
346 1097 5
346 2264 5
346 5176 5
346 5177 5
346 5178 5
346 5179 5
346 5180 5
346 5181 5
346 5182 2
346 5183 3
346 3796 5
346 4958 5
346 1078 1
346 2045 5
346 5184 2
346 5185 4
346 5186 5
346 5013 3
346 5187 5
346 1053 2
346 2398 4
346 1448 5
346 5188 1
346 2617 5
346 5189 5
346 5190 5
346 3501 5
346 5191 5
346 1062 2
346 5192 5
346 2941 5
346 5193 4
346 1011 5
346 143 4
346 620 5
347 4262 4
347 3263 5
347 5194 4
348 5195 5
348 4730 3
348 28 5
348 772 5
348 3878 5
348 1407 5
348 305 5
348 5196 5
348 759 5
348 258 5
348 309 5
348 309 5
348 5004 5
348 309 5
348 312 5
348 288 2
348 5197 5
348 5198 5
348 4454 4
348 276 3
348 706 2
348 4200 5
348 313 5
348 1402 4
348 196 2
348 104 3
348 832 5
348 5199 5
348 4325 4
348 5200 3
348 5201 5
348 1386 1
348 1395 5
348 784 5
348 1625 4
348 5202 5
348 323 5
348 5203 4
348 1699 5
348 5204 5
348 5041 4
348 4599 1
348 3364 5
348 4886 2
348 2737 3
348 5205 4
348 1049 2
348 5206 3
348 3136 5
349 5207 3
349 5144 5
349 1395 1
349 211 5
349 5208 5
349 276 1
349 217 1
349 739 4
349 312 1
349 4023 5
349 4915 5
349 5209 5
349 4610 5
349 5210 5
349 1275 4
349 5211 5
349 720 4
349 3895 5
349 1350 5
349 288 2
349 2975 5
349 5212 5
349 759 4
349 4551 3
349 3964 5
349 5213 2
349 1865 1
349 826 5
349 2244 5
349 5214 4
350 780 5
350 1998 5
350 4706 3
350 713 1
350 1332 5
350 5215 5
350 5086 1
350 5216 5
350 5217 5
350 3290 5
350 5218 2
350 2674 4
351 174 5
351 1981 3
351 309 3
351 5219 2
352 1609 5
352 2655 1
352 706 1
352 150 5
352 2852 2
352 1278 5
352 704 1
352 5220 5
352 2421 5
352 650 5
352 824 3
352 3686 3
352 323 1
352 832 1
352 732 5
352 1275 5
352 712 5
352 4681 5
352 2939 2
352 288 5
352 196 5
352 5221 3
352 309 5
352 4311 5
352 276 1
352 1501 5
352 312 5
352 1366 5
352 4386 1
352 5222 1
352 3089 5
353 1403 1
353 4394 5
353 832 5
353 5223 5
353 309 5
353 5224 5
353 5225 5
353 5226 5
353 3672 5
353 5149 5
354 1352 5
354 5227 4
354 258 1
354 722 5
354 5228 3
354 2338 5
354 5229 5
354 5230 5
354 5231 5
354 211 1
354 5066 2
354 4887 1
354 309 1
354 5232 2
354 2917 2
354 47 5
355 3311 3
355 5095 5
355 734 5
355 2935 5
355 5034 4
355 772 5
355 5233 4
355 3263 4
355 5234 5
355 5235 5
355 208 5
355 4333 5
355 309 5
355 5236 5
355 309 5
355 313 5
355 196 5
355 4320 5
355 1939 5
355 2826 5
355 710 5
355 3958 5
355 3000 5
355 258 5
355 4056 5
355 913 5
355 322 4
355 5237 5
355 5238 5
355 5239 5
355 5240 1
355 5241 5
355 5242 5
355 3607 1
355 5243 5
355 574 3
355 3672 5
355 5092 5
355 5244 5
355 1467 1
355 943 5
355 3182 5
355 5245 5
355 5246 5
355 3699 5
356 5247 3
356 196 5
356 1728 5
356 546 5
356 4199 4
356 5105 5
356 4197 4
356 5248 4
356 825 5
356 5249 3
356 211 5
356 4723 3
356 5250 3
356 309 5
356 309 5
356 4168 5
356 28 5
356 1709 5
356 762 5
356 5251 5
357 5252 2
357 2833 4
357 278 3
357 2830 5
357 5253 3
357 5254 1
357 4681 3
357 5255 4
357 2158 5
357 306 2
357 1770 5
357 313 3
357 5256 5
357 211 2
357 5257 3
357 4715 5
357 1682 4
357 2139 3
357 5258 5
357 3889 5
357 5259 3
357 5260 4
357 5261 4
357 5262 5
358 710 5
358 735 5
358 5263 5
358 772 5
358 4932 1
358 5264 5
358 5265 4
358 118 4
358 5266 5
358 3588 5
358 3446 5
358 5267 5
358 4427 5
358 5133 4
358 3958 5
358 5268 5
358 5269 5
358 5270 4
358 5271 1
358 3846 4
358 5272 5
358 124 5
358 5273 5
358 5274 5
358 5275 3
358 5276 5
358 5277 5
358 5278 5
358 5279 4
358 4439 5
358 4354 4
358 5280 5
358 923 3
358 5281 4
358 5282 4
358 2102 3
358 5283 2
358 5284 5
358 5285 3
358 5134 5
358 5286 5
358 963 5
358 954 5
358 5287 4
358 5288 4
358 5289 5
358 971 4
358 1002 2
358 857 5
358 3801 5
358 3829 4
358 5290 5
358 5291 5
358 5292 5
358 5293 4
358 5294 5
358 5295 5
358 5296 5
358 5297 3
358 5298 5
358 645 5
358 1551 5
358 5299 5
358 5300 4
358 5301 3
358 145 4
358 5302 3
358 5303 5
358 1515 5
359 323 2
359 1419 5
359 1403 2
359 312 4
359 4506 5
359 979 2
359 3562 5
359 211 5
359 4314 3
359 979 4
359 4737 5
359 1492 5
359 5304 5
359 3633 5
359 4439 4
359 1723 4
359 810 5
359 5305 3
359 2737 3
359 4325 4
359 1428 5
360 282 5
360 251 5
360 206 5
360 5306 3
360 50 5
361 1410 4
361 756 5
361 5307 5
361 1420 2
361 4965 5
361 3751 4
362 728 3
362 5308 5
362 5309 5
362 5310 4
362 5311 5
362 5312 4
362 2712 5
362 2713 5
362 934 5
362 5313 4
362 5314 5
362 906 1
362 2753 4
362 5315 4
362 5316 5
362 5317 4
362 5318 5
362 5319 2
362 1021 4
362 5320 4
362 3275 5
362 2704 3
362 2613 3
362 5321 4
362 5322 4
362 5323 2
362 5324 5
362 845 4
362 5325 4
363 3000 5
363 728 5
363 5326 5
363 2745 5
363 5327 4
363 5328 5
363 1417 5
363 77 5
363 5329 5
363 5330 5
363 2755 5
363 4044 4
364 1996 5
364 2831 4
364 732 3
364 3954 2
365 3072 5
365 3265 1
365 5331 5
365 104 1
365 5332 5
365 5333 4
365 4301 5
365 5334 5
365 5335 4
365 5336 1
365 5337 5
365 5338 5
365 1682 5
365 5339 5
365 843 1
365 5340 4
365 5156 5
365 1414 1
365 5341 5
365 1332 3
365 762 1
365 832 5
365 5342 4
365 1263 5
365 5206 4
365 5343 5
365 306 5
365 2693 1
365 3599 4
365 5344 5
365 5345 5
365 1943 1
365 1422 1
365 1423 1
365 3595 1
365 5346 5
365 974 3
365 5280 4
365 3052 3
365 906 4
365 5347 3
365 5348 3
365 1403 1
365 3592 4
365 3085 3
365 1365 5
365 4280 5
365 4056 5
365 1459 5
365 5349 5
365 5350 5
365 5351 5
365 4281 5
365 5352 3
365 1417 5
365 1277 5
365 792 5
365 4834 5
365 312 5
365 5353 4
365 2651 5
365 5354 5
365 979 4
365 3322 5
365 5355 4
365 5356 5
365 5357 4
365 3373 4
365 5358 3
365 5239 3
365 934 5
365 3943 4
365 5359 5
365 1002 3
365 5360 5
365 5000 4
365 5361 4
365 814 3
365 5362 4
365 5363 4
365 3749 5
365 5364 4
365 3606 5
365 4826 5
365 5365 3
365 5366 5
365 5367 5
365 5368 3
365 5369 5
365 5370 5
365 5371 4
365 1043 5
365 1452 5
365 3801 5
365 1514 5
365 5372 5
365 5373 4
365 3796 5
365 5374 1
365 5375 4
365 5376 1
365 2045 2
365 5377 5
365 1522 1
365 5378 4
365 5379 5
365 4509 5
365 3947 5
365 5380 5
365 1055 5
365 4400 4
365 5381 4
365 5382 4
365 5383 5
365 992 4
365 5384 4
365 4308 5
365 5008 5
365 3887 5
365 5385 4
365 5386 5
365 5228 1
365 5387 5
365 3151 5
365 5388 5
365 4593 5
365 5389 4
365 5390 4
365 5391 4
365 5392 3
365 3953 5
365 5058 4
365 5228 4
365 2663 5
365 5393 4
365 5394 3
365 954 2
365 5395 4
365 5396 5
365 5397 5
365 5398 5
365 5399 4
365 5400 5
365 5401 5
365 1344 5
365 3953 5
365 5228 4
365 5402 5
365 5403 3
366 900 5
366 1346 2
366 1274 5
367 5404 5
367 772 1
367 312 5
367 5405 5
367 5406 1
367 5407 4
367 1395 1
367 953 4
367 712 5
367 724 5
367 288 2
367 589 4
367 4944 1
367 5408 5
367 4752 5
367 1029 5
367 1973 5
367 5409 5
367 5410 5
368 879 3
368 4373 3
368 738 5
368 306 3
368 740 1
368 211 5
368 5411 5
368 728 5
368 5412 4
369 5413 3
369 3670 5
369 5414 5
369 5415 1
369 5416 2
369 390 2
369 5417 1
369 3711 5
369 1982 5
369 843 5
369 738 5
369 5418 5
369 1350 5
369 104 5
369 2979 5
369 313 5
369 5419 5
369 5420 1
369 732 5
369 5421 4
369 2655 5
369 1391 5
369 3477 4
369 728 4
369 1275 5
369 740 4
369 1408 5
369 4301 5
369 1432 4
369 706 4
369 710 5
369 832 5
369 4280 5
369 1945 5
369 5422 5
369 739 4
369 792 4
369 312 5
369 5077 5
369 704 4
369 258 4
369 1402 5
369 759 5
369 772 3
369 288 4
369 3613 5
369 1414 4
369 735 4
369 829 5
369 3123 4
369 276 1
369 712 4
369 762 4
369 1395 3
369 5423 3
369 5424 5
369 5425 5
369 28 5
369 196 5
369 323 5
369 1409 5
369 1406 5
369 5426 2
369 5427 5
369 741 5
369 5226 3
369 5428 5
369 5429 2
369 4049 1
369 327 2
370 5430 5
370 5431 5
370 4426 5
370 5432 2
370 5433 4
370 4088 5
370 5434 2
370 891 5
370 3989 2
370 1077 3
370 5435 5
370 3272 1
370 3685 1
370 1029 5
371 104 5
371 5436 5
371 5437 5
371 742 4
371 5438 5
371 706 1
371 5439 5
371 5440 5
371 5441 5
371 766 5
371 5442 4
371 453 5
371 728 3
371 5443 5
371 873 5
371 5000 5
372 3304 5
372 5444 5
372 1332 5
372 5445 1
372 1325 1
372 5446 1
372 4890 3
372 5447 5
372 5448 1
372 5449 1
372 5407 1
372 1762 3
372 5450 1
372 5451 1
372 5452 5
372 1318 3
372 3449 5
372 5453 4
372 1643 1
372 5454 4
372 3746 2
372 5455 3
372 5456 5
372 313 5
372 4782 4
372 2590 5
372 5457 5
372 5458 5
372 2655 1
372 1067 1
372 5459 5
372 867 5
372 5460 5
372 2718 5
372 881 2
372 5461 4
372 2652 5
372 5462 5
372 5463 5
372 1103 1
372 5464 1
372 5465 5
372 4189 5
372 906 2
372 5466 5
372 5467 4
372 5468 5
372 5469 5
372 5470 5
372 5355 5
372 5471 5
372 5472 5
372 5473 1
372 5474 5
372 2746 5
372 3801 5
372 5232 5
373 309 5
373 1366 5
373 5475 5
373 4333 5
373 258 5
373 288 5
373 5476 3
373 778 2
373 2651 5
373 5477 4
373 2417 2
373 3322 5
373 5004 4
373 2831 5
373 3659 4
373 1003 4
373 5478 4
373 846 4
373 3985 5
373 762 3
373 5479 5
373 1486 5
373 5480 5
373 5481 4
373 5482 3
373 1629 4
374 323 5
374 5483 4
374 4117 4
374 4137 4
374 5484 5
374 1332 5
374 2978 3
374 5485 4
374 153 4
374 789 2
375 104 1
375 792 5
375 5486 5
375 829 5
375 3607 1
375 4618 5
375 713 1
375 728 5
375 772 5
375 751 1
375 4105 5
375 1395 4
375 5073 5
375 196 1
375 211 5
375 4699 4
375 5487 5
375 312 1
375 2655 1
375 276 5
375 4758 5
375 1403 2
375 5093 4
375 5488 5
375 1413 4
375 5409 5
375 5489 3
375 1049 5
375 323 5
375 886 1
375 1352 5
376 4382 4
376 3953 5
376 4103 5
376 3449 3
376 4622 4
376 407 5
376 5490 4
376 5491 5
376 2714 4
376 5492 2
376 1054 4
376 4694 5
376 622 5
376 2262 4
376 5493 4
376 5494 4
376 5299 4
376 2969 5
376 3863 5
376 5495 5
376 5496 4
376 5497 5
376 5498 5
376 5499 2
376 5392 5
376 5500 4
376 5501 1
376 4593 5
376 1053 4
376 2730 5
377 5502 5
377 3120 5
377 276 4
377 735 4
377 762 3
377 5503 5
377 2717 5
377 832 5
377 5504 4
377 5505 3
377 313 1
377 5506 4
377 288 5
377 1413 3
377 312 4
377 196 5
377 759 4
377 5507 2
377 323 5
377 1357 4
377 5508 5
377 104 5
377 1982 4
377 5509 5
377 5348 4
377 3822 5
377 5510 3
377 766 3
377 3115 4
378 5511 2
378 1406 5
378 3166 4
378 4682 5
379 5512 4
379 276 5
379 4076 4
379 836 1
379 5513 5
379 740 5
379 5514 4
380 2922 5
380 1051 4
380 3766 4
380 4520 4
380 5515 5
381 3073 5
381 5516 5
381 5517 5
381 719 4
381 2678 4
381 4953 5
381 3427 5
381 807 2
381 5518 2
381 5519 3
381 4699 5
381 667 5
381 5520 5
381 5521 4
381 1518 4
381 1462 4
381 3827 4
381 2194 1
381 5522 4
381 1520 2
381 5523 4
381 904 3
381 1101 5
381 4275 2
381 663 5
381 5524 1
381 3797 2
381 3146 5
381 5525 2
381 5526 5
381 932 4
381 4842 5
381 2921 5
381 5527 5
381 924 3
381 1876 4
381 5528 3
381 378 4
381 1469 4
381 3108 2
381 3782 5
381 2695 4
381 5529 5
381 4565 1
381 5129 5
381 3684 1
381 974 3
381 963 5
381 5530 5
381 2363 5
381 5531 5
381 2304 1
381 5532 5
381 3393 4
381 3870 2
381 5453 5
381 3852 4
381 3814 5
381 4545 4
381 5533 5
381 3867 2
381 3869 3
382 5534 5
382 776 5
382 1403 1
382 3564 5
382 5535 5
382 1744 5
382 4044 4
382 5536 4
382 4772 1
382 795 4
382 5537 5
382 5538 5
382 3465 3
382 5539 4
382 5540 4
383 281 5
383 4827 5
383 168 5
383 203 5
383 1448 5
384 2933 4
384 679 5
384 683 5
384 5541 5
384 5542 5
384 5543 2
384 5116 5
384 5544 4
384 4782 5
384 4739 5
384 3592 5
384 3310 5
384 3666 4
384 829 5
384 313 5
384 4509 5
384 5545 5
384 832 5
384 196 5
384 323 5
384 5546 2
384 5547 5
384 5548 5
384 5549 3
384 823 5
384 5550 4
384 867 5
384 1275 1
384 5551 5
384 4825 2
384 3556 5
384 5196 1
384 4824 5
384 1052 5
384 5552 3
384 5553 5
384 5554 4
384 5555 4
384 991 5
384 5556 5
384 5557 5
384 3606 5
384 934 4
384 1510 5
384 839 5
384 860 5
384 862 5
384 957 4
384 5558 5
384 937 5
385 5559 5
385 737 4
385 5560 5
385 5561 5
385 5562 5
385 2714 4
385 3392 5
385 3814 5
385 5563 5
385 5564 4
385 3339 5
385 705 5
385 5565 5
385 778 5
385 3000 5
385 4770 5
385 776 5
385 5566 5
385 1410 5
385 5567 5
385 4312 5
385 4985 5
385 1682 3
385 5568 5
385 1944 5
385 5569 1
385 1390 2
385 753 5
385 1767 5
385 3553 5
385 792 3
385 3263 5
385 5570 5
385 5571 5
385 1939 5
385 1067 4
385 751 4
385 1415 2
385 28 4
385 5572 5
385 832 4
385 5573 5
385 326 5
385 276 5
385 1275 1
385 3683 4
385 5574 5
385 4546 5
385 954 5
385 5575 5
385 4125 5
386 5265 4
386 5576 2
386 3228 5
386 897 5
386 589 4
387 5577 4
387 3516 5
387 5578 5
388 1774 3
388 772 3
388 104 4
388 728 4
389 5579 4
389 832 5
389 2705 5
389 1682 5
389 3973 5
390 5580 4
390 5138 3
390 1707 4
390 2634 4
390 5552 4
390 2892 5
390 5581 2
390 4114 5
390 5582 4
390 4548 2
390 3490 4
390 196 5
390 2241 5
390 831 4
390 5583 5
390 830 5
390 2692 5
390 5584 3
390 5585 3
390 4832 4
390 3416 4
390 5586 4
390 5587 4
390 5588 4
390 5589 4
390 5590 5
390 5591 4
390 5592 5
390 3213 2
390 3762 3
390 5593 3
391 5594 5
391 835 5
391 5595 4
391 3915 4
391 782 1
391 2868 5
391 1041 5
391 5596 5
391 5597 5
392 309 3
392 737 4
392 691 4
392 728 1
392 1973 5
392 5598 3
392 5599 4
392 5600 3
392 5340 4
392 4558 4
392 5601 4
392 5602 4
392 1902 5
392 3827 4
392 1629 5
393 1260 1
393 211 5
393 728 5
393 5603 5
393 258 3
393 5604 5
393 5605 3
393 5606 5
394 5607 2
394 3063 5
394 196 5
394 5608 5
394 3734 5
394 2655 5
394 5609 2
394 5610 5
394 5611 5
394 5612 5
394 738 5
394 3787 5
394 24 5
394 975 4
394 931 3
394 5613 3
394 5614 4
394 759 5
394 771 1
394 211 5
394 5068 5
394 4324 5
394 288 5
394 3954 5
394 3123 5
394 1408 5
394 5615 5
394 1258 5
394 3563 3
394 3315 5
394 5616 5
395 5617 4
395 5618 4
395 5619 3
395 704 5
395 5620 2
395 4893 3
395 5621 4
395 5622 4
395 4570 4
395 5623 2
396 704 2
396 323 4
396 727 5
396 5620 2
396 799 5
396 4732 5
396 1643 5
396 1332 5
396 589 4
396 4773 3
396 5624 5
396 5625 4
396 5336 4
397 1247 2
397 2932 5
397 312 5
397 5626 4
397 704 5
397 4514 5
397 3837 4
397 5627 3
397 1408 5
397 829 5
397 814 5
397 3623 5
397 5628 4
397 288 5
397 196 5
397 276 5
397 5629 5
397 4105 5
397 2363 5
397 5340 5
397 5630 5
397 3556 5
397 3834 3
397 5631 5
397 812 4
397 3422 5
397 4682 5
397 978 4
397 934 4
397 4135 3
397 1905 5
397 4631 5
397 4878 5
397 5632 5
397 4634 1
397 5633 5
397 5634 4
397 256 5
397 5635 4
397 4198 5
397 5636 5
397 3869 3
397 1365 5
397 3929 4
397 3782 1
398 5637 1
398 1902 5
398 877 4
398 1973 4
398 755 1
398 1414 1
398 323 1
398 5155 4
398 827 5
398 5638 4
398 751 5
398 5639 4
398 1408 5
398 792 5
398 196 2
398 5640 4
398 5410 4
398 896 4
398 258 5
398 5545 4
398 925 4
398 4543 4
399 5641 5
399 258 1
399 5642 4
399 931 4
399 5643 4
399 4322 4
399 712 5
399 196 4
399 1939 5
399 706 4
399 312 5
399 309 5
399 1274 4
399 5644 4
399 5645 2
399 1277 5
399 1412 5
399 288 5
399 2928 5
399 1408 5
399 4496 5
399 751 1
400 2468 4
400 42 5
400 3264 3
400 4872 5
400 5099 5
400 5574 4
400 5646 5
400 4339 5
400 5647 5
400 3089 5
400 790 4
400 1477 1
400 5648 4
400 5649 4
400 5650 4
400 5651 4
401 1108 5
401 5652 3
401 5653 5
401 5654 5
401 699 5
401 5655 5
401 3219 5
401 1987 5
401 4049 5
401 1433 5
401 5656 5
401 3936 5
401 1657 5
401 312 5
401 4707 5
401 3713 5
401 5206 4
401 309 5
401 2711 5
401 740 5
401 258 5
401 1041 5
401 313 4
401 5563 5
401 5657 4
401 276 5
401 5658 5
401 5659 3
401 323 5
401 1412 5
401 759 5
401 5003 5
401 762 5
401 196 5
401 959 4
401 5660 5
401 1390 3
401 735 5
402 5661 5
402 3834 5
402 1275 1
402 5662 5
402 5663 4
402 3000 5
402 2727 4
402 4275 5
403 5664 5
403 5665 1
403 4135 5
403 3610 1
403 4434 2
403 4863 5
403 1029 5
404 5666 3
404 5667 2
404 5242 4
404 5668 3
404 4159 4
404 1251 1
404 5669 3
404 491 4
404 1254 4
404 3350 4
404 546 4
404 632 4
404 3411 4
404 5670 4
404 5671 5
405 2687 5
405 5672 5
405 5673 5
405 1301 5
405 2592 5
406 629 5
406 913 5
406 2071 5
406 5427 5
406 5674 5
406 5675 4
406 1603 3
406 3748 3
406 1467 4
406 5676 3
406 3089 5
406 4520 5
406 196 5
406 2471 3
406 3985 5
406 3685 5
406 312 1
406 1951 5
406 5677 4
407 766 5
407 5678 4
407 4187 4
408 5679 4
408 5680 4
408 1858 4
408 5681 5
408 1654 4
408 5682 5
408 5683 4
408 5684 5
408 5685 5
408 5686 5
408 5687 5
408 5688 5
408 5689 5
408 5690 5
408 5691 5
409 2272 5
409 5677 5
409 5670 4
410 5692 5
410 5693 4
410 5694 5
410 3548 4
410 5273 5
411 5695 5
411 3531 2
411 3154 4
412 829 3
412 728 3
412 312 3
412 5696 4
412 1301 1
413 3289 4
413 2484 5
413 2145 4
413 2928 5
413 5697 5
413 5698 5
413 575 5
414 5699 4
414 4030 5
414 5700 5
414 4523 2
415 5701 5
415 1469 5
415 5702 4
415 5703 5
415 5529 5
415 4778 5
415 5704 4
415 5705 5
415 381 5
415 258 5
415 4726 4
415 4342 1
415 5706 5
415 5707 5
415 5708 5
415 5709 5
415 5710 1
415 577 5
416 2079 4
416 2372 5
416 5711 3
416 5712 4
416 597 3
416 5713 2
416 3905 3
416 5714 4
416 5715 3
417 609 4
417 5716 5
417 3995 5
417 5717 2
418 5718 5
418 5719 4
418 5720 4
418 5721 5
418 4433 4
418 5722 5
418 5723 5
418 624 5
418 5724 5
418 627 5
418 5725 5
418 5726 5
418 1716 5
418 3655 5
418 5727 3
418 5414 5
418 682 5
418 2124 5
418 5728 5
418 1864 4
418 5729 5
418 5730 5
418 165 5
418 5731 5
418 2093 4
418 5732 5
418 2488 5
419 3443 3
419 5733 4
419 4712 5
419 211 5
419 5734 4
419 4383 4
419 5735 4
419 721 3
419 5736 4
419 1877 4
419 3787 4
419 2712 4
419 934 1
419 5737 5
419 1454 4
419 293 1
419 5738 5
419 5739 5
419 5740 5
419 3032 5
419 5741 5
419 1270 5
419 4776 5
419 3717 2
419 3579 4
419 3421 3
419 5742 4
419 5743 4
419 5602 5
419 2652 5
419 5744 4
419 947 4
419 3798 3
419 3790 3
419 5745 3
419 3773 3
419 5746 2
419 2269 5
419 4771 5
419 5747 4
419 5748 5
419 5399 4
419 3784 3
419 5749 4
419 5318 5
419 5750 5
419 5751 2
419 5736 4
420 5752 5
420 1787 3
420 28 5
420 5753 5
420 889 1
420 4880 5
420 832 5
420 309 5
420 829 5
420 609 5
420 104 4
420 1593 4
421 5754 4
421 132 4
421 5436 4
421 5755 3
421 5175 4
421 3973 5
421 4005 4
421 2329 5
421 4216 2
421 5756 5
422 3499 5
422 4830 4
422 217 4
422 5757 2
422 5758 4
422 309 4
422 2433 5
422 609 4
422 675 4
422 728 4
422 5759 4
422 676 4
422 4777 5
422 695 4
422 656 3
422 829 3
422 727 3
422 1775 3
422 3895 5
422 2461 5
422 334 2
422 3146 4
422 2910 4
422 5760 4
422 5761 5
422 5762 4
422 4071 4
422 1901 4
422 4999 2
422 1418 3
422 4782 4
422 2714 4
422 1386 4
423 4809 4
423 712 5
423 5153 1
423 689 4
423 3429 4
423 128 4
423 323 5
423 5763 4
423 5035 3
423 5764 5
424 4558 5
424 5240 3
424 5765 4
425 3849 2
425 313 3
425 1418 5
425 196 3
425 1366 2
425 1403 2
425 4775 4
425 738 3
425 104 5
425 772 3
425 5766 3
425 4135 2
425 5767 5
425 3911 2
425 3000 5
425 3450 5
425 309 5
425 5768 2
425 5769 3
425 914 3
425 5770 3
425 3590 5
425 1400 5
425 5771 5
425 5772 5
425 143 5
425 3085 5
425 5773 3
425 5774 5
425 909 1
425 5775 4
425 5776 4
425 1475 5
425 919 5
425 5777 3
425 5778 3
425 5779 5
425 4722 5
425 5467 2
425 3777 5
425 3750 3
425 5780 2
426 5350 5
426 5781 5
426 282 5
426 5782 5
426 278 5
426 5370 5
426 164 5
426 5783 5
426 4395 5
426 5784 2
426 5202 4
426 3450 3
426 887 3
426 740 3
426 728 3
426 184 5
426 5785 5
426 5786 5
426 4977 5
426 77 5
426 5787 5
426 5487 5
426 4333 5
426 772 1
426 258 5
426 5788 5
426 5789 5
426 5790 1
426 5791 4
426 1041 4
426 274 4
426 4907 5
426 313 5
426 4772 2
426 3126 4
426 3682 3
426 5792 5
426 4138 2
426 4155 5
427 323 3
427 728 1
427 1263 3
427 5793 5
427 732 3
427 843 1
427 4972 4
427 762 3
427 258 3
427 2655 3
427 312 3
427 4681 5
428 759 1
428 3553 4
428 753 5
428 4509 2
428 104 5
428 1761 2
428 728 1
428 1275 1
428 673 4
428 1395 3
428 312 3
428 313 2
428 1332 3
428 309 4
428 309 5
428 323 1
428 3686 1
428 5794 3
429 5677 4
429 4856 5
429 5795 4
429 3932 4
429 4771 5
429 242 5
429 5796 5
429 5797 4
429 1960 4
429 5798 4
430 719 5
430 740 4
430 952 5
431 4982 5
431 1382 5
431 309 5
431 3268 5
431 5799 5
431 5800 5
431 5801 5
431 196 5
431 1638 5
431 1395 5
431 2677 5
431 312 4
431 276 5
431 5802 5
431 313 5
431 3123 5
431 211 4
431 5791 5
431 2669 5
431 855 5
431 5803 5
431 5023 5
431 5804 5
431 3448 4
431 4192 5
431 306 5
431 5805 5
431 5674 5
431 5806 5
431 5807 5
431 5808 5
431 3582 5
431 4645 4
431 5545 5
431 732 4
431 5809 5
431 5810 5
431 1526 5
431 5811 5
431 3883 5
431 1377 4
432 5812 4
432 5306 4
432 5813 4
432 5814 4
432 4795 5
432 5815 5
432 1387 4
432 3315 5
433 5046 4
433 919 5
433 5816 4
434 4709 1
434 934 4
434 3465 4
434 3226 5
434 5817 5
434 5818 5
434 717 5
435 1053 4
435 179 5
435 766 1
435 3449 2
435 4933 4
435 309 5
435 829 1
435 775 1
435 4305 4
435 5819 4
435 1418 4
435 5820 5
435 3252 4
435 1330 1
435 1724 4
435 5821 4
436 896 5
436 313 5
436 323 1
436 1332 5
436 753 5
437 1775 3
437 5791 5
437 728 4
437 5822 5
437 1004 5
437 4324 5
437 1383 5
437 5823 5
437 5824 5
437 4203 5
437 5825 5
437 5826 5
437 5827 5
437 1619 5
437 5828 5
437 323 5
437 5829 5
437 4795 5
437 914 5
437 1005 5
437 3704 5
437 717 5
437 5830 5
437 4567 5
437 875 5
437 5831 5
437 851 5
437 1029 5
437 681 5
438 5832 5
438 3272 5
438 2194 5
438 1450 5
438 5833 5
438 5834 5
438 5835 2
438 5667 5
438 2632 5
439 774 5
439 1260 1
439 4935 5
439 1408 5
439 313 5
439 5836 5
439 1943 5
439 859 5
439 5837 5
439 5838 5
439 5839 1
439 5346 5
439 3830 5
439 5840 5
439 1272 4
439 3085 4
439 3306 2
439 5841 5
439 3870 5
439 5842 5
439 5357 5
439 4542 1
440 792 4
440 3885 5
440 323 4
440 313 3
440 829 1
440 832 4
440 772 1
440 1439 5
440 5843 5
440 5844 4
440 5226 4
440 5845 5
440 5846 5
440 5847 5
440 5848 4
440 3617 5
440 5849 5
440 5850 5
440 5851 3
440 5852 5
440 3893 5
441 5659 4
441 5853 4
441 3666 5
441 5854 5
441 4058 2
441 4634 4
441 1484 5
441 5855 4
442 5534 5
442 5856 5
442 5857 5
442 5858 5
442 5859 5
442 4973 5
443 1841 5
443 4213 5
443 3296 5
443 5860 5
443 5861 4
443 5862 5
443 236 5
443 5258 5
443 5863 5
443 2511 4
443 4668 4
443 5864 5
443 5865 5
443 5866 5
443 3229 5
444 2183 5
444 5867 4
444 5868 4
444 5869 5
444 5870 4
444 5871 4
444 5872 5
444 4471 5
444 2180 5
444 5873 5
444 5874 4
444 5875 5
444 2070 4
444 624 5
444 5876 4
444 1275 1
444 2522 5
444 5877 4
444 5878 4
444 5879 5
444 2307 5
444 1882 2
444 1657 5
444 1134 5
444 5880 5
444 5881 5
444 1707 5
444 704 1
444 5882 5
444 5883 4
444 1668 1
444 1176 5
444 4208 5
444 1332 5
444 3223 5
445 5884 1
445 5885 3
445 5886 4
445 1774 1
445 5887 3
445 2707 5
445 5888 4
445 3168 1
445 1936 5
445 3315 1
445 5889 4
445 538 5
445 3411 4
445 5890 3
445 5891 5
446 5892 5
446 5893 3
446 3380 3
446 5894 5
446 5895 5
446 234 4
446 5896 5
446 593 5
446 5897 5
446 5898 2
446 5899 4
446 699 5
446 5900 5
446 5901 5
446 5902 4
446 5903 5
446 302 2
446 5904 5
446 1634 5
446 609 5
446 3195 5
446 5905 5
447 5906 4
447 5907 3
447 5908 4
447 2407 4
447 2462 5
447 1129 4
447 5909 4
447 881 5
447 2115 5
447 5910 4
447 1144 4
447 3153 1
447 1332 4
447 373 2
447 2324 4
447 5911 4
447 4513 5
448 5912 3
448 5913 4
448 5914 1
448 5915 2
448 5916 2
448 2170 3
448 3483 3
448 2325 2
449 3311 4
449 5917 4
449 5918 5
449 4090 5
449 5919 4
449 2008 3
449 5920 5
449 5921 5
449 5922 4
450 5923 4
450 5924 5
450 5925 5
450 5926 4
450 2858 4
450 4307 5
450 2100 4
450 5927 5
450 5928 3
451 5686 5
451 5929 5
451 5930 4
451 5931 3
451 5932 4
451 1854 5
451 2646 5
451 5933 5
451 5934 5
451 2229 5
451 5688 3
452 5935 4
452 2762 5
452 4453 5
452 4501 5
452 3241 5
452 5936 5
452 5937 4
452 5938 1
452 5939 5
452 3905 3
452 5940 5
452 5941 4
452 5942 4
452 5943 5
452 468 5
452 3358 3
452 3687 4
452 5944 4
452 4574 5
452 5945 5
452 3693 5
452 3665 4
452 5946 5
453 4006 5
453 5947 2
453 5948 2
453 5949 3
453 1550 5
453 2526 3
453 5950 4
453 5951 5
453 5952 5
453 5953 1
453 5954 3
453 4410 2
453 5955 5
453 2820 5
453 1844 5
454 4178 5
454 4451 5
454 1547 5
454 5956 5
454 1562 1
454 5957 1
454 5958 3
454 5959 5
454 5960 2
454 632 5
454 5941 5
454 5961 5
454 5962 5
454 5963 5
454 5964 5
454 2035 2
454 2116 4
454 5965 5
454 623 5
454 1536 5
454 1274 5
454 4227 5
454 5966 5
454 5967 5
454 5968 5
454 5730 5
455 5969 5
455 1704 4
455 5970 4
455 3689 3
455 3163 4
455 5673 3
455 3639 3
455 3164 3
455 3638 4
455 5971 3
455 5972 4
456 1787 5
456 2635 5
456 867 5
456 2080 5
456 3256 5
457 5973 5
457 5974 4
457 2588 5
457 4521 5
457 5975 1
457 1633 2
458 5874 4
458 5976 5
458 5761 5
458 5459 5
459 5977 4
459 3060 4
459 5913 5
459 593 5
459 3490 4
459 5978 4
459 2063 3
459 5979 5
459 5980 4
459 5981 5
459 2061 4
459 5982 4
459 5983 5
459 5475 4
459 4412 4
459 3511 4
459 5984 3
459 5985 5
459 5303 4
459 1134 5
459 3165 5
459 1606 4
459 5986 5
459 1141 4
459 5987 4
459 2103 4
459 5988 4
459 642 3
459 632 5
459 2740 4
459 5989 5
459 5990 4
459 2683 4
459 3351 5
459 5991 5
459 5992 5
459 5993 5
459 4947 5
459 5994 5
459 3454 3
459 3363 5
459 5995 5
459 4884 5
459 2954 5
459 4020 5
459 5350 5
460 5996 5
460 5997 5
460 5073 5
460 1140 4
460 2141 5
460 5998 5
460 5999 5
460 6000 4
460 4733 4
460 3661 4
460 6001 5
460 5908 3
460 4679 5
460 6002 3
460 1749 4
460 6003 5
460 4702 5
460 6004 4
460 6005 4
460 3324 4
460 5715 4
460 4481 5
460 232 3
460 3241 3
460 2751 4
460 1215 4
460 5033 5
460 5700 4
460 1659 5
460 3206 4
460 6006 2
460 2139 5
460 4011 5
460 1673 3
460 3333 5
460 6007 5
461 5733 4
461 1673 5
461 6008 5
461 6009 5
462 1969 5
462 699 4
462 1395 4
462 1703 4
462 6010 5
462 3739 2
462 3430 5
463 6011 3
463 6012 2
463 6013 4
463 1124 1
463 6014 4
463 1129 2
463 458 5
463 6015 4
463 5986 5
463 2120 4
463 712 5
463 6016 1
463 5972 4
463 6017 4
463 6018 5
463 2622 1
463 3693 2
463 2377 4
463 6019 5
463 366 4
463 5988 3
463 3693 2
463 6020 4
463 5283 4
463 2544 4
463 6021 3
463 5987 3
463 6022 3
463 2334 4
463 632 4
463 6023 4
463 1176 2
463 2352 3
463 6024 1
463 1621 5
463 2648 4
463 1707 4
463 2458 2
463 6025 5
463 6026 4
463 6027 5
463 2928 3
463 6028 2
463 1621 5
463 6029 5
463 2280 2
463 1360 2
463 639 5
463 6030 3
463 1394 3
463 6031 4
463 4364 3
463 4947 3
463 2775 3
463 6032 4
463 222 4
463 2103 4
463 461 1
463 2156 2
463 2498 3
463 3146 4
463 139 4
463 1634 1
463 5984 3
463 1728 4
463 6033 3
463 1651 2
463 117 3
464 6034 5
464 3466 5
464 6035 5
464 6036 5
464 6037 2
464 1332 5
464 6038 5
464 2141 5
465 1283 2
465 713 1
465 1395 1
465 1673 3
465 6039 4
465 5706 5
465 1275 3
465 6040 4
465 6041 5
466 6042 4
466 15 5
466 3168 4
466 6043 4
466 503 5
466 4935 4
466 6044 4
466 1347 5
466 2058 5
466 4129 4
466 5960 4
466 4439 5
466 6045 5
466 257 5
466 5996 4
466 3722 5
466 6046 4
466 5819 5
466 6047 2
466 6048 4
466 1428 5
466 6049 5
466 134 5
466 1354 5
466 6050 5
466 284 4
466 5149 5
466 5678 4
466 6051 4
466 2732 4
466 6052 4
466 6053 5
466 4352 4
466 5791 4
466 1702 4
466 708 4
466 2470 4
466 865 4
466 6054 4
466 6055 4
466 6056 4
466 6057 4
466 6058 4
466 6059 4
466 6060 4
466 1633 3
466 3724 4
466 6061 5
466 6062 4
466 117 5
466 6063 5
466 6064 4
466 5454 4
466 1728 5
466 3279 5
466 1638 5
466 266 5
466 6065 4
466 3189 5
466 6066 5
466 2833 5
466 6067 5
466 6068 5
466 3687 5
466 3230 5
466 6069 5
466 6070 5
466 4462 5
466 6071 4
466 6072 4
466 4306 5
466 5815 5
466 100 4
466 77 5
466 75 5
466 327 5
466 6073 5
466 3994 5
466 2499 5
466 3277 5
466 6074 5
466 6075 4
466 1040 5
466 4237 4
466 3331 5
466 2512 5
466 2119 4
466 2792 5
466 6076 4
466 126 5
466 6077 5
466 2728 4
466 1716 4
466 6078 4
466 2150 5
466 2499 4
466 652 5
467 3639 5
467 3279 5
467 6079 5
467 120 3
467 2498 4
467 4352 5
467 3722 5
467 1634 4
467 1850 4
467 6080 5
467 6081 5
467 1267 5
467 6082 5
467 6083 4
467 5238 5
467 6084 5
467 6085 5
467 4740 5
467 6086 5
467 3219 5
467 6087 3
467 2372 5
467 6088 5
467 2502 5
467 1886 5
467 84 5
467 6089 5
467 150 5
467 6090 5
467 2144 5
467 6091 5
467 1904 5
468 603 5
468 6092 5
468 6093 4
468 2257 5
468 6094 5
468 3702 3
468 810 4
468 6095 4
468 3439 3
468 3304 3
468 6096 4
468 326 5
468 3356 2
468 6097 4
468 6098 5
468 3301 4
468 4387 5
468 6099 5
468 4504 5
468 5271 4
468 1316 5
468 4117 5
469 2809 3
469 1665 4
469 1536 3
469 574 5
469 6100 4
469 654 4
469 2091 5
469 2877 2
470 382 5
470 6094 4
470 6101 3
470 4424 4
470 4425 3
470 5672 5
470 1657 5
470 1779 4
470 6102 4
470 575 4
471 6103 5
471 211 5
471 3105 5
471 6104 5
471 4133 5
471 2996 5
471 6105 4
471 4107 5
471 3654 3
471 6106 4
471 3959 5
472 6107 4
472 6108 4
472 1626 1
472 6109 4
472 1616 4
472 4577 4
472 4665 5
472 6110 4
472 6111 3
472 4576 4
472 6112 4
472 6001 4
472 6113 5
472 3395 5
472 6114 2
472 4986 3
472 1565 5
472 2848 4
472 6115 4
472 1165 4
472 2390 4
472 1580 2
472 6116 5
472 6117 5
472 2846 4
472 1606 4
472 2843 4
472 6118 5
472 1738 3
472 6119 4
472 3639 2
472 2529 4
472 76 3
472 6120 4
472 6121 3
472 3219 4
472 6122 5
472 5206 4
472 6123 3
472 5786 4
472 5233 3
472 3288 5
472 6124 1
472 6125 1
472 4482 1
472 3575 1
472 4599 4
472 6126 5
472 6127 3
472 6128 2
472 6129 5
472 6130 3
472 4965 5
472 3184 1
472 4463 5
472 6131 4
472 1578 3
472 6132 5
472 6133 3
472 5486 4
472 1569 2
472 2961 4
472 6134 5
472 2130 2
472 3241 1
472 2755 4
472 5202 4
472 6135 3
472 6136 2
472 6137 3
472 6138 5
472 4238 4
472 1013 2
472 1604 5
472 5791 4
472 4235 1
472 4288 4
472 1674 3
472 4341 4
472 6139 4
472 6140 5
472 6141 5
472 3638 4
472 1636 5
472 308 4
472 5697 4
472 4476 5
472 48 5
472 1456 1
472 6142 1
472 493 5
472 6143 5
472 3871 4
472 5909 4
472 6144 4
472 6145 5
472 6146 1
472 2460 2
472 3979 4
472 6147 4
472 6148 4
472 6149 4
472 6150 3
472 1457 1
472 3237 2
472 2333 4
472 6151 3
472 6152 5
472 6153 4
472 6154 4
472 6155 4
472 6156 5
472 2338 3
472 4571 5
472 2591 4
472 1466 5
472 2588 5
472 2657 4
472 2577 3
472 6157 5
472 2579 4
472 1223 5
472 3111 2
472 3105 3
472 2686 5
472 1428 5
472 3165 5
472 6158 5
472 1021 4
472 3333 5
472 6159 4
472 2920 5
473 4662 4
473 5261 4
473 6160 4
473 6161 3
473 6162 5
473 4895 4
473 3677 5
473 4427 4
473 2048 5
473 813 3
473 2088 5
473 6163 5
473 6164 5
473 6165 5
473 3165 5
474 149 5
474 1639 4
474 1867 4
474 5959 5
474 6166 4
474 5485 4
474 6167 4
474 6168 2
474 636 2
475 3141 5
475 6169 4
475 6170 5
476 6171 5
476 4442 5
476 6172 5
476 1582 5
476 5815 5
476 266 5
476 6173 5
476 5071 5
476 6174 5
476 6175 5
476 6176 5
476 6177 5
476 6178 4
476 6179 5
476 1547 5
477 5916 3
477 593 4
477 5971 3
477 6180 5
477 1864 3
477 6181 3
478 6109 4
478 1781 4
478 6182 4
479 4437 4
479 1081 4
479 6183 4
479 4465 3
479 6184 4
479 6185 5
479 6186 5
480 1149 4
480 6187 3
480 2519 3
481 3672 5
481 6188 5
481 2591 5
481 699 5
481 6189 5
481 6190 5
481 1393 5
481 2100 4
482 1949 5
482 1673 4
482 732 4
482 609 4
482 3482 4
482 2625 5
482 6191 5
482 2147 4
482 699 3
482 1408 4
482 5513 4
482 6192 5
482 309 4
483 402 3
483 4842 5
483 3377 4
483 3877 5
483 2524 5
483 6193 5
483 6156 5
483 6194 5
483 2494 2
483 1121 1
484 538 4
484 4573 4
484 3508 5
484 2598 5
484 6195 4
484 6196 5
484 443 2
484 211 5
484 3174 5
484 4950 5
484 1241 5
485 5467 3
485 766 5
485 6197 4
485 2512 2
485 6198 4
485 772 5
485 792 3
485 4044 5
485 196 1
485 323 4
485 3437 5
485 6199 2
485 6200 4
485 104 4
485 288 3
485 2588 5
485 1374 3
485 4891 3
486 4476 5
486 6201 4
486 6202 4
486 6203 4
486 211 4
486 6204 4
486 5444 5
486 6205 5
486 6206 5
486 6207 5
486 6208 4
486 4484 5
486 6209 5
486 1650 5
486 6210 5
486 6211 5
486 6139 5
486 3479 5
487 3556 5
487 3122 5
487 1673 5
487 1274 5
487 276 5
487 1275 1
487 1262 5
487 251 5
487 3270 5
487 824 5
487 1277 5
487 723 5
487 4101 5
487 4688 5
487 1945 5
487 4953 4
487 1260 1
487 6212 5
487 1415 1
487 6213 5
487 3230 5
487 827 4
487 1682 5
487 6214 2
487 3711 1
487 2969 5
487 1049 5
487 1721 5
487 850 5
487 5267 5
487 3834 5
487 5273 5
487 6215 5
487 3827 4
487 3244 2
488 6216 4
488 6217 5
488 2260 5
488 6218 3
488 6219 3
488 6220 1
488 6221 4
488 2862 3
488 2224 4
488 416 4
488 2948 3
488 2212 5
488 6222 5
488 2415 3
488 6223 5
489 6224 4
489 6225 5
489 4521 5
489 2001 4
489 6226 5
489 2885 3
489 6227 4
489 6228 4
489 6229 2
489 6230 5
489 6231 4
489 6232 4
489 6233 4
489 1532 4
489 6234 4
489 6235 4
489 16 3
489 6236 4
489 2382 3
489 5894 5
489 6237 5
489 6238 4
489 4442 4
489 6172 4
489 6239 4
489 6240 4
489 6241 3
489 6242 2
489 6162 4
489 3292 5
489 3428 4
489 4070 5
489 6243 4
489 238 5
489 6244 4
489 4795 4
489 6245 4
489 6246 4
489 1786 5
489 6247 5
489 6248 5
489 6249 1
489 6250 4
489 2488 4
489 5098 2
489 1547 4
489 2518 5
489 6251 5
489 6047 4
489 4427 5
489 4094 3
489 6119 3
489 6252 4
489 6253 4
489 6166 3
489 6254 3
489 2824 5
489 185 5
489 6255 4
489 6256 5
489 78 5
489 1801 4
489 1048 5
489 6257 4
489 315 5
489 6258 4
489 61 4
489 6259 5
489 2385 5
489 6260 5
489 6261 4
489 6262 5
489 6263 5
489 1800 5
489 2257 2
489 6264 4
489 3901 5
489 6177 4
490 6265 4
490 5831 4
490 1215 5
490 6266 3
490 5914 3
490 6267 4
490 1285 4
491 1132 3
491 387 2
491 4855 3
491 2572 3
491 6268 5
491 373 4
491 379 4
491 5673 3
491 1129 4
491 408 4
491 2416 4
491 6269 5
491 3180 5
491 3176 5
491 6270 2
491 462 3
491 458 4
491 6271 2
491 5972 5
491 1651 4
491 414 4
491 1181 4
491 6272 5
491 2880 3
491 6273 3
491 1621 3
491 2386 5
491 533 2
491 2560 3
491 6274 4
491 1631 5
491 511 4
491 6275 2
491 1646 5
491 2459 4
491 464 4
491 1255 3
491 452 3
491 1926 4
491 1519 4
491 495 4
491 4209 5
491 1215 1
491 2164 4
491 6276 4
491 3748 5
491 1832 5
491 4693 4
491 5720 4
491 6277 4
491 6278 5
491 1116 5
491 3406 3
491 425 4
491 3037 2
491 1683 3
491 2654 1
491 3384 2
492 5896 5
492 2860 4
492 6279 5
492 1794 3
492 6280 5
492 1835 5
492 2829 5
493 2440 4
493 5935 3
493 6281 5
493 3249 5
493 6282 5
493 1547 5
493 1467 4
493 3687 2
493 3195 4
493 850 3
493 3921 5
493 4117 5
494 6283 4
494 6171 5
494 6161 4
494 6279 5
494 6284 5
494 6285 3
494 6286 4
494 3670 2
495 4486 3
495 2023 4
495 2017 3
495 6287 4
495 4347 5
495 6288 5
495 4320 4
495 3569 4
495 5950 3
495 6289 4
495 6290 4
495 6291 3
495 5961 5
495 6292 2
495 6293 3
495 6294 5
495 6295 4
495 2014 5
495 4423 5
495 6296 4
495 6297 4
495 6298 4
495 6299 5
495 2368 4
495 5860 3
495 6300 5
495 2796 4
495 6301 5
495 2056 5
495 5941 3
495 2022 2
495 6302 4
495 2784 3
495 6303 3
495 6304 5
495 6305 3
495 6306 3
495 1547 5
495 6307 4
495 4471 5
495 4260 5
495 6308 5
495 5179 5
495 6309 4
495 6310 4
495 1649 4
495 2786 5
495 439 5
495 1926 5
495 6311 3
495 4770 4
495 3318 5
495 5901 3
495 6162 5
495 5997 4
495 6312 5
495 4505 5
495 6313 4
496 284 2
496 590 5
496 3654 5
496 5304 4
496 1864 4
496 6314 4
496 2033 4
496 6315 3
496 1942 5
496 6316 4
496 4809 4
496 6317 3
496 6290 5
496 6318 5
496 2100 4
496 2059 5
496 1049 4
496 3687 5
497 6319 5
497 6320 5
497 790 2
497 6321 5
497 6322 2
497 1939 5
497 6323 5
497 6324 5
497 1839 5
497 6325 5
497 1561 4
497 6326 5
497 6327 5
497 618 2
497 6328 5
497 6329 5
497 627 5
497 2538 2
497 4550 4
497 6330 4
497 1920 4
497 6331 5
498 91 5
498 6332 4
498 2705 5
498 2123 4
498 6333 3
498 1746 4
498 6334 4
498 6335 4
498 4880 4
498 3687 3
498 6336 4
498 5134 5
498 2009 5
498 128 4
498 147 5
499 3732 5
499 2017 2
499 2846 4
499 1809 5
499 6337 5
499 6338 2
499 6176 3
499 6303 5
499 6339 5
499 2073 5
499 6340 4
499 2009 5
499 5803 4
499 6341 5
499 3687 4
499 6342 5
499 6343 5
499 2012 5
499 3306 5
499 6344 5
499 6312 4
499 6345 4
499 3302 4
499 4463 5
499 1241 5
499 6346 5
499 6347 4
499 6348 5
499 342 5
499 6349 3
499 5714 4
499 5919 2
499 6350 5
499 2803 5
499 5830 5
499 5875 4
499 6351 5
499 6352 4
500 604 5
500 1661 4
500 5679 3
500 1608 2
501 6319 5
501 6353 5
501 6354 5
501 1946 1
501 2024 5
501 4345 1
501 1922 5
501 6355 5
501 3603 5
501 6356 5
501 1691 4
501 992 5
501 1343 5
501 6168 3
501 6357 5
501 4144 5
501 6358 5
501 4368 1
501 4040 5
501 6359 3
501 4444 2
501 6360 4
501 1934 5
502 2318 5
502 2297 5
502 6361 5
502 2005 5
502 5937 3
503 5239 5
503 6362 4
503 28 5
503 3711 5
503 3533 5
503 1217 5
503 1650 5
503 6363 5
503 6364 5
503 895 5
503 2089 5
503 6365 5
503 6366 5
503 2821 5
503 5027 3
503 6367 5
503 960 5
503 772 5
503 211 5
503 323 2
503 309 1
503 4528 5
503 3736 4
503 4496 5
503 832 5
503 5073 5
503 193 4
503 3304 4
503 6368 4
504 3051 4
504 3899 5
504 4674 5
504 5071 2
505 1783 5
505 5693 5
505 1673 4
505 3708 5
505 694 5
505 973 5
505 3075 4
505 6369 5
505 4072 1
505 309 5
505 699 4
505 1274 5
505 3566 4
505 704 5
505 728 5
505 4043 4
505 762 3
505 6094 5
505 1884 3
505 246 5
505 832 4
505 732 5
505 6370 4
505 6371 5
505 751 4
505 671 5
506 6372 4
506 1721 5
506 6373 5
507 5024 5
507 297 2
507 6374 4
507 6375 5
508 312 5
508 1352 5
508 5513 5
508 1277 5
508 6376 1
508 954 5
508 1403 2
509 4528 4
509 5539 5
509 3097 5
509 720 4
509 3000 5
509 3553 5
509 1381 5
509 211 5
509 1515 5
509 59 5
510 1395 1
510 312 5
510 3283 3
510 95 5
511 313 5
511 3708 5
511 1278 5
511 288 5
511 196 5
511 6051 4
511 6377 5
511 4911 5
511 6378 5
511 4296 5
511 6379 5
511 6380 5
511 1403 1
511 739 5
511 1350 5
511 4864 5
511 3103 4
511 775 3
511 309 5
511 6381 5
511 6382 5
511 832 5
511 4640 5
511 4138 1
511 5350 5
511 3263 5
511 2929 1
511 226 5
511 6383 5
511 323 5
511 211 5
511 6384 5
511 258 5
511 6385 3
511 6386 1
511 759 5
511 772 5
511 3533 5
511 6387 1
511 4686 4
511 4070 4
511 6388 5
512 6389 2
512 2914 4
512 276 4
512 2978 4
512 5132 5
512 2268 3
512 84 4
512 309 5
512 6390 1
512 5161 2
512 5930 5
512 3558 5
512 4255 4
512 6391 5
512 6392 5
512 6393 5
513 3263 5
513 6394 2
513 751 1
513 1766 5
513 741 5
513 5649 5
513 3686 4
513 276 5
513 5581 5
513 762 3
513 728 1
513 1395 3
513 2655 1
513 739 3
513 3000 5
513 1278 3
513 6395 5
513 1403 1
513 323 3
513 6396 5
513 713 1
513 6397 5
513 4821 2
513 5331 5
513 6398 4
513 6399 5
513 6400 3
514 1403 1
514 70 5
514 3010 4
514 5206 3
514 6401 4
514 4176 5
514 6402 4
514 6403 5
514 4503 5
515 5162 5
515 5961 5
515 1864 4
515 6404 2
515 6405 4
515 3997 5
515 6406 2
515 6407 3
515 6300 4
515 4850 3
515 4422 5
515 6408 4
515 1648 5
515 6409 3
515 6338 3
515 6410 5
515 3081 2
515 6411 4
515 2054 3
515 3990 5
515 4329 3
516 3064 5
516 6412 4
516 6304 4
517 6413 4
517 6414 4
517 6222 4
517 5691 4
517 4574 5
517 6415 2
517 1621 4
517 6416 5
517 5332 5
518 6417 4
518 6418 5
518 4195 4
518 0 5
518 6419 5
518 31 5
518 6420 5
518 6421 5
518 6422 5
518 5862 3
518 21 4
518 6423 3
518 1781 5
518 2511 3
518 6424 5
518 2788 4
518 6425 4
518 6232 4
518 6426 5
518 6427 4
518 3831 4
518 1549 5
518 6428 3
518 6043 1
518 3241 5
518 2860 4
518 6131 5
518 2356 3
518 2755 5
518 405 4
518 4291 5
518 6429 1
519 6266 3
519 2598 5
519 6430 5
519 6337 5
519 6431 2
519 4671 5
519 1199 5
519 2528 3
519 6432 3
519 1469 5
519 3661 4
519 1127 2
520 4208 1
520 4512 1
520 699 5
520 6433 3
520 5570 5
520 6434 3
520 306 5
520 6435 5
520 6436 3
520 2972 5
520 2061 4
520 4393 5
520 6437 5
520 327 2
520 4135 5
520 4666 5
520 6438 4
520 77 5
520 4303 4
520 3954 1
520 1199 5
520 6439 5
520 5511 5
521 6162 5
521 80 2
521 534 4
522 6440 5
522 2093 5
522 6441 5
522 3630 5
522 3465 5
522 2957 5
522 5652 5
522 6442 5
522 919 5
522 3192 4
522 1392 5
522 6443 5
522 6444 4
522 34 4
522 2885 3
522 3887 4
522 6445 5
522 6446 5
522 5430 5
522 4981 5
522 95 4
522 1647 5
522 2818 5
522 974 5
522 6447 5
522 6448 5
522 5485 5
522 4511 5
522 6449 5
522 1629 5
522 6450 5
522 6451 5
522 4410 3
522 3686 4
522 6452 5
522 6453 5
522 6454 4
522 2843 5
522 6455 5
522 6456 5
522 6074 3
522 7 5
522 6457 5
522 1484 5
523 21 5
523 6458 5
523 170 4
523 6459 5
523 6460 4
523 6461 5
523 6462 2
523 2977 4
523 6463 5
523 280 5
523 1688 4
523 3182 5
523 6304 5
523 3997 5
523 6464 2
523 6465 4
523 1153 3
523 6340 4
523 6466 5
523 6467 3
523 3444 3
524 5894 5
524 3224 4
524 747 4
524 531 5
524 6468 5
524 2827 5
524 4094 5
524 6299 5
524 5901 2
524 6469 5
524 6470 5
524 6471 4
524 6472 5
524 2761 3
524 19 5
524 14 4
524 6473 4
524 6474 5
524 6475 4
524 4796 5
524 6476 4
524 6477 3
524 6320 5
524 153 3
524 6252 5
524 4125 4
524 2020 4
525 1131 1
525 6478 5
525 6479 5
525 2353 1
525 407 5
525 1545 2
525 5679 1
525 6480 5
525 2506 1
525 5977 1
525 2413 2
525 2500 1
526 3241 4
526 13 5
526 6481 4
526 112 4
526 6482 5
526 6317 3
526 2059 2
526 6483 5
527 6484 5
527 312 3
527 3215 5
527 837 5
527 6485 5
528 5678 4
528 4187 4
528 4428 3
528 2498 2
528 1067 3
528 6486 5
528 1634 4
528 2802 5
528 5700 5
529 1355 5
529 1665 4
529 3157 4
529 6487 5
529 3966 5
529 6488 4
529 6489 5
529 6490 5
530 1923 5
530 276 5
530 3004 5
530 5699 5
530 217 4
530 6491 5
530 6492 5
530 5258 3
530 312 5
530 712 5
530 6493 5
530 829 5
530 6494 4
530 759 4
530 699 4
530 309 5
530 762 3
530 3017 5
530 6495 5
530 4366 4
530 164 5
530 3263 5
530 6496 5
530 199 4
530 3013 4
530 6497 4
531 6498 3
531 3958 5
531 6499 5
531 6500 5
532 353 4
532 6501 3
532 6502 4
533 6503 4
533 6031 3
533 1126 4
533 6504 5
533 6505 4
533 5972 5
533 6492 4
533 2040 5
534 6412 5
534 6506 5
534 6349 4
534 5913 4
534 5712 4
534 5916 4
534 5915 5
534 6507 5
534 6180 3
534 6508 4
534 5517 5
534 6509 3
534 2134 3
534 6510 3
534 6511 5
534 2098 2
534 2098 3
534 6512 2
534 6513 2
534 2035 5
534 1691 5
534 2799 4
535 5779 5
535 4303 5
535 2784 3
535 599 4
535 2093 4
535 6176 4
535 5941 5
535 2005 5
535 5993 3
535 4117 5
535 4947 4
535 2588 5
535 2501 5
535 1408 5
535 1673 1
535 609 5
535 6514 5
535 3665 4
535 6515 5
535 6516 5
536 759 5
536 6517 4
536 960 4
536 538 4
536 1633 4
536 6518 5
536 248 5
536 6485 5
536 4072 1
536 6162 5
536 2766 4
536 2883 5
536 6519 4
536 4068 4
537 3297 1
537 6520 5
537 5900 4
538 6358 5
538 1687 4
538 4195 4
538 6521 5
538 6475 4
538 5559 4
538 6522 4
538 6421 5
538 1798 4
538 2759 5
538 6523 4
538 6524 5
538 4428 5
538 699 5
538 2231 3
538 6525 3
538 21 5
538 6526 4
538 6527 5
538 6236 4
538 2 5
538 6528 5
538 2387 5
538 6529 5
538 6530 5
538 7 4
538 6531 5
538 6468 5
538 6532 3
538 6533 4
538 1530 5
538 2818 4
538 192 4
538 6234 4
538 6534 5
538 5179 3
538 2382 5
538 6535 5
538 6536 5
538 4759 5
538 6537 5
538 1806 4
539 4604 5
539 6538 4
539 6539 4
539 3817 4
539 621 3
539 6540 4
539 6541 3
539 3250 5
539 2221 3
539 1118 3
539 6542 5
539 6543 3
539 3410 5
539 407 5
539 6544 5
539 356 2
539 6545 3
539 3387 4
539 6546 3
539 1565 4
539 6547 5
539 5113 3
539 4914 4
539 6548 4
539 6549 3
539 6550 5
539 6551 5
539 3399 3
539 545 5
539 2501 4
539 2534 4
539 6552 5
539 4077 4
539 1117 3
539 618 3
539 2198 4
539 2165 3
539 6553 4
539 6554 4
539 6043 3
539 6555 5
539 6556 5
539 6557 4
539 2397 4
539 2544 5
539 2634 4
539 2552 5
539 375 2
539 6558 4
539 6559 3
539 342 5
539 467 2
539 6560 5
539 6561 1
539 457 3
539 3379 5
539 6562 4
539 1150 4
539 1138 2
539 488 4
539 1826 4
540 1 3
540 5727 3
540 5917 5
540 5134 5
540 4168 4
540 3633 5
540 6563 5
541 6421 5
541 1110 4
541 6564 5
541 974 4
541 1275 1
541 2360 4
541 3044 5
541 6565 5
541 6566 5
541 1114 4
541 6567 2
541 419 5
541 6305 5
541 4599 5
541 16 3
541 6534 4
541 6097 5
541 6568 3
541 6430 5
541 574 1
541 1274 5
541 6569 4
541 2809 4
541 1799 5
541 6570 5
541 3550 5
541 5430 4
541 1004 5
541 6571 5
541 6572 1
541 755 1
541 6573 5
541 6574 4
541 311 5
541 6512 5
541 6076 4
541 6575 5
541 6576 2
541 5863 5
541 6577 5
541 6578 5
541 6197 5
541 5026 4
541 1494 3
542 6579 5
542 6324 3
542 6580 3
542 2023 4
542 6323 5
542 3006 5
542 1560 5
542 2817 5
542 1841 5
543 6581 4
543 3652 4
543 6582 4
544 6583 2
544 712 3
544 1164 3
544 6584 5
544 6585 4
544 2556 2
544 2272 3
544 2415 3
544 1173 3
544 2303 4
544 6586 4
544 6587 3
544 3687 3
544 607 5
544 2229 2
544 3033 4
544 5773 3
544 3413 5
544 673 4
544 104 2
544 832 4
544 3152 1
544 1119 3
544 2084 4
544 6588 3
544 5502 4
544 4625 3
544 704 4
544 2200 3
544 691 3
544 1614 3
544 1527 4
544 6589 3
544 417 3
544 492 4
544 1407 4
544 342 3
544 6590 3
544 2166 3
544 6185 4
544 2533 3
544 718 4
544 2218 3
544 2321 4
544 5127 5
544 1121 4
544 5228 4
544 1363 2
544 6591 3
544 6592 4
544 6593 1
544 1115 3
544 2894 4
544 6545 3
544 6594 3
544 432 3
544 1631 4
544 2578 4
544 472 3
544 531 2
544 1332 1
544 5833 4
544 258 2
544 1239 3
544 1902 3
544 735 4
544 4074 3
544 6595 4
544 1301 5
544 1431 2
544 2370 3
544 2562 3
544 6417 4
544 1117 4
544 624 3
544 2198 4
544 2284 3
544 386 3
544 1132 3
544 6596 3
544 6274 3
544 2567 4
544 6597 4
544 1216 4
544 2291 2
544 1528 1
544 6598 4
544 2873 2
544 2443 4
544 829 3
544 6599 3
544 6600 2
544 196 2
544 1250 3
544 5884 2
544 6601 3
544 6539 5
544 6602 2
544 6603 4
544 312 4
544 2309 3
544 2930 4
544 5993 3
544 4412 3
544 4549 3
544 1531 3
544 3563 3
544 3441 1
544 6604 5
544 1556 3
544 6605 4
544 5346 5
544 495 4
544 6606 3
544 6607 4
544 1212 4
544 2299 4
544 3538 5
544 5929 3
544 6147 3
544 3744 3
544 6608 3
544 2407 4
544 529 4
544 3406 4
544 6223 3
544 1124 3
544 6609 2
544 1513 3
544 812 5
544 5254 2
544 4395 4
544 6610 3
544 399 3
544 1826 4
544 2449 4
544 1402 4
544 1013 4
544 6183 5
544 2316 3
544 2346 4
544 2880 4
544 2559 3
544 2416 3
544 2896 4
544 6611 4
544 732 2
544 6612 4
544 392 2
544 5703 5
544 6613 3
544 454 4
544 2286 4
544 6614 4
544 1838 4
544 1533 3
544 3621 3
544 1186 1
544 6615 2
544 2469 3
544 1457 2
544 739 3
544 6616 2
544 4299 4
544 6617 3
544 3139 5
544 5228 3
544 416 4
544 1803 4
544 2317 2
544 6618 2
544 391 3
544 2313 2
544 6619 3
544 1131 2
544 738 3
544 832 3
544 5914 3
544 2483 4
544 2161 3
544 6620 2
544 1171 4
544 6621 3
544 6622 4
544 481 4
544 6623 4
544 6624 4
544 2897 4
544 2325 4
544 366 4
544 596 3
544 3313 3
544 2388 3
544 5106 3
544 1913 4
544 2523 3
544 6625 3
544 2352 4
544 2192 3
544 2083 4
544 6341 3
544 2267 3
544 2471 4
544 6559 3
544 2288 4
544 5331 5
544 944 3
544 355 3
544 462 4
544 1189 4
544 3084 3
544 6626 4
544 2246 3
544 6627 3
544 2332 2
544 688 2
544 2233 3
544 3037 4
544 6628 3
544 2948 4
544 1113 4
544 2184 3
544 313 3
544 330 4
544 6629 2
544 2637 4
544 1128 4
544 1967 5
544 6630 4
544 415 3
544 413 1
544 4119 3
544 2534 3
544 375 3
544 2548 3
544 1422 3
544 5926 4
544 1584 4
544 1847 3
544 3039 3
544 1543 3
544 2861 4
544 1545 3
544 1408 5
544 2167 4
544 379 4
544 6557 4
544 1815 3
544 6322 4
544 6138 3
544 2555 4
544 6631 3
544 6632 4
544 508 3
544 1210 2
544 6633 2
544 1134 4
544 6222 3
544 4243 4
544 480 2
544 1163 4
544 6634 3
544 2118 4
544 6635 4
544 6636 3
544 5370 3
544 408 4
544 6637 4
544 1554 4
544 458 4
544 373 3
544 1673 3
544 436 4
544 1125 3
544 5222 4
544 3565 4
544 2448 4
544 6638 3
544 1183 3
544 1643 1
544 4515 1
544 2434 4
544 1151 4
544 414 4
544 5418 1
544 1162 1
544 2863 3
544 1248 3
544 1150 4
544 2526 5
544 349 4
544 4439 4
544 388 5
544 6639 4
544 2476 3
544 2336 4
544 1236 4
544 722 5
544 2180 4
544 6640 3
544 4969 4
544 1557 3
544 6641 2
544 6642 2
544 2212 4
544 4386 3
544 6643 2
544 1926 3
544 5640 2
544 3992 2
544 6644 1
544 1978 5
544 2279 3
544 2537 2
544 1941 4
544 356 4
544 2227 3
544 2501 3
544 440 3
544 2959 3
544 1278 3
544 1787 4
544 2333 3
544 2175 2
544 468 2
544 6645 3
544 6646 3
544 4497 4
544 6647 4
544 906 3
544 6648 4
544 6649 5
544 6650 1
544 6651 5
544 2755 1
544 510 2
544 731 4
544 6652 3
544 1418 2
544 1419 1
544 2573 3
544 4301 3
544 6653 3
544 6654 4
544 1621 4
544 1184 2
544 447 4
544 525 4
544 740 3
544 2655 5
544 428 3
544 6655 4
544 6656 3
544 580 5
544 6657 4
544 6658 2
544 1421 3
544 6327 3
544 1181 4
544 496 2
544 2386 4
544 511 4
544 1386 4
544 2580 4
544 1866 4
544 1300 3
544 6271 4
544 1563 3
544 6659 3
544 1423 2
544 2560 3
544 5229 4
544 1180 4
544 1374 1
544 5283 2
544 6660 5
544 710 4
544 1352 5
544 518 4
544 2575 3
544 6661 5
544 5932 4
544 1329 4
544 1946 4
544 6662 5
544 5875 3
544 6663 3
544 827 3
544 505 3
544 3844 5
544 1564 4
544 606 3
544 934 3
544 6664 3
544 28 1
544 1282 2
544 2392 4
544 6186 4
544 3818 3
544 369 4
544 5752 4
544 1761 4
544 2568 4
544 2191 3
544 6665 5
544 610 4
544 2458 3
544 6027 4
544 1514 3
544 4878 3
544 6666 1
544 1228 1
544 2312 3
544 497 5
544 5796 4
544 1209 4
544 3086 3
544 3634 3
544 2572 3
544 6667 5
544 2254 4
544 6668 4
544 1118 4
544 1350 5
544 2571 4
544 6669 3
544 276 2
544 1395 4
544 1945 5
544 741 1
544 2459 3
544 772 3
544 1948 2
544 706 3
544 792 5
544 1936 5
544 1227 3
544 2250 4
544 6670 3
544 960 3
544 2503 2
544 6671 4
544 3575 1
544 1454 3
544 6199 3
544 992 4
544 4563 1
544 364 4
544 5030 3
544 288 5
544 1240 3
544 759 3
544 623 3
544 762 2
544 534 3
544 6142 3
544 581 3
544 2584 4
544 4089 4
544 1767 5
544 6672 3
544 1254 4
544 1129 4
544 4475 4
544 401 4
544 323 4
544 3394 3
544 6673 3
544 3186 5
544 394 4
544 4932 1
544 6674 5
544 629 3
544 6675 3
544 1169 3
544 632 2
544 723 3
544 1365 4
544 2326 3
544 359 3
544 6676 2
544 6677 3
544 6678 3
544 3756 3
544 1900 3
544 1262 5
544 1157 3
544 1820 3
544 3449 1
544 1122 5
544 6679 4
544 277 3
544 403 4
544 6680 3
544 6681 3
544 1275 1
544 420 3
544 2374 3
544 1995 1
544 1306 3
544 881 3
544 5318 2
544 6597 4
544 1165 1
545 6682 4
545 6653 5
545 3594 3
545 6327 5
545 2862 3
545 6504 5
545 312 5
545 1556 5
545 6637 5
545 6651 5
545 2948 2
545 4112 5
545 2212 3
545 2903 5
546 6683 5
546 6684 5
546 5292 5
546 6171 5
546 2306 4
546 6685 4
546 2760 5
546 6160 4
546 6686 4
546 6687 5
546 3292 5
546 3855 5
547 6688 1
547 1560 4
547 4275 1
548 2201 4
548 6689 4
548 6071 4
548 1872 4
548 6690 5
548 1744 4
548 3578 5
548 5971 4
548 6691 4
548 768 4
548 668 4
548 5511 1
548 717 5
548 5937 4
548 5960 4
548 4454 5
548 2798 1
548 6692 5
548 2139 5
548 743 5
548 6693 4
548 3692 4
549 2317 2
549 6694 3
549 5024 5
549 6695 4
550 6696 5
550 6697 4
550 6698 5
550 6699 5
550 4566 5
550 6521 5
550 6700 4
550 3104 5
550 1356 4
550 4910 5
550 3040 5
550 5559 4
550 0 5
550 6701 4
550 6702 5
550 5573 4
550 6420 5
550 6455 4
550 4195 5
550 6588 5
550 6703 5
550 3296 5
550 6419 5
550 6450 4
550 1793 5
550 6704 5
550 6421 5
550 6418 5
550 6705 4
550 4516 2
550 6706 4
550 6707 4
550 2818 5
550 6708 4
550 6457 4
550 3022 4
550 2228 5
550 6532 5
550 6709 5
550 6710 5
550 14 5
550 1781 5
550 2176 4
550 6301 5
550 2962 4
550 2521 5
550 2150 5
550 6711 5
550 4504 4
550 2438 5
550 2204 5
550 2 5
550 6712 4
550 6713 5
550 6714 5
550 3661 5
550 6671 4
550 6715 5
550 595 5
550 6716 5
550 4131 4
550 6645 5
550 4984 5
550 4500 5
550 2755 5
550 6717 4
550 6123 3
550 4821 5
550 6718 5
550 6135 5
550 6719 5
550 6080 5
550 6720 5
550 6721 4
550 6722 5
550 6512 4
550 5416 5
550 335 5
550 6438 5
550 6723 5
550 3064 4
550 6724 5
550 5789 4
550 6294 5
550 6725 5
550 1864 5
550 6429 3
550 5917 5
550 6726 2
550 5962 5
550 6727 5
550 6728 5
550 6729 4
550 4823 4
550 6730 5
550 6731 5
550 2180 3
550 1553 5
550 2257 5
550 6340 5
550 6229 4
550 6732 3
550 6411 5
550 1873 5
550 2299 4
550 2507 5
550 2861 5
550 624 4
550 1864 5
550 4435 5
550 2008 5
550 1560 4
550 2058 3
550 4454 5
550 6073 4
550 6733 5
550 6734 4
550 136 5
550 2226 5
550 4296 5
550 5863 5
550 6735 4
550 6338 5
550 5712 5
550 235 5
550 6736 5
550 2221 5
550 2012 5
550 2481 5
550 6737 5
550 3328 5
550 6738 5
550 1864 5
550 2769 5
550 862 5
550 2218 2
550 2178 5
550 6739 4
550 12 5
550 627 4
550 2224 3
550 2034 5
550 199 5
550 6740 5
550 6741 5
550 2784 5
550 6742 4
550 5957 2
550 2539 2
550 6743 5
550 1562 5
550 6744 4
550 2864 3
550 6476 5
550 6432 4
550 6745 4
550 1820 4
550 1782 5
550 1546 5
550 1912 5
550 6746 5
550 6747 5
550 2079 5
550 6748 5
550 6749 5
550 399 5
550 5694 5
550 2072 2
550 2063 4
550 6750 5
550 2027 5
550 1807 5
550 6751 4
550 6609 5
550 919 3
550 6752 5
550 6307 5
550 206 5
550 4795 5
550 1547 5
550 5434 5
550 6753 5
550 2866 4
550 5673 5
550 1832 4
550 2068 5
550 1831 3
550 2035 2
550 6482 4
550 496 5
550 547 5
550 2453 5
550 642 1
550 1847 4
550 5678 5
550 2355 5
550 6754 5
550 1301 5
550 6755 5
550 5941 3
550 2254 5
550 6756 5
550 543 5
550 2817 5
550 6757 5
550 6758 5
550 6759 5
550 359 5
550 2399 5
550 715 3
550 6760 5
550 4094 5
550 6288 5
550 6761 5
550 6350 4
550 6762 5
550 315 5
550 6763 5
550 6764 3
550 6437 5
550 6765 5
550 4021 5
550 6167 4
550 6766 4
550 6767 5
550 3421 4
550 6768 5
550 828 5
550 4697 5
550 2553 4
550 2080 5
550 508 3
550 3417 4
550 4693 5
550 2425 5
550 6769 3
550 6770 4
550 1606 4
550 1590 5
550 4385 5
550 2604 5
550 5583 4
550 1097 4
550 3675 5
550 6771 5
550 6772 5
550 3121 4
550 1136 5
550 3058 5
550 6285 5
550 6773 5
550 3454 4
550 6774 5
550 6775 5
550 6776 4
550 437 5
550 6777 4
550 6778 4
550 1095 5
550 1505 5
550 2572 5
550 6779 3
550 2394 4
550 6474 5
550 6780 5
550 1635 5
550 2916 5
550 6781 4
550 1134 4
550 4329 5
550 1144 5
550 6782 5
550 2311 4
550 6783 5
550 3654 5
550 2316 5
550 6784 5
550 2084 5
550 550 5
550 3192 5
550 2397 5
550 2156 5
550 5944 5
550 488 5
550 2502 5
550 462 3
550 2126 5
550 1197 3
550 4842 5
550 1124 4
550 4921 5
550 1141 2
550 6785 5
550 3135 5
550 1596 3
550 4871 5
550 2565 4
550 6786 5
550 457 4
550 5861 5
550 2336 3
550 2094 3
550 6509 5
550 4238 4
550 6787 4
550 6788 5
550 4471 5
550 1840 5
550 6789 5
550 6790 5
550 3241 5
550 1225 5
550 392 3
550 6122 3
550 5961 5
550 2798 5
550 6791 5
550 420 4
550 2120 2
550 408 5
550 3219 5
550 1595 5
550 6792 5
550 5722 4
550 3639 5
550 6793 5
550 3355 5
550 6794 5
550 6300 5
550 1448 5
550 2172 5
550 1908 5
550 6795 5
550 6796 5
550 6797 5
550 6798 4
550 4117 5
550 1132 4
550 3689 5
550 2134 4
550 3464 5
550 6799 2
550 6800 4
550 1861 5
550 6801 3
550 6591 4
550 1611 5
550 4702 4
550 6802 5
550 1787 5
550 4257 4
550 1516 5
550 4714 5
550 1728 4
550 5731 5
550 6803 5
550 5956 5
550 6804 5
550 1284 5
550 3164 5
550 2872 5
550 6805 5
550 6806 5
550 386 4
550 414 4
550 2305 4
550 487 5
550 3633 5
550 632 5
550 3631 4
550 232 5
550 542 4
550 4462 5
550 6121 5
550 1876 5
550 1469 5
550 2455 5
550 3196 5
550 1346 4
550 2451 4
550 6807 5
550 6808 4
550 373 4
550 1905 5
550 6115 5
550 5378 5
550 3224 5
550 1487 5
550 6809 4
550 2318 5
550 6810 4
550 2476 4
550 2479 4
550 2448 5
550 3655 5
550 2458 4
550 6811 5
550 1864 5
550 1347 5
550 1298 5
550 6345 5
550 5944 5
550 6812 4
550 4228 5
550 3638 5
550 567 5
550 2762 5
550 6813 5
550 1672 3
550 6074 4
550 6814 5
550 1639 4
550 6815 5
550 4959 5
550 6816 4
550 6817 4
550 4718 4
550 1867 5
550 6818 5
550 6819 4
550 1949 5
550 5673 4
551 6820 4
551 6821 3
551 196 5
551 4562 5
551 766 4
551 6822 4
551 6823 5
551 1277 5
551 3872 5
551 484 4
551 3032 4
551 3774 5
551 1355 3
551 84 5
551 1275 3
551 309 3
551 3992 5
551 5502 5
551 3052 4
551 6824 2
551 3301 5
551 3665 4
551 4156 5
552 6825 5
552 862 5
552 6826 5
552 2903 5
552 4782 5
552 860 5
553 6827 5
553 6828 4
553 6008 5
553 5551 5
553 6829 5
553 6830 5
553 6831 5
553 5541 5
553 5872 5
553 6832 5
553 6833 5
553 6834 4
553 6835 5
553 6836 3
553 633 4
553 4824 4
553 4491 5
553 6837 5
553 4782 5
553 1510 5
553 839 5
553 860 5
553 862 5
553 6838 4
553 6329 5
553 627 5
553 6104 5
553 6355 4
553 1638 5
553 5544 3
553 6839 5
553 5923 4
553 6840 4
553 3311 5
553 2048 5
553 6787 4
553 6841 3
553 5349 5
553 4711 5
553 4235 4
553 3456 4
553 4323 5
553 5874 5
553 6467 4
554 6842 2
554 2083 4
554 4825 5
554 6120 4
554 3203 4
554 6843 5
554 4463 5
554 4604 4
554 6844 5
554 6845 5
554 6540 3
554 4712 4
554 6733 5
554 1165 5
555 1563 4
555 6540 2
555 2262 4
555 385 3
555 4967 4
556 1343 4
556 1154 5
556 1697 4
556 1332 4
556 1386 4
556 1306 3
556 6641 4
556 3624 5
556 5332 4
556 1387 4
556 3143 5
556 1419 4
556 5357 5
556 3373 4
556 1312 4
556 6846 4
556 2236 3
556 6846 4
557 139 5
557 6847 1
557 6848 5
557 2372 5
557 4238 5
557 2547 5
557 6765 4
557 6849 1
557 2809 5
557 4504 1
557 2172 5
557 6111 5
557 4461 1
558 1883 5
558 5333 5
558 428 4
558 4110 5
558 6850 5
558 6851 5
559 6852 1
559 6853 3
559 6854 5
559 22 4
559 6855 4
559 6470 2
559 1546 5
560 462 5
560 6856 4
560 1741 4
560 6857 5
560 1571 5
560 6858 5
560 6859 5
560 1554 4
560 5711 4
560 2510 3
560 595 5
560 6860 4
560 6861 5
560 1274 5
560 6504 5
560 3444 5
560 1657 4
560 6862 3
561 4591 5
561 3796 5
561 211 5
561 6049 5
561 1771 5
561 1467 5
561 4863 5
561 6486 5
561 6361 5
561 3888 1
561 3460 5
561 6809 5
562 2636 3
562 6863 5
562 6864 5
562 6865 3
562 6866 1
562 3130 5
562 1132 2
562 3398 3
562 6867 2
562 6868 4
563 6869 3
563 6870 5
563 2474 5
564 3550 5
564 2022 2
564 997 4
565 6871 4
565 3686 4
565 3309 4
565 2959 4
565 3000 5
565 2996 5
566 4585 5
566 6872 5
566 6873 5
566 4573 4
566 6874 5
566 6875 5
566 1208 1
566 6876 5
567 759 5
567 4531 4
567 3215 4
567 6877 4
567 6878 3
567 6879 4
567 6880 5
567 4088 5
567 4664 5
567 816 2
567 6881 2
567 6882 3
567 3353 4
567 3454 5
568 1560 5
568 2138 3
568 1584 5
568 4238 4
568 6883 2
568 6884 5
568 6885 4
568 1595 5
568 5206 5
568 909 1
568 6122 4
568 1177 5
568 3935 5
568 2106 3
569 1864 5
569 6886 5
569 6887 5
569 1277 5
569 2088 5
569 6888 4
569 2651 5
569 6290 5
569 6889 4
569 6890 5
569 6891 5
569 4848 5
569 587 4
569 6892 5
569 2098 4
569 625 4
569 6893 5
569 5942 5
569 6894 5
569 6895 5
569 3218 4
569 622 5
569 6751 4
569 515 4
569 3852 5
569 518 4
569 2356 5
569 2328 4
569 5172 4
569 6896 4
569 2188 2
569 6897 4
569 4836 5
569 6898 4
569 3688 4
569 2406 4
569 2415 4
569 6899 4
569 3108 4
569 2120 3
569 3979 4
570 3104 5
570 3296 4
570 6421 5
570 6900 2
570 6180 5
570 6901 3
571 6902 5
571 6280 5
571 6903 3
572 6332 4
572 6904 1
572 6905 5
572 5917 5
572 3661 5
572 3430 4
572 6906 5
572 3348 5
572 574 1
572 1752 4
572 3954 4
572 6907 5
572 6908 5
572 152 5
572 2635 5
572 694 5
572 5459 5
572 1317 5
572 2506 3
573 2230 4
573 1898 5
573 6729 5
573 2165 5
573 6909 5
573 2914 5
574 2940 5
574 6910 1
574 4509 3
574 2257 5
574 6911 4
574 1999 5
574 5822 5
574 6912 3
574 6177 5
574 1530 5
574 1457 1
574 6534 5
574 219 5
574 3453 5
574 6537 2
574 6913 5
574 4036 5
574 6890 4
574 574 1
574 1580 5
574 6457 5
574 1738 5
574 6914 3
574 6915 5
574 4192 3
574 2736 5
574 5828 5
574 6139 5
574 1691 5
574 1894 4
574 5972 5
574 1606 5
574 1687 4
574 1568 3
574 3720 3
574 4076 5
574 4237 5
575 3661 1
575 6030 1
575 6916 5
575 6917 5
575 6651 3
575 6918 4
575 5588 4
576 5863 5
576 6266 5
576 625 3
576 6919 5
576 5948 4
576 2762 5
576 6563 5
576 5949 3
576 6501 5
576 6535 5
576 6920 5
577 6818 5
577 2791 5
577 6921 4
577 6922 4
577 6923 5
577 6455 4
577 6254 5
577 2818 5
577 2382 5
577 6087 4
577 124 4
577 1530 4
577 1727 4
577 6924 4
577 6925 4
577 6459 5
577 6530 5
577 5074 4
577 1801 2
577 3198 5
577 6685 3
577 6525 4
577 3311 4
577 6171 5
577 6926 4
577 6457 5
577 6927 3
577 3196 5
577 1634 5
577 6928 5
577 6708 5
577 2479 5
577 4207 3
577 6929 4
577 6337 5
577 787 5
577 5206 3
577 6930 5
577 6931 4
577 2080 4
577 4259 4
577 6898 4
577 6932 4
577 4165 4
577 2437 4
577 6933 5
577 6934 4
577 5655 4
577 2331 1
577 2590 4
577 3388 4
577 2305 4
577 2520 4
577 2435 4
577 2718 4
577 6935 4
577 6936 4
577 6821 4
577 2356 4
577 6026 4
577 2272 5
577 1141 2
577 2299 5
577 3802 4
577 4840 4
577 6937 4
577 3402 4
577 2358 4
577 6938 3
577 6939 4
577 1637 4
577 5990 3
577 1556 3
577 1150 4
577 2316 4
577 3806 4
577 3808 4
577 6940 4
577 3674 4
577 2222 3
577 1319 4
577 2420 4
577 2207 4
577 5958 2
577 1144 4
577 1123 4
577 6617 5
577 2254 4
577 2398 4
577 3033 4
577 6941 4
577 1119 4
577 773 5
577 6342 4
577 6942 4
577 6943 4
577 4253 4
577 2311 4
577 4900 5
577 2265 3
577 416 4
577 1787 5
577 2449 5
578 4553 4
578 6944 4
578 6945 5
579 3219 5
579 6946 3
579 6947 4
579 5406 1
579 6948 5
579 6949 5
580 1922 3
580 3525 4
580 309 5
580 6950 5
580 211 4
580 5874 5
581 6951 5
581 1177 5
581 3237 4
581 6952 4
581 6953 5
582 1332 3
582 95 5
582 728 4
582 2751 4
582 6128 5
582 6954 5
582 6955 1
582 1923 4
582 2535 4
582 5940 5
582 6956 4
582 643 4
582 704 1
582 6957 5
582 1645 3
582 3040 4
582 2959 2
582 843 5
582 4275 3
582 323 5
582 6958 4
582 4482 1
582 988 1
582 5259 2
582 3311 1
582 3851 4
582 1703 4
582 245 5
582 1099 2
582 6048 5
582 104 5
582 6959 4
582 3448 5
582 177 5
582 2980 5
582 6138 4
582 699 5
582 6755 4
582 1301 4
582 706 5
582 312 5
582 1644 4
582 678 4
582 5448 1
582 6656 5
582 1267 4
582 1300 5
582 5451 1
582 1318 4
582 2062 3
582 6960 5
582 5005 1
582 6961 5
582 5092 4
582 6962 4
582 832 5
582 4562 5
582 6963 4
582 727 4
582 6964 4
582 6965 5
582 5175 1
582 6966 2
582 6967 4
582 6968 5
582 6969 5
582 701 4
582 6970 2
582 4762 4
582 4967 5
582 2922 5
582 1081 1
582 6971 5
583 4894 4
583 755 2
583 1395 4
583 6626 4
583 323 3
583 5811 3
583 1748 3
584 1819 4
584 1392 2
584 6972 5
584 6462 2
584 3266 4
584 21 4
584 1786 5
584 3196 4
584 6457 4
584 2977 5
584 6973 4
584 6925 5
584 6254 4
584 1004 3
584 6974 3
584 6975 4
584 6714 4
584 61 4
584 5892 4
584 5750 3
584 6178 2
584 487 5
584 3017 4
584 6976 4
584 2783 3
584 6977 2
584 2180 5
584 1317 5
584 3229 5
584 6742 3
584 4984 4
584 2632 2
584 6978 5
584 206 5
584 6979 4
584 1903 5
584 2129 5
584 6474 5
584 1530 5
584 2119 2
584 67 4
584 4169 3
584 6980 4
584 6981 4
584 6982 4
584 5159 4
584 3072 4
584 1239 5
584 626 5
584 6983 5
584 6984 5
584 6985 4
584 4514 4
584 2479 4
584 5033 4
584 6537 2
584 2850 5
584 2257 4
584 6986 4
584 3937 5
584 4442 4
584 6695 5
585 1796 4
585 2167 4
585 2325 4
585 1157 3
585 992 4
585 6987 3
585 1251 3
585 2200 3
586 1639 3
586 6988 5
586 5901 4
586 6989 1
586 106 5
586 2065 5
586 6990 4
587 1657 5
587 3254 5
587 6138 5
587 379 4
587 6991 5
587 2515 5
587 6992 5
587 3503 5
587 3508 5
587 4750 4
587 4591 5
587 2168 4
587 459 5
587 6993 5
587 6994 5
587 6995 5
587 466 5
587 1054 4
587 956 5
587 4842 5
587 6868 4
587 3752 5
587 6996 4
587 6997 5
587 6998 4
587 6999 3
587 7000 3
587 7001 5
587 6941 4
587 7002 5
587 7003 5
587 7004 2
587 7005 5
587 6212 5
587 1594 5
587 6965 5
587 3191 5
587 4579 5
587 7006 3
587 2670 4
587 3386 4
587 2205 4
587 2467 3
587 2434 4
587 3812 4
587 1299 4
587 932 5
587 3676 4
587 1035 5
587 2189 4
587 2570 5
587 1280 5
587 4947 3
587 2553 3
587 3401 5
587 1128 3
587 1621 4
587 3417 5
587 632 5
587 2918 5
587 7007 5
587 446 5
587 1129 3
587 388 5
587 515 4
587 1826 5
587 1707 5
587 1597 5
587 407 5
587 3048 3
587 6416 5
587 2130 4
587 5270 5
587 361 2
587 1198 4
587 7008 3
587 3422 5
587 4541 4
587 4156 5
587 2936 4
587 5691 4
587 7009 5
587 4475 5
587 1132 2
587 7010 5
587 7011 5
587 3877 5
587 2641 5
587 6505 4
587 373 1
587 489 5
587 2449 5
587 1134 1
587 408 4
587 4576 5
587 7012 5
587 6210 5
587 4578 4
587 7013 3
587 4577 5
587 7014 3
587 7015 4
588 3328 4
588 7016 5
588 5917 4
588 3289 4
588 6780 3
588 2821 3
588 3654 4
588 7017 4
588 2295 5
588 7018 4
588 2824 4
588 7019 4
588 7020 5
589 394 3
589 2481 3
589 3074 5
589 6088 4
589 7021 5
589 3990 5
589 7022 3
589 1630 4
589 2800 4
589 3464 4
589 7023 4
589 7024 4
589 494 3
589 3686 4
589 7025 4
589 581 4
589 1123 5
589 1847 4
589 4775 5
589 579 5
589 3384 4
589 1185 2
589 2958 5
589 7026 5
589 1931 5
589 7027 5
589 465 5
589 1215 4
589 4427 4
589 6937 5
590 6266 5
590 31 3
590 7028 5
590 7029 4
590 6119 4
590 6928 5
590 6461 5
590 6455 5
590 4535 4
590 7030 4
590 6457 5
590 2827 5
590 4244 4
590 6459 4
590 6001 4
590 124 5
590 7031 1
590 6087 5
590 1530 5
590 3093 3
590 5920 5
590 7032 5
590 1609 3
590 1784 5
590 6573 5
590 7033 5
590 7034 4
590 6925 4
590 4363 5
590 6671 5
590 7035 5
590 6525 4
590 6342 4
590 2100 5
590 6713 5
590 6111 4
590 7036 5
590 7037 5
590 6934 5
590 416 5
591 843 5
591 632 4
591 1277 5
591 312 5
591 1998 3
591 211 4
591 3665 4
592 6286 4
592 125 2
592 5304 4
592 7038 1
592 6290 4
592 2361 4
592 5870 4
592 6476 5
592 7039 4
592 7040 4
592 6230 1
592 4821 5
592 2060 2
592 1907 5
592 7041 4
592 3550 4
592 7042 4
592 7043 4
592 944 1
592 517 4
592 848 2
592 2032 4
592 7044 4
592 4275 1
592 1767 5
592 1328 5
592 5008 5
592 6022 5
592 5791 5
592 4043 2
592 7045 5
592 3586 5
592 1155 2
592 5000 5
592 1939 5
592 5208 4
592 2809 4
592 7046 3
592 1406 2
592 3075 5
592 1324 2
592 1624 2
592 732 3
592 5449 5
592 3279 5
592 2813 1
592 1650 5
592 1408 4
592 7047 4
592 3226 1
592 7048 5
592 832 3
592 5643 5
592 7049 5
592 4299 5
592 1275 5
592 7050 5
592 7051 5
592 7052 5
592 311 5
592 7053 5
592 6516 5
592 6083 2
592 7054 5
592 6782 5
592 7055 5
592 7056 5
593 2215 5
593 7057 5
593 2530 2
593 497 4
593 2191 4
593 6073 2
593 886 5
593 7058 5
594 975 1
594 7059 4
594 4466 3
594 1442 4
594 3000 4
594 7060 4
594 7061 5
594 4230 5
594 2283 4
594 2163 4
595 7062 2
595 1922 2
595 7063 2
595 1406 4
595 7058 4
596 3852 5
596 327 5
596 1365 5
596 356 5
596 741 5
596 934 4
596 2792 5
597 6797 5
597 6796 5
597 6225 4
597 5488 5
597 4970 2
597 7064 5
597 297 5
597 2378 3
597 6708 5
597 3660 2
597 7065 5
597 1744 5
597 2407 1
597 7066 4
597 7067 5
597 2138 5
597 4514 5
597 2034 5
597 7068 5
597 7069 5
597 7070 5
597 5273 5
597 1560 3
597 6135 5
597 7071 3
597 4129 5
597 6241 4
597 6799 5
597 109 5
597 3266 5
597 1190 2
597 6945 5
597 2479 4
597 6526 4
597 4129 5
597 7072 4
597 7073 4
597 7074 4
597 6452 5
597 7075 5
597 6249 5
597 1569 2
597 34 5
597 3344 5
597 7076 5
597 6743 5
597 6769 5
597 2962 5
597 2121 4
597 2239 5
597 6476 5
597 7077 3
597 6093 4
597 2050 5
597 6444 4
597 5950 5
597 7078 5
597 2204 5
597 7079 4
597 5959 4
597 7080 5
597 7081 4
597 2319 2
597 1538 5
597 7082 4
597 6516 5
597 4713 4
597 6477 5
597 2234 4
597 2762 5
597 1547 5
597 7083 5
597 7084 5
597 2069 5
597 7085 5
597 6414 5
597 7086 5
597 7087 5
597 6926 5
597 6738 2
597 1788 5
597 7088 4
597 5952 4
597 6512 3
597 7089 4
597 3221 5
597 7090 1
597 7091 3
597 7092 5
597 6340 2
597 6464 5
597 6465 5
597 6066 5
597 7093 5
597 6242 5
597 1688 4
597 3355 5
597 7094 3
597 2763 5
597 2087 5
597 7095 1
597 6893 4
597 7096 4
597 7097 4
597 5863 4
597 3661 5
597 344 3
597 1864 5
597 7098 5
597 2061 3
597 7099 3
597 7100 3
597 1122 5
597 3638 5
597 2331 2
597 357 2
597 7101 5
597 7102 4
597 3232 4
597 2453 5
597 2205 5
597 420 3
597 6990 5
597 2843 5
597 7103 4
597 3454 1
597 3688 4
597 6883 3
597 6070 4
597 4884 4
597 7104 5
597 2494 5
597 3260 4
597 3241 5
597 7105 5
597 7106 5
597 4805 5
597 3651 5
597 4151 5
598 196 1
598 7107 3
598 2025 5
598 7108 5
598 1146 4
598 4799 5
598 7109 5
598 6981 5
598 626 4
598 7110 5
598 1650 1
598 4410 3
598 323 1
598 1278 1
598 661 3
598 1259 5
598 60 5
598 7111 5
598 3348 5
598 1682 3
598 7112 5
598 1395 4
598 442 5
598 135 5
598 4664 5
598 7113 5
598 2085 5
598 1816 5
598 1019 5
598 1008 5
599 1275 5
599 609 5
599 4805 5
599 864 5
599 6765 4
599 7114 2
599 590 4
599 5413 5
599 3232 4
599 1864 5
599 3654 3
599 7115 1
599 4737 2
599 7116 5
599 5900 5
599 6460 5
600 6900 4
600 7117 4
600 6233 4
600 2549 4
600 1621 5
600 5972 4
600 6754 4
600 7118 4
600 1813 5
600 6647 4
600 4058 4
600 7066 5
600 1635 4
600 7119 5
600 120 4
600 7120 3
600 5488 4
600 6992 5
600 3508 5
600 7121 4
600 531 5
600 1067 1
600 985 5
601 6944 5
601 1566 5
601 4238 4
601 2794 5
601 3434 5
601 7122 5
601 6746 5
601 1362 5
601 6049 5
601 4129 1
601 3146 5
602 7123 5
602 6020 4
602 7 4
602 3198 2
602 6708 5
602 2803 5
602 6734 3
602 7124 4
602 6927 3
602 6314 2
602 1153 4
602 1477 1
602 3167 5
602 2766 5
602 4145 4
602 7125 5
602 6288 4
602 6359 5
602 1547 5
602 2053 4
602 3219 5
602 1196 5
602 6111 5
602 3236 5
602 2996 2
602 1648 5
602 5019 1
602 1597 4
602 3742 4
602 7126 1
602 1657 5
602 3638 5
602 5972 5
602 3639 4
602 6806 5
602 1744 4
602 3670 2
602 1608 5
602 1620 4
602 7101 5
602 2776 5
602 4356 4
602 2137 5
602 1284 4
602 1925 5
602 3672 4
602 7127 4
602 2817 5
602 3687 3
602 3092 5
602 6693 4
602 6006 4
603 6501 5
603 7128 5
603 2039 4
603 1812 4
603 7129 5
603 5648 5
603 7130 3
603 6210 5
603 7015 4
603 4575 4
603 6869 3
604 1195 5
604 5717 5
604 2407 5
605 6320 4
605 7131 4
605 2531 4
605 5878 4
605 7132 4
605 2541 4
605 2525 4
605 6025 5
605 7010 4
605 7133 4
605 1654 4
605 7134 5
605 5672 5
605 4458 4
605 1651 4
605 3176 4
605 3295 5
605 6207 5
605 3178 4
605 7135 5
605 4573 4
605 4576 5
605 7136 4
605 7137 4
606 3400 5
606 3275 4
606 1198 5
607 3046 3
607 7138 5
607 4601 5
607 4593 5
607 7139 5
607 7140 4
608 5163 5
608 4514 5
608 1570 5
608 19 3
608 1279 5
608 7141 5
608 7142 5
609 2204 4
609 2273 4
609 7143 3
609 7144 4
609 2460 4
609 2461 5
609 4925 4
609 5870 4
609 7145 4
609 6636 3
609 2568 4
609 1225 5
609 6779 4
609 5484 5
609 7146 5
609 4936 5
609 7147 5
609 458 5
609 7148 4
609 429 5
609 7149 5
609 3303 4
609 858 4
609 5857 4
609 2316 5
609 2837 4
610 7150 2
610 1570 5
610 7058 4
610 3677 4
611 7151 5
611 309 4
611 6579 5
611 772 5
611 7138 5
611 3487 5
611 7152 4
611 7153 5
611 2547 5
611 7154 4
611 3346 5
611 5923 4
611 5925 5
611 728 4
611 7155 4
611 104 5
611 650 5
611 1682 3
611 5869 5
611 7156 5
611 6329 5
611 627 5
611 4601 4
611 7157 5
611 3852 5
611 3667 5
611 3562 5
611 7158 4
611 7159 5
611 5974 5
611 308 5
611 6040 5
611 7160 5
611 7161 4
611 5928 5
611 3383 4
611 7162 5
611 4672 4
611 574 1
611 839 4
611 6514 5
611 441 5
611 3165 5
611 7163 5
611 5706 4
611 7164 5
611 6826 4
611 3911 3
611 2566 5
611 7165 5
611 4838 5
611 1633 3
611 1621 2
611 518 5
611 2900 5
611 2472 5
611 2064 4
611 7166 5
611 5409 5
611 4491 5
611 686 5
611 7167 3
611 6837 5
612 6985 5
612 7168 5
612 199 3
612 6705 1
612 7169 5
612 1935 3
612 0 5
612 6469 5
612 9 5
612 32 5
612 14 4
612 1582 5
612 7170 4
612 6736 3
612 2012 5
612 6535 5
612 6172 5
612 1781 5
612 6423 4
612 6073 5
612 7171 5
612 4357 5
612 2850 3
612 6687 5
612 7172 5
612 5179 5
612 6691 5
612 6314 3
612 6042 2
612 7173 5
612 4140 5
612 7084 5
612 7174 5
612 3463 5
612 632 5
612 5909 5
612 6687 5
612 2378 5
612 2228 5
612 7175 5
612 6160 2
612 7176 4
612 6294 5
612 7177 3
612 6162 5
612 1782 5
612 2051 5
612 7178 5
612 7179 5
612 4437 5
612 2490 4
612 4433 5
612 222 5
612 5683 5
612 1674 5
612 7180 5
612 5901 5
612 6804 4
612 5781 5
612 7181 3
612 3630 3
613 7182 4
613 356 4
613 7183 5
613 2942 4
613 1913 4
613 5625 5
613 2257 4
613 6901 4
613 3661 4
613 7184 5
613 7150 4
613 6439 5
613 4315 4
613 7185 4
613 7186 5
613 5878 4
613 4750 3
613 7187 5
613 2659 4
613 7188 5
613 5945 5
613 6514 5
613 5379 5
613 7189 2
613 7023 4
613 4896 4
613 7190 5
613 7191 2
614 7192 5
614 5673 5
614 1607 3
614 327 5
614 1629 5
614 4261 5
615 6274 5
615 4040 5
615 2383 4
615 6758 5
615 6015 5
615 2494 5
615 1922 5
615 4805 5
615 24 4
615 3658 3
615 5678 4
615 3662 4
615 7193 4
615 1594 5
615 6468 4
615 5221 5
615 7194 4
615 4984 4
615 7195 5
615 6252 5
615 6986 3
615 3189 5
615 7196 5
615 6766 4
615 4702 4
615 7197 5
615 6087 4
615 1153 4
615 5908 4
616 1527 5
616 6319 5
616 6200 3
616 725 5
616 7198 5
616 3952 5
616 7199 5
616 5969 4
617 7200 3
617 2020 4
617 6178 3
617 4442 5
617 363 5
617 652 5
617 6695 3
617 5485 5
617 7201 5
617 7202 5
617 7203 5
618 5865 5
618 3629 4
618 4091 5
618 624 5
618 1195 5
619 7204 3
619 7205 3
619 4471 4
619 1657 4
620 602 5
620 2208 5
620 7206 4
620 5092 2
621 4331 4
621 3081 2
621 2780 4
621 7183 4
622 358 3
622 2163 4
622 383 5
622 7207 4
622 6546 3
622 7208 5
622 6769 5
622 1312 5
622 856 5
622 7209 5
622 4627 5
622 2192 5
622 1352 5
622 2267 4
622 3895 5
622 6866 2
622 3406 3
622 4281 5
622 1657 4
622 7210 5
622 6046 5
622 2310 5
622 2415 4
622 2997 4
622 5972 5
622 1119 4
622 7211 4
622 1783 4
622 372 5
623 7212 4
623 7213 5
623 6000 5
624 3278 5
624 6273 5
624 2254 5
624 3045 1
624 4816 5
624 2316 4
624 7214 5
624 1578 5
625 2087 5
625 258 5
625 7215 5
625 7216 2
625 573 5
625 7217 5
625 7218 4
625 7219 3
625 4072 1
625 804 5
625 4138 5
625 6049 5
625 793 4
625 2088 3
625 7220 5
625 2762 5
625 6463 4
625 4181 5
625 7221 4
625 7204 4
625 7222 4
625 4486 5
625 2831 5
625 97 3
625 5714 3
625 7223 5
625 3081 4
625 597 3
625 7224 2
625 7225 3
625 7226 2
625 7227 5
625 3355 5
625 5090 3
625 7228 3
625 7229 4
625 7230 5
625 7231 4
625 7232 5
626 5987 5
626 6073 4
626 3643 5
626 5279 4
626 5944 5
626 4291 5
626 4193 5
626 1596 3
626 7233 4
626 1223 5
626 7234 4
626 2549 5
626 1699 5
626 6311 4
626 3181 5
627 312 1
627 196 1
627 313 3
627 661 5
627 728 5
627 766 3
627 7235 5
628 380 5
628 4016 5
628 5969 5
628 3165 2
629 2526 4
629 6176 5
629 850 5
629 1560 5
629 600 5
629 7124 5
629 2040 4
630 713 1
630 313 4
630 1045 4
631 7236 4
631 3483 3
631 2386 4
631 1193 2
631 2998 4
631 7237 3
631 7238 2
632 3441 5
632 7239 5
632 4469 5
632 3436 5
632 3495 5
632 1922 4
632 7240 5
632 2972 5
632 7241 5
632 3513 5
632 7242 5
632 7243 5
632 6070 5
632 4091 4
632 7244 5
633 3172 5
633 574 2
633 7245 5
633 3205 4
633 2956 4
633 2265 4
633 2340 4
633 1682 5
633 7246 5
634 6154 4
634 2843 5
634 7247 4
634 7248 1
634 4474 4
634 7249 5
634 3343 3
634 3230 4
634 7250 4
634 7251 3
635 3661 5
635 6578 5
635 1126 5
636 2515 5
636 7252 3
636 1067 4
637 7253 5
637 2843 5
637 1393 5
637 5683 4
637 7254 4
637 7255 4
637 308 5
637 5697 5
637 4984 5
637 48 5
637 4500 5
637 4208 4
637 3273 5
637 222 5
637 5613 4
637 1744 4
637 105 5
637 4883 5
637 1578 5
637 109 5
637 7256 5
637 1365 5
637 1279 3
637 1594 5
637 7257 4
637 7258 5
637 632 5
637 2103 5
637 6138 5
637 2280 5
637 3193 4
637 7259 5
637 7260 5
637 1741 5
637 4574 4
637 3171 2
637 7187 5
637 5878 2
637 3165 5
638 7261 5
638 3165 4
638 1651 4
638 5672 5
638 3638 4
639 7262 4
639 323 5
639 5009 3
639 5910 5
639 1666 4
639 7263 4
639 7264 5
639 1403 1
639 1771 5
639 6426 5
640 7265 5
640 6462 5
640 803 5
640 5134 5
640 7266 5
640 7267 5
640 3217 5
640 625 4
640 6338 5
640 5863 5
640 4907 4
640 7268 5
640 7269 5
640 6287 5
640 6849 4
640 6341 5
640 6507 4
640 6020 4
640 5941 4
640 7270 4
640 6054 4
640 7271 2
640 2302 5
640 6354 5
640 618 3
640 6406 3
640 7272 4
640 7273 4
640 3661 4
640 7274 4
640 2005 5
640 5781 5
640 12 5
640 2495 4
640 2374 5
640 6628 5
640 1889 5
640 455 4
640 3997 3
640 793 5
640 7224 5
640 7275 5
640 2087 5
640 7276 5
640 4329 4
640 7027 5
640 457 5
640 2014 5
640 1877 4
640 460 5
640 1917 4
640 538 5
640 5733 4
640 5541 4
640 6829 5
640 3959 5
640 3896 3
640 7053 4
641 2969 5
641 6824 5
641 6515 1
641 4936 2
641 3130 5
641 6903 3
641 1204 3
642 7277 4
642 1111 5
642 2455 5
642 7278 4
642 7279 5
642 7280 5
642 4893 4
642 1550 4
642 2858 4
642 2020 5
642 3027 4
642 6732 3
642 648 5
642 7281 4
642 5972 5
642 6279 4
642 4512 4
642 2040 3
642 2898 4
642 5870 4
642 2949 5
642 7282 5
642 7283 2
642 2288 5
642 2388 4
642 4839 5
642 7284 5
642 1556 5
642 7285 4
643 7286 4
643 7287 5
643 7069 2
643 1199 5
643 1556 2
643 7288 5
643 2892 4
643 5878 5
643 6317 4
643 7150 5
644 7289 4
644 450 4
644 7290 4
644 1820 2
644 2295 3
644 6254 4
644 7291 4
644 6617 5
644 1215 4
644 7292 5
644 5415 5
644 7293 4
644 1131 2
644 2124 4
644 392 3
644 4433 4
644 4599 3
644 3241 3
644 7294 4
644 3130 5
644 528 4
645 5711 4
645 7295 5
645 7296 1
645 323 5
645 772 5
646 4243 5
646 7297 4
646 6160 5
646 6162 5
647 829 5
647 312 5
647 196 4
647 704 5
647 258 3
647 309 5
647 1332 4
648 2540 5
648 7298 5
648 6872 5
649 3730 5
649 1577 5
649 7299 3
649 6841 5
649 2129 5
649 6825 5
649 7300 5
649 3215 5
649 5668 5
649 3639 5
649 6449 5
650 6496 5
650 7301 3
650 1832 5
650 1582 4
650 3455 4
650 7302 5
650 4257 4
650 5936 4
650 7303 5
650 6368 2
650 3678 3
650 6944 2
650 4836 5
650 1853 5
650 1837 5
650 7304 5
651 7305 3
651 3678 5
651 2476 4
651 7306 5
652 762 2
652 5317 5
652 706 5
652 258 1
652 5197 2
652 7307 5
652 7308 4
652 4103 5
652 1774 5
652 1775 5
652 1539 5
652 3533 5
652 660 1
652 766 5
652 661 5
652 843 5
652 1840 4
652 1419 1
652 2502 4
652 628 5
653 3353 4
653 4336 5
653 4948 4
654 237 3
654 2502 5
654 3687 5
654 7309 5
654 7264 5
654 7190 4
654 7310 5
654 311 5
654 4264 2
654 6073 5
654 1134 3
655 29 3
655 3377 3
655 7311 5
655 7312 3
655 464 4
656 1394 4
656 2374 5
656 4402 4
657 6723 4
657 3894 2
657 4339 4
657 7313 4
657 7314 4
657 6291 2
657 4423 1
657 6437 4
657 4067 3
657 2372 3
657 7315 2
657 2759 4
657 2785 3
657 3513 4
657 7316 2
657 5900 5
657 2784 4
657 4970 3
657 7317 4
658 7318 4
658 1916 5
658 4312 5
658 1925 4
658 7319 5
658 6254 4
658 7077 2
658 7065 5
658 4496 5
658 7320 5
658 6978 5
658 1744 3
658 3020 5
658 7023 5
658 7193 4
658 1862 3
658 1568 4
658 7321 5
658 7322 5
658 3550 5
658 6533 4
658 7323 5
658 3727 5
658 7324 5
658 2488 5
658 5978 5
658 57 5
658 7325 3
658 1380 4
658 858 5
658 7326 5
659 3422 5
659 3883 5
659 1177 5
659 1825 5
660 3265 2
660 538 4
660 5737 4
660 3338 4
660 5733 3
660 4014 4
660 3884 4
661 3061 5
661 7122 2
661 7327 5
661 7328 1
661 7329 5
661 1656 4
661 2064 5
661 7330 5
661 4102 5
661 7331 5
661 632 5
661 7332 3
661 7333 4
661 5545 5
661 7334 5
661 7335 3
661 5945 5
661 3185 4
662 1215 5
662 5233 4
662 3263 4
662 6890 4
662 5956 4
662 6965 5
662 2744 5
662 7258 5
662 7336 4
662 7282 4
662 7337 5
662 3983 4
662 4573 5
662 7338 3
662 3324 5
662 7339 5
663 446 1
663 1615 3
663 5000 3
663 3374 5
663 445 4
663 3189 5
663 5574 2
663 1633 3
663 4482 4
663 6717 5
663 6965 5
663 4916 1
663 6656 3
663 1306 3
663 1668 3
663 6953 4
663 1409 3
663 1418 3
663 1332 3
663 1211 2
663 2242 3
663 2897 3
664 7340 5
664 2497 5
664 3449 1
664 7341 5
664 1325 5
664 309 5
664 240 5
664 228 5
664 3195 5
664 3000 5
664 7342 5
665 3629 5
665 457 4
665 3256 5
666 7343 5
666 7344 5
666 7345 5
666 7287 4
666 534 5
666 6189 5
666 1198 5
666 2351 5
666 5706 5
666 7346 5
666 5679 5
667 7347 4
667 4691 5
667 6957 5
667 7348 5
667 7349 5
667 1166 3
667 7298 5
667 5460 5
667 7350 5
667 5468 5
667 6497 4
668 2592 4
668 4574 5
668 7351 5
668 3171 5
669 6457 4
669 5715 4
669 6311 4
669 2598 5
669 2551 5
669 2643 5
670 855 4
670 7352 5
670 4740 5
670 7353 4
670 7354 5
670 7355 5
670 7356 4
670 3722 5
670 6472 4
670 3432 4
671 6090 5
671 4508 5
671 7340 5
671 2784 4
671 7357 5
671 7358 3
671 3222 5
671 7315 5
671 6037 1
671 7359 5
671 7360 1
671 7361 5
671 2803 4
671 7362 5
671 6567 5
671 4329 5
671 2683 5
672 2162 2
672 6190 5
672 2276 4
672 1328 5
672 1332 5
672 629 5
672 1289 3
672 7363 4
672 7364 4
672 2118 4
672 2561 4
672 441 4
672 1956 4
672 1298 3
672 3256 4
672 3695 4
672 4975 5
672 4187 3
672 2156 4
672 6185 5
672 258 5
672 7365 4
672 2143 5
672 1402 2
673 1953 5
673 2125 5
673 1615 5
673 6200 5
673 3202 5
673 7366 4
674 1186 5
674 7258 5
674 3409 4
674 3037 1
674 6203 4
675 6635 4
675 7367 5
675 1589 4
675 1122 4
676 7368 2
676 7369 4
676 3171 5
676 7370 5
676 7371 5
676 3366 2
676 7372 5
676 5691 3
676 6872 5
677 6116 5
677 4574 5
677 5878 5
677 1657 4
677 2592 5
677 3664 5
678 3165 5
678 7373 5
678 7374 5
678 196 5
678 6965 1
678 6365 5
679 7375 4
679 7376 3
679 1904 4
679 2522 5
679 7377 5
679 361 2
679 2451 3
679 472 3
679 476 5
679 7378 3
680 1125 5
680 4573 4
680 1148 5
680 3681 5
680 6859 5
680 3169 4
680 2525 4
680 3181 5
681 904 4
681 3649 5
681 5415 4
681 5986 4
681 2108 4
681 1826 4
681 1483 5
682 738 2
682 3181 4
682 1318 3
682 1395 3
682 258 2
682 323 4
682 7379 4
682 7380 4
682 7381 3
682 4443 4
682 7382 4
682 7383 4
682 1136 4
682 4533 3
682 3595 4
683 4588 5
683 1673 4
683 1332 3
684 1675 5
684 2095 5
684 1365 5
684 3606 5
684 3728 5
684 3042 5
684 2590 5
684 3042 5
684 4669 5
684 7384 5
684 867 5
685 254 5
685 4873 5
685 2150 5
685 7385 2
685 1380 5
685 5987 3
685 7386 5
685 7387 5
685 7388 1
685 1392 4
685 4428 5
685 3198 3
685 6813 5
685 3356 4
685 5149 5
685 1702 5
685 1787 5
685 358 5
685 7210 1
686 2858 4
686 4689 5
686 7389 5
686 7390 5
686 518 5
686 7391 5
686 1679 1
686 3042 5
686 3042 5
686 5018 5
686 3695 3
686 7392 5
686 1223 5
686 6373 5
686 1623 5
686 1243 5
686 3452 4
686 7210 5
686 3177 5
686 3170 5
686 3042 5
687 4491 5
687 6050 4
687 661 5
687 4477 4
687 4315 3
687 6110 5
687 787 1
687 7393 2
687 3256 5
687 7394 5
687 7395 4
687 5023 3
687 7396 4
687 1752 4
687 5206 2
687 4482 5
688 7190 4
688 7397 4
688 7398 2
688 7399 4
688 3065 4
688 6588 5
688 5989 5
688 7400 5
689 7401 3
689 7402 5
689 1640 5
690 4216 3
690 7403 5
690 5700 5
691 7404 4
691 7405 4
691 772 4
691 7406 4
691 7110 5
691 3263 4
691 7407 4
691 7191 4
692 3303 3
692 7042 3
692 7063 4
692 4069 5
692 1845 4
692 3670 3
692 1972 4
692 7408 5
692 7409 3
692 7410 4
692 3666 1
692 1934 4
692 7411 3
692 1877 5
692 3699 4
692 1869 4
692 1917 3
692 2797 4
692 7412 4
692 1922 4
692 118 4
692 7413 4
692 1005 4
692 1926 3
692 152 5
692 4009 3
692 2643 5
692 643 4
692 3230 5
692 3991 4
692 4309 5
692 4714 5
692 6383 5
692 6883 4
692 6787 4
692 5199 5
692 5250 3
692 4145 5
692 7414 3
692 5910 4
692 5486 3
692 732 4
692 7415 3
692 7416 4
692 741 3
692 7417 3
692 7418 4
692 3311 4
692 3534 2
692 1686 5
692 1278 5
692 7419 3
692 4235 3
692 309 3
693 2081 4
693 7420 4
693 2462 4
693 379 4
693 7421 4
693 1805 3
693 7129 4
693 5648 4
693 2484 4
693 536 5
693 6274 3
693 1873 4
693 7422 4
693 2475 4
693 2452 4
693 1621 4
693 2348 4
693 7423 4
693 639 4
693 5187 4
693 1646 4
693 1678 5
693 6912 4
693 7023 4
693 3198 4
693 7424 5
693 7425 4
693 1317 4
693 7426 4
693 7427 4
693 259 4
693 7393 2
693 7428 4
693 7429 4
693 7094 4
693 7430 4
693 7431 4
693 7432 5
693 542 4
693 7433 4
693 7434 4
693 7416 4
693 52 4
693 4759 4
693 4444 4
693 1073 5
693 5815 4
693 7435 3
693 5657 4
693 5169 4
693 566 5
693 663 4
693 2888 5
693 2264 5
693 640 1
693 7436 4
693 2130 4
693 4572 4
693 6624 5
693 1688 5
693 7437 5
693 307 5
693 4306 4
693 6080 4
693 7438 4
693 5809 4
693 6647 4
693 7230 5
693 5259 4
693 6976 5
693 4 4
693 111 5
693 6796 5
693 6112 4
693 3154 5
693 7256 5
693 7439 1
693 7440 5
693 50 5
693 7441 5
693 158 5
693 1706 4
693 1756 2
693 7442 5
693 7443 4
693 7444 5
693 3199 4
693 7445 5
693 1697 2
693 1427 4
693 24 5
693 7446 4
693 4500 4
693 7447 5
693 1750 5
693 309 5
693 7448 5
693 308 4
693 7449 5
693 1590 5
693 7121 4
693 7255 5
693 6421 4
693 39 5
693 7450 5
693 6139 5
693 1734 5
693 855 3
693 3964 4
693 4765 3
693 1738 5
693 7451 5
693 1719 5
693 7452 4
693 6427 5
693 1636 2
693 6208 4
693 7453 4
693 5027 5
693 233 4
693 1223 5
693 7194 5
693 30 5
693 312 5
693 7454 5
693 7455 4
693 4079 4
693 6568 4
693 241 5
693 69 4
693 7456 4
693 175 4
693 6954 5
693 4921 4
693 103 4
693 264 5
693 7457 4
693 4235 3
693 6074 4
693 1672 3
693 5204 4
693 7458 4
693 125 3
693 297 4
693 7459 4
693 84 5
693 4433 4
693 2051 4
693 7460 4
693 7461 3
693 200 4
693 7462 4
693 1459 4
693 7463 4
693 6575 3
693 1635 3
693 1735 4
693 2494 4
693 6497 4
693 3843 4
693 1728 4
693 7464 4
693 7465 3
693 109 4
693 7466 5
693 7467 4
693 6683 4
693 7251 4
693 6085 4
693 7418 4
693 231 4
693 4984 4
693 186 4
693 7468 3
693 4208 4
693 147 4
693 232 4
693 1276 4
693 118 5
693 134 4
693 117 4
693 7447 4
693 1306 1
693 6001 2
693 7469 4
693 6446 4
693 6043 4
693 76 4
693 209 4
693 4238 4
693 191 4
693 7470 4
693 7471 5
693 215 5
693 3448 5
693 7472 4
693 1346 4
693 1771 4
693 7473 2
693 314 5
693 240 4
693 5149 5
693 7474 3
693 1747 4
693 7118 3
693 5723 4
693 7475 5
693 7476 4
693 4064 4
693 3055 5
693 5185 3
693 2111 5
693 3992 5
693 6087 5
693 1642 4
693 208 5
693 1383 5
693 7477 4
693 120 4
693 5283 3
693 4531 4
693 4522 4
693 6424 2
693 7478 4
693 7479 5
693 173 5
693 944 2
693 7480 5
693 7481 5
693 5489 3
693 1709 5
693 1430 4
693 772 4
693 4791 4
693 858 5
693 2145 5
693 7482 5
693 7483 5
693 7484 4
693 6224 5
693 1439 5
693 320 5
693 6395 4
693 3884 5
693 7485 3
693 4054 4
693 7486 4
693 5024 5
693 7487 5
693 1049 5
693 857 4
694 174 5
694 3970 4
694 727 5
694 7488 4
694 710 3
694 3553 5
694 7489 4
694 52 5
694 7490 2
694 681 5
694 3457 4
694 7491 5
694 2268 4
694 4611 4
694 738 3
694 7492 3
694 4588 2
694 641 4
694 147 5
694 747 5
694 772 5
694 1996 4
694 217 5
694 4865 5
694 900 5
694 323 1
694 4890 5
694 1278 3
694 2939 3
694 1989 4
694 1326 4
694 7493 5
694 6206 5
694 739 5
694 694 5
694 4262 5
694 735 3
694 3000 5
694 770 3
694 1362 5
694 4320 5
694 59 5
694 712 5
694 196 4
694 1928 4
694 282 5
694 829 5
694 3263 5
694 759 5
694 4096 4
694 210 5
694 235 5
694 734 5
694 732 3
694 5073 5
694 28 5
694 305 3
694 704 5
694 4280 5
694 309 5
694 309 3
694 1370 4
694 258 5
694 313 3
694 1395 5
694 766 5
694 312 5
694 716 5
694 276 5
694 7303 5
694 7494 4
694 6048 5
694 1263 5
694 843 3
694 164 5
694 2651 5
694 1877 4
694 1944 5
694 979 2
694 4728 5
694 7495 4
694 288 1
694 7496 5
694 7113 5
694 4010 5
694 7497 4
694 1309 4
694 3323 5
694 1413 5
694 934 5
694 1811 5
694 4467 5
694 4496 5
694 1973 5
694 3687 4
694 733 5
694 832 5
694 146 5
694 5354 5
694 7498 5
694 113 4
694 7499 4
694 1441 3
694 7500 5
694 1365 5
694 1520 3
694 7501 3
694 1067 1
694 1061 2
694 7502 3
694 5191 5
694 622 4
694 985 5
694 4800 5
694 992 5
694 7503 5
694 4595 5
694 1959 5
694 3329 4
694 7504 4
694 1107 5
694 6403 4
694 3820 5
694 3748 4
694 7505 4
694 4963 5
694 7506 5
694 1060 5
694 3768 4
694 7507 5
694 5546 5
694 3798 2
694 947 4
695 5952 4
695 6470 4
695 1 4
695 2526 5
695 7508 4
695 7509 4
695 7510 4
695 4604 4
695 6698 5
695 6539 4
695 6773 4
695 7511 5
695 1804 4
695 7512 5
695 1953 4
695 7513 2
695 626 3
695 2949 4
695 2572 4
695 7514 3
695 1887 4
695 6156 3
695 27 4
695 1331 5
695 7515 3
695 5169 5
695 288 4
695 710 5
695 7516 5
695 3087 3
695 701 4
695 7517 5
695 598 4
695 7518 5
695 7519 4
695 7364 5
695 7520 4
695 7495 3
695 7521 4
695 2441 5
695 5798 4
695 979 4
695 2001 4
695 7522 4
695 1936 5
695 2421 5
695 7523 5
695 7524 2
695 2645 4
695 762 5
695 2654 5
695 5384 4
695 1969 5
695 7525 5
695 713 1
695 837 5
695 7526 5
695 7527 4
695 4771 4
695 1277 5
695 4612 5
695 766 5
696 6177 4
696 7528 5
696 6046 4
696 7529 5
696 2760 4
696 7530 4
696 6717 2
696 7178 4
696 785 5
696 6619 3
696 5866 4
696 7531 5
696 4504 4
696 274 3
696 6322 5
696 2026 3
696 1810 4
696 4719 4
696 2885 3
696 7532 4
696 5649 4
696 7533 4
696 6790 4
696 2009 4
696 6799 4
696 7534 4
696 739 5
696 628 4
696 7327 1
696 7535 4
696 7536 2
696 7537 4
696 732 5
696 7538 5
696 3462 5
696 7539 5
696 7540 4
696 7541 4
696 770 5
696 6048 5
696 667 4
696 3251 3
696 1223 4
696 7542 4
696 7543 4
696 7544 5
696 7545 5
696 7546 3
696 4252 4
696 7547 4
696 4707 5
696 5504 3
696 673 4
696 4729 5
696 1350 5
696 671 5
696 1989 4
696 6640 4
696 174 5
696 5643 3
696 609 4
696 704 2
696 1900 4
696 3514 5
696 738 3
696 1310 4
696 5651 4
696 792 1
696 217 5
696 2136 4
696 323 5
696 28 5
696 104 5
696 7548 2
696 4403 3
696 7549 5
696 1278 5
696 4028 2
696 2645 4
696 1280 5
696 766 4
696 7550 4
696 1331 5
696 741 5
696 312 4
696 4023 5
696 2031 2
696 7551 4
696 900 5
696 832 3
696 3983 2
696 7552 3
696 7553 3
696 735 5
696 144 5
696 1925 5
696 206 4
696 6722 4
696 929 3
696 6913 5
696 829 5
696 7050 4
696 759 5
696 1390 5
696 7554 5
696 5259 2
696 222 5
696 276 5
696 2971 4
696 7555 5
696 7556 4
696 7557 3
696 7558 4
696 1765 5
696 105 5
696 4427 5
696 7559 2
696 7560 4
696 1743 4
696 740 3
696 305 5
696 4862 5
696 7561 4
696 3586 4
696 280 4
696 309 5
696 2848 5
696 2728 4
696 309 5
696 7562 3
696 4144 3
696 3909 4
696 267 4
696 6692 5
696 313 5
696 4389 4
696 1366 5
696 7563 4
696 7564 4
696 7565 3
696 7208 3
696 5036 2
696 211 5
696 3550 4
696 6930 3
696 4244 4
696 1395 5
696 7566 3
696 2705 4
696 1052 4
696 5134 2
696 1467 4
696 231 4
696 934 4
696 1262 5
696 6174 4
696 196 5
696 4390 3
696 7567 4
696 762 5
696 1667 4
696 843 5
696 2965 5
696 7568 5
696 5737 4
696 7569 4
696 706 5
696 2102 4
696 712 5
696 3263 5
696 1456 5
696 7570 5
696 3985 3
696 914 4
696 814 5
696 4728 5
696 7571 5
696 692 5
696 3316 4
696 7572 4
696 7573 4
696 7342 4
696 5349 4
696 7574 4
696 2494 4
696 2655 1
696 7575 3
696 7576 5
696 7577 5
696 3750 4
696 4966 3
696 4549 4
696 976 4
696 7578 4
696 7579 4
696 4052 4
696 258 5
696 7580 3
696 7581 4
696 7582 2
696 5404 3
696 3836 3
696 7583 3
696 3816 4
696 1093 3
696 1004 4
696 3687 3
696 3590 3
696 7584 3
696 6370 5
696 4397 4
696 912 3
696 5198 5
696 3989 4
696 4100 5
696 2048 3
696 7585 5
696 6796 3
696 5420 4
696 3592 4
696 4829 4
696 3199 4
696 3469 5
696 1960 3
696 4722 5
696 3141 4
696 1029 4
696 3819 4
696 881 4
696 883 5
696 5773 5
696 7586 3
696 7587 4
696 6576 4
696 284 2
696 1485 4
696 7588 4
696 4659 4
696 184 3
696 1369 4
696 969 4
696 7589 4
696 1510 5
696 4864 4
696 4399 5
696 4084 4
697 2028 4
697 9 4
697 2776 5
697 4910 5
697 7590 1
697 31 5
697 6419 5
697 7591 5
697 6225 5
697 2 5
697 6525 5
697 7592 5
697 5894 5
697 6231 3
697 7593 5
697 7594 5
697 3830 5
697 2018 5
697 5486 5
697 6127 1
697 7595 5
697 7596 3
697 7597 1
697 5603 5
697 7598 2
697 24 5
697 5033 5
697 1691 3
697 7599 5
697 7600 5
697 7601 5
697 4711 5
697 1743 5
697 6246 4
697 6471 5
697 6741 5
697 7602 5
697 6431 5
697 6264 4
697 858 5
697 616 5
697 7088 5
697 7603 5
697 6260 5
697 1771 5
697 6926 5
697 7604 1
697 6689 4
697 6305 5
697 7605 5
697 1793 5
697 7606 5
697 6466 2
697 6279 5
697 6927 4
697 5941 5
697 3661 5
697 2863 5
697 2012 5
697 1744 4
697 7607 5
697 6457 5
697 2124 4
697 6516 5
697 6928 5
697 1177 3
697 6708 5
697 6530 4
697 2770 4
697 7608 2
697 2777 4
697 1547 5
697 7609 5
697 2054 5
697 7610 5
697 2088 3
697 7611 4
697 6527 5
697 7265 5
697 7612 3
697 6425 5
697 1672 4
697 6288 4
697 6410 5
697 1608 2
697 139 4
697 6981 5
697 6924 1
697 297 5
697 7085 5
697 7613 3
697 2228 5
697 7614 2
697 7615 5
697 7616 2
697 6178 3
697 4503 5
697 7324 5
697 7617 5
697 6853 5
697 7618 1
697 2382 4
697 6852 2
697 7619 5
697 2025 4
697 6345 5
697 6299 5
697 7549 5
697 3318 5
697 7620 2
697 1433 5
697 604 5
697 6197 5
697 6070 2
697 17 5
697 5053 5
697 7621 5
697 4231 3
697 6317 1
697 7622 5
697 6769 5
697 4469 1
697 6791 5
697 64 5
697 7623 4
697 6468 5
697 7624 4
697 1867 5
697 2130 4
697 1590 5
697 2843 5
697 1844 4
697 632 3
697 7625 5
697 1896 4
697 6522 2
697 6306 5
697 7074 1
697 2788 5
697 6452 5
697 6534 4
697 6073 5
697 2087 5
697 1356 4
697 7626 3
697 7627 5
697 7071 5
697 6735 4
697 7097 3
697 1546 4
697 2187 2
697 7628 4
697 15 5
697 2771 4
697 2768 5
697 3212 2
697 7629 5
697 6778 3
697 2814 3
697 5962 4
697 6261 5
697 5949 5
697 3465 5
697 6062 5
697 7630 5
697 4512 4
697 7631 5
697 7016 2
697 6568 3
697 7632 4
697 2680 4
697 3658 5
697 2158 5
697 7633 4
697 1649 5
697 2060 5
697 4301 5
697 1773 1
697 7634 3
697 6197 5
697 3216 3
697 6259 5
697 7635 5
697 2032 1
697 4471 5
697 7636 3
697 176 5
697 2319 5
697 2123 5
697 7637 4
697 3580 5
697 2779 4
697 6435 5
697 6245 5
697 6986 1
697 3241 4
697 2493 5
697 6789 5
697 1284 4
697 7638 5
697 68 5
697 2239 3
697 7639 2
697 7640 5
697 6985 5
697 2097 5
697 213 5
697 2784 4
697 2940 2
697 6484 5
697 7641 5
697 6300 5
697 92 4
697 4718 5
697 7642 3
697 7643 5
697 5488 4
697 6088 5
697 7644 4
697 5722 5
697 300 4
697 6138 5
697 6495 5
697 999 5
697 2962 5
697 5264 1
697 2208 5
697 5785 5
697 4238 4
697 2846 3
697 6885 5
697 7645 5
697 6801 3
697 7069 4
697 370 5
697 6282 4
697 6937 5
697 2803 4
697 7646 1
697 288 1
697 7537 4
697 4884 4
697 769 5
697 2774 5
697 1790 5
697 41 5
697 2122 5
697 6421 5
697 1621 4
697 4435 5
697 1912 5
697 6878 5
697 6978 5
697 2800 4
697 3693 5
697 3217 5
697 5719 1
697 6289 4
697 7647 5
697 6493 4
697 7648 3
697 144 5
697 7320 5
697 6162 5
697 6065 4
697 312 5
697 3189 5
697 7649 3
697 7650 5
697 7651 4
697 4442 5
697 5723 5
697 4090 5
697 7197 5
697 6069 4
697 7652 5
697 738 1
697 4946 5
697 3344 5
697 7653 5
697 3330 1
697 1920 3
697 3000 5
697 1939 5
697 5832 4
697 1878 5
697 1282 3
697 7654 5
697 7655 5
697 7656 5
697 2789 5
697 7657 5
697 7658 5
697 45 5
697 6972 5
697 2049 5
697 6518 5
697 120 5
697 7659 5
697 1732 5
697 7660 5
697 7661 5
697 1678 5
697 1686 5
697 6134 5
697 7662 5
697 4178 5
697 7218 4
697 7663 5
697 1392 5
697 7044 5
697 5248 5
697 3165 5
697 1709 5
697 5149 5
697 7664 5
697 197 5
697 84 5
697 498 2
697 1693 5
697 3454 4
698 7509 3
698 6243 5
698 6346 5
698 4675 5
698 2860 5
698 5997 4
698 19 5
698 6107 5
699 6319 5
699 1665 4
699 7665 5
699 3773 5
699 7666 5
699 6120 5
700 4000 5
700 7667 5
700 6701 3
700 7607 4
700 4424 5
700 2852 3
700 2385 4
700 7668 4
700 6462 5
700 4363 5
701 7669 5
701 5120 5
701 1793 5
701 4902 5
701 4910 5
701 7670 4
701 891 5
701 4316 5
701 6469 5
701 6522 5
701 6701 5
701 6704 5
701 6703 4
701 32 5
701 6420 5
701 6187 4
701 6450 5
701 7590 5
701 3296 5
701 7591 5
701 5573 5
701 6521 5
701 6419 5
701 6358 5
701 7671 5
701 6418 5
701 4195 5
701 7672 5
701 5559 5
701 0 5
701 6421 5
701 119 5
701 7673 5
701 7674 5
701 6236 5
701 6798 5
701 6708 5
701 6119 5
701 6395 5
701 7675 3
701 7676 5
701 7677 2
701 7678 5
701 4005 5
701 7679 5
701 6232 5
701 7680 5
701 6710 5
701 6531 5
701 5021 5
701 7681 5
701 6288 5
701 7173 5
701 2012 5
701 6457 5
701 7035 5
701 37 5
701 6124 3
701 3258 5
701 202 1
701 6347 4
701 7070 5
701 21 5
701 7682 5
701 6927 2
701 5638 5
701 2278 4
701 1801 3
701 6925 5
701 6237 5
701 7170 5
701 31 5
701 315 4
701 310 4
701 1547 5
701 2760 5
701 6254 4
701 6170 5
701 5159 5
701 14 5
701 7 5
701 7683 4
701 7684 4
701 4397 5
701 2772 4
701 3 5
701 3730 4
701 3644 3
701 7685 4
701 7686 4
701 7252 4
701 7687 4
701 2385 4
701 6246 4
701 7688 4
701 7086 3
701 2788 4
701 1388 4
701 7689 5
701 6245 4
701 5838 4
701 7690 4
701 4229 4
701 1532 5
701 2819 5
701 6709 5
701 4892 5
701 2825 5
701 2849 5
701 7691 5
701 7077 4
701 7540 4
701 229 5
701 4828 5
701 7038 5
701 7692 4
701 6526 5
701 4372 5
701 6529 5
701 1662 4
701 3526 4
701 7193 5
701 210 1
701 7322 5
701 7693 5
701 923 2
701 6528 5
701 2852 2
701 6690 4
701 7607 5
701 785 4
701 7674 4
701 7180 5
701 6928 5
701 1582 5
701 2231 5
701 7180 5
701 7694 2
701 2818 5
701 1532 5
701 2228 4
701 7695 5
701 219 5
701 6234 4
701 192 2
701 6423 4
701 4452 5
701 6425 5
701 2491 4
701 6238 5
701 6534 5
701 7696 3
701 7691 4
701 6708 5
701 6235 5
701 7697 5
701 3266 4
701 6975 3
701 7698 4
701 1571 5
701 303 5
701 3111 5
701 7067 4
701 1568 3
702 6321 5
702 6714 4
702 6995 4
702 6272 5
702 2856 3
702 7699 5
702 7700 5
702 5871 3
702 7004 2
702 382 5
702 2322 2
702 1111 5
702 2299 4
702 2475 4
702 6724 4
702 2296 2
702 7701 5
702 6991 5
702 7702 5
702 6802 5
702 1230 5
702 1796 5
702 5870 4
702 6902 5
702 2515 2
702 1562 4
702 4527 5
702 6748 4
702 6830 5
702 2197 5
702 6831 5
702 5541 5
702 809 4
702 7703 4
702 441 4
702 6671 4
702 1158 5
702 2264 5
702 7079 5
702 7704 5
702 496 5
702 7705 5
702 6803 4
702 6416 5
702 1864 5
702 2094 4
702 1596 4
702 624 5
702 632 5
702 1122 5
702 2476 5
702 2455 5
702 529 5
702 7508 2
702 7706 5
702 3048 4
702 5673 5
702 4303 5
702 4329 4
702 7707 4
702 6196 5
702 6668 5
702 7663 5
702 3545 5
702 7708 4
702 4330 4
702 1880 4
702 7709 5
702 7359 5
702 2087 5
702 7710 4
702 1939 5
702 1963 4
702 1911 4
702 885 5
702 992 4
702 4045 4
702 2067 5
702 7711 5
702 4198 5
702 4884 4
702 7712 5
703 3653 5
703 1108 5
703 7713 4
703 7714 4
703 1118 5
703 7715 5
703 843 3
703 4357 5
703 7716 5
703 2796 4
703 7314 5
703 2831 3
703 2539 4
703 412 5
703 7514 3
703 7285 4
703 7717 4
703 4303 3
703 670 4
704 7718 5
704 119 5
704 7029 4
704 7719 4
704 6422 5
704 4327 5
704 6563 5
704 1793 5
704 7720 2
704 7721 4
704 7722 5
704 4129 1
704 1801 2
704 7723 1
704 6452 4
704 2822 4
704 7619 4
704 6236 5
704 29 5
704 7636 5
704 7724 4
704 7725 4
704 2026 4
704 6735 5
704 5726 4
704 2803 4
704 2079 5
704 2824 5
704 2069 5
704 7726 5
704 6011 5
704 7727 5
704 4866 5
704 7267 5
704 1568 5
704 1735 4
704 3328 5
704 5430 5
704 6718 5
704 7728 4
704 5004 4
704 1744 4
704 7729 5
704 2744 5
705 7730 4
705 6162 4
705 2183 3
705 2860 4
705 531 5
705 2572 4
705 392 5
705 7731 3
705 1579 4
705 7732 4
705 7214 4
705 2870 4
705 1601 2
705 7733 4
705 904 4
705 7734 1
705 1880 5
705 1616 3
705 4708 4
705 1617 4
705 1229 4
705 3167 5
705 7735 5
705 323 5
705 759 5
705 1634 4
705 276 5
705 1828 5
705 3260 2
705 1790 5
705 2778 5
705 7736 5
705 7659 5
705 7737 4
705 7738 4
705 3992 5
705 5149 4
705 1736 3
705 7739 3
705 7740 5
705 7741 4
705 7742 4
705 6001 2
705 4278 5
705 4735 5
705 7743 5
705 6816 5
705 829 1
705 167 5
705 709 5
705 5757 2
705 4867 5
705 2294 4
705 1636 4
705 5187 4
705 312 5
705 196 5
705 5790 1
705 7484 5
705 112 2
705 7744 5
705 7745 5
705 2907 5
705 1850 5
705 1317 5
705 728 5
705 1773 1
705 738 3
705 265 4
705 4263 5
705 309 4
705 258 4
705 1775 4
705 7746 5
705 5114 3
705 7747 5
705 7748 5
705 7749 4
705 230 4
705 6622 1
705 870 4
705 5556 4
705 4018 4
705 779 5
705 741 5
705 4552 4
705 1991 3
705 6390 1
705 1084 5
705 4341 4
705 6131 5
705 222 5
705 3566 1
705 313 3
705 314 5
705 1383 5
705 4873 4
705 1332 5
705 7750 3
705 850 3
705 3633 5
705 7751 5
705 5249 4
705 843 2
705 271 5
705 7752 4
705 3025 1
705 640 3
705 3672 4
705 914 4
705 280 5
705 1973 5
705 740 3
705 7753 5
705 948 5
705 727 3
705 574 1
705 5502 5
705 1682 3
705 7472 4
705 4768 5
705 833 5
705 288 4
705 1327 4
705 1754 5
705 710 2
705 1347 5
705 816 5
705 7754 5
705 3947 5
705 3449 1
705 3814 4
705 4917 1
705 2090 5
705 2158 5
705 4984 5
705 1365 5
705 1960 4
705 1049 4
706 6419 5
706 7592 5
706 7755 5
706 6701 3
706 2511 4
706 6714 4
706 1818 3
706 6702 5
706 5976 4
707 136 5
707 1721 4
707 7756 3
707 1547 5
707 6282 5
707 6337 5
707 7620 4
707 2142 3
707 7757 5
707 4599 5
707 75 1
707 5528 5
707 3617 5
707 7068 1
707 6937 5
707 7758 4
707 2093 4
707 7759 4
708 6583 5
708 1527 3
708 1935 1
708 6430 5
708 6358 4
708 6419 5
708 6704 4
708 6522 4
708 31 5
708 6420 5
708 32 5
708 6418 4
708 6685 5
708 2387 2
708 6423 5
708 7675 2
708 2012 5
708 7624 4
708 6535 5
708 6534 1
708 6229 4
708 147 5
708 2228 5
708 3241 5
708 6619 4
708 7760 4
708 1937 5
708 1902 5
708 7761 4
708 2651 5
708 1673 1
708 7180 5
708 6248 5
708 6334 5
708 7762 3
708 7763 5
708 1541 5
708 2977 5
708 7764 1
708 2025 5
708 315 5
708 7695 4
708 7262 4
708 3214 3
708 2866 4
708 2518 5
708 5866 5
708 5919 5
708 7311 5
708 2059 5
708 2078 5
709 1641 5
709 7765 2
709 4927 5
709 2962 5
709 7766 5
709 7767 4
709 7696 3
709 5880 5
709 6726 4
709 7448 5
709 7252 4
709 1916 5
709 315 5
709 4936 1
709 31 5
709 9 5
709 7768 4
709 7769 5
709 6457 5
709 7770 5
709 2077 5
709 2280 2
709 1637 1
709 2080 5
709 6846 5
709 2399 2
709 4513 5
709 116 4
709 7456 5
709 6692 4
710 7696 3
710 16 2
710 7624 2
710 6238 4
710 6237 5
710 7668 2
710 7084 5
710 7771 1
710 7411 5
710 5896 4
710 5909 5
710 7277 3
710 2186 2
710 4252 4
710 3168 4
710 707 4
710 7772 4
710 7646 5
710 1908 4
710 2446 4
710 4367 4
710 2508 4
710 5898 1
710 2177 3
710 6780 2
710 2360 3
710 1231 5
710 2120 4
710 6 4
710 6685 5
710 6751 3
710 6482 5
710 3365 5
710 2176 2
710 850 5
710 2195 1
710 2230 5
710 7773 4
710 4356 4
710 7197 5
710 2319 3
710 7774 4
710 6104 4
710 7283 4
710 7775 3
710 5221 2
710 6457 5
710 7776 3
710 3841 5
710 7489 2
710 6724 4
710 7777 4
710 7778 4
710 3575 5
710 7779 2
710 6175 4
710 2247 5
710 7780 5
710 1229 5
710 2860 5
710 2259 3
710 5917 5
710 357 3
711 7642 5
711 4574 5
711 6450 5
711 2 5
711 205 5
711 1549 4
711 7781 1
711 6712 4
711 7781 3
711 2208 4
711 7782 5
711 1029 5
711 4895 4
711 7177 3
711 7320 4
711 4002 5
711 3707 5
711 7783 5
711 7784 5
711 6642 3
711 5261 5
711 3009 5
711 2820 5
711 7785 5
712 7786 3
712 6880 4
712 6466 4
712 6929 1
712 7787 5
712 7788 3
712 4129 1
712 7 4
712 6001 4
712 6468 5
712 2199 5
712 6924 1
712 6729 5
712 2249 5
712 7677 4
712 7723 1
712 7679 5
712 7606 5
712 2188 1
712 2319 5
712 6104 5
712 6477 5
712 2257 5
712 7789 5
712 7790 4
712 5187 5
712 1365 5
712 76 5
712 316 5
712 7081 5
712 1604 5
712 6710 5
712 36 5
712 2093 5
712 6135 5
712 2114 5
712 1608 5
712 919 5
712 2495 5
712 7791 5
712 6095 5
712 7044 5
712 7792 5
712 120 5
712 5786 5
712 7725 5
712 7793 5
712 4935 5
712 3460 5
712 7794 5
712 3658 2
712 3732 5
712 7795 5
712 1750 5
712 7314 5
712 6332 5
712 1343 5
712 3224 5
712 609 5
712 6286 5
712 2784 5
712 7796 5
712 7632 5
712 6452 5
712 2050 5
712 6251 5
712 7551 5
712 5004 5
712 24 5
712 105 5
712 1894 5
712 173 5
712 292 2
712 6300 5
712 3654 5
712 7797 5
712 2776 5
712 6690 5
712 7798 5
712 7251 5
712 6887 4
712 7311 5
712 6076 5
712 4433 5
712 2744 5
712 4312 5
712 6291 5
712 2840 5
712 5964 5
712 7605 5
712 6727 5
712 1659 5
712 5683 5
712 7069 5
712 6937 5
712 1586 5
712 297 5
712 1587 5
712 78 5
712 6444 5
712 231 5
712 7619 5
712 1647 5
712 6073 5
712 5 5
712 7799 5
712 1629 5
712 7192 4
712 7327 5
712 7710 5
712 3630 5
712 2048 5
712 1049 5
712 2821 4
712 7800 5
712 7801 5
712 1215 5
712 5504 5
712 3260 3
712 3306 5
712 7802 5
712 5727 2
712 6331 5
712 6290 4
712 6533 4
712 6259 5
712 7803 5
712 2770 2
712 2831 4
712 2762 5
712 5652 5
712 5857 5
712 1153 5
712 2798 4
712 6464 5
712 6306 4
712 7804 4
712 95 4
712 7416 5
712 2765 5
712 7181 4
712 6702 4
712 2030 4
712 717 5
712 7805 5
712 3302 5
712 6741 5
712 7555 5
712 7036 5
712 6074 5
712 6457 5
712 6456 5
712 589 4
712 141 5
712 6346 1
712 6288 5
712 3311 5
712 3985 4
712 6853 4
713 5641 4
713 7806 2
713 4799 4
713 7807 4
713 6179 4
713 4117 5
713 6715 4
713 7618 2
713 6412 5
713 3224 4
713 7605 5
713 7808 5
713 2438 5
713 6227 4
713 6474 3
713 4344 3
713 7809 3
713 7810 5
713 6352 2
713 4795 3
713 5905 5
713 6294 4
713 2053 2
713 7811 5
713 7229 5
713 7231 5
713 7812 3
713 6282 5
713 6160 4
713 7787 1
713 7813 3
713 6495 4
713 4043 1
713 7145 3
713 4296 4
713 6162 4
713 7639 5
713 5904 5
713 6730 5
714 7814 4
714 7815 4
714 6359 2
714 7613 4
714 555 5
714 6408 4
714 5957 4
714 4471 5
714 2079 5
714 5961 5
714 7732 5
714 7123 5
714 1562 3
714 817 4
714 2170 3
714 7816 4
714 7339 5
714 386 4
714 3079 4
714 7817 5
714 7818 5
714 526 5
714 4451 4
714 4479 4
714 7819 4
714 7108 4
714 6769 3
714 7820 5
714 2908 5
714 6878 4
714 173 5
714 5789 5
714 6905 4
714 7821 3
714 7079 5
714 7697 5
714 5656 5
714 3196 4
714 7822 5
714 3545 4
714 7823 5
714 2895 5
714 7611 4
714 2223 4
714 2237 2
714 3444 5
714 7824 4
714 326 5
714 5091 4
714 7825 2
714 599 3
714 6914 4
714 4470 4
714 7216 4
714 5233 5
714 5985 5
714 3056 3
714 7826 5
714 94 4
714 627 3
714 7827 5
714 6293 4
714 5221 4
714 7828 3
714 6474 4
714 5950 3
714 2227 5
714 1569 3
714 2952 5
714 7829 4
714 7830 4
714 6301 5
714 7831 5
714 6506 5
714 2061 5
714 7832 4
714 2495 4
714 2494 4
714 2048 5
714 3894 5
714 7833 5
714 7834 4
714 5737 4
714 7835 4
714 7836 5
714 6105 5
714 6352 5
714 7767 5
714 1097 5
714 7802 5
714 2296 4
714 7837 4
714 7838 4
714 6285 4
714 7242 5
714 7839 5
714 7840 3
714 2014 5
714 5991 4
714 6825 5
714 306 4
714 7841 5
714 4160 5
714 1538 5
714 2037 4
714 4112 5
714 7842 4
714 7843 2
714 2874 4
714 4329 4
714 7053 5
714 4904 5
714 6925 4
714 2869 4
714 7778 4
714 2810 5
714 7844 4
714 6054 5
714 687 5
714 2699 4
714 7845 4
714 3139 5
714 7846 3
714 2824 4
714 7299 5
714 3550 5
714 2903 5
714 4094 5
714 1950 4
714 4455 5
714 7847 4
714 7272 3
714 4453 5
714 7276 5
714 5941 5
714 4460 4
714 7848 5
714 7218 4
714 3990 4
714 4905 5
714 7595 4
715 1528 1
715 7849 5
715 746 5
715 7850 5
715 5663 5
715 7851 5
715 288 1
715 1581 2
715 772 4
715 1395 1
715 7852 3
715 1762 4
715 1650 3
715 276 3
715 3380 4
715 7853 4
715 1330 5
715 740 4
715 706 5
715 450 4
715 832 4
715 7671 5
715 7854 5
715 196 5
715 1432 4
715 3088 3
715 678 4
715 104 4
715 1972 4
715 759 5
715 843 4
715 313 5
715 1324 4
715 762 5
715 167 4
715 1332 4
715 3477 4
715 1419 4
715 1267 5
715 1300 1
715 312 4
715 1321 4
715 7855 5
715 258 4
715 7856 5
715 5640 2
715 1409 3
715 7857 5
716 6226 5
716 7858 4
716 2023 5
716 6227 5
716 6312 5
716 6728 4
716 1231 5
716 7681 4
716 3500 3
716 7859 5
716 6170 4
716 1597 5
716 7860 5
716 4575 3
716 7861 5
717 2194 4
717 1106 5
717 1124 1
717 7862 5
717 1214 4
717 7863 4
717 608 4
717 395 5
717 7864 5
717 7865 5
717 2503 4
717 2355 5
717 1889 4
717 7866 5
717 5705 5
717 173 2
717 1713 4
717 7867 5
717 7868 5
717 7869 5
717 1225 2
717 7870 4
717 7871 4
717 5494 4
717 7872 3
718 1547 5
718 6073 5
718 1564 5
718 7083 5
718 790 5
718 7873 5
718 7396 5
718 458 5
718 1119 5
718 1498 5
719 2004 4
719 3224 4
719 7874 4
719 4907 5
719 7150 5
719 4117 5
719 6107 4
720 4261 5
720 7875 5
720 5134 5
720 6619 5
720 6315 2
720 1926 4
720 7876 4
720 3670 5
720 6350 5
720 6290 5
720 6079 5
720 6926 4
720 6974 5
720 3074 5
720 6322 5
720 7610 5
720 7613 5
720 7860 5
720 5906 5
720 7267 5
720 1793 5
720 3331 5
720 7877 5
720 6727 4
720 1669 5
720 6292 1
720 3392 4
720 5861 5
720 6331 4
720 7878 3
720 2069 5
720 4448 5
720 6300 5
720 3988 5
720 6302 4
720 7879 5
720 2942 5
720 2509 5
720 4574 5
720 975 5
720 891 4
720 7880 5
720 7881 5
721 7882 5
721 3009 5
721 5893 4
721 6257 4
721 7883 4
721 3015 3
721 2101 5
721 7639 5
722 6797 5
722 6796 5
722 2975 5
722 7303 5
722 7884 5
722 2162 3
722 4099 5
722 814 3
722 7885 5
722 7269 5
722 1278 3
722 7886 4
723 6319 3
723 1935 3
723 1549 4
723 7079 4
723 7285 3
723 4124 4
723 4659 3
723 1942 3
723 7887 5
724 7888 5
724 7889 5
724 5503 5
724 5189 5
724 1541 5
724 1785 5
724 1784 5
724 6324 3
724 7890 5
724 755 1
724 2511 4
725 2091 4
725 2166 5
725 2476 5
725 6451 5
725 7403 4
725 3368 4
725 2223 5
725 368 5
725 6073 5
725 4511 4
725 5969 4
725 1657 4
725 7891 4
725 1841 5
725 7892 4
725 6176 5
726 6919 4
726 1807 5
726 392 4
726 1111 4
726 1141 3
726 446 1
726 7893 5
726 595 5
726 6502 5
726 1892 3
726 3605 5
726 3413 4
726 2347 5
726 2430 5
726 6742 5
726 5556 5
726 1166 3
726 1174 5
726 5968 5
726 2362 5
726 6324 3
726 7056 5
726 2317 4
726 1903 5
726 1121 2
726 6677 2
726 2313 3
726 7041 3
726 4821 5
726 100 4
726 5872 5
726 2066 5
726 3630 5
726 2070 4
726 17 4
726 1673 4
726 2047 5
726 1794 3
726 7175 5
726 7643 5
726 769 5
726 7642 4
726 7402 4
726 7668 3
726 83 4
726 2078 4
726 2231 5
726 6033 5
726 3647 3
726 7252 5
726 6240 5
726 1606 5
726 2002 5
726 3687 4
726 6389 3
726 7894 4
726 3610 4
726 3460 5
726 3253 3
726 3256 5
726 6973 4
726 3920 5
726 7895 3
726 7896 5
726 7897 3
726 6972 5
726 7898 4
726 3214 5
726 2033 4
726 6329 5
726 627 5
726 1650 5
726 7899 3
726 728 5
726 6359 1
726 7900 5
726 1853 4
726 3454 4
726 2155 5
726 5409 5
727 1527 5
727 1274 5
727 1343 5
727 6239 4
727 5917 5
727 7694 4
727 2257 5
727 4397 4
727 7901 5
727 1029 5
727 3922 5
727 7902 5
727 607 5
727 6457 4
727 7329 5
727 6295 1
727 3311 4
727 912 3
727 1542 5
727 1534 5
727 4410 4
727 897 2
727 6170 4
727 928 2
727 7096 4
727 3610 2
727 7903 3
727 6466 5
727 4199 5
727 6841 4
727 1942 3
727 7904 5
727 2012 4
727 6172 5
727 7905 5
727 604 5
727 7906 5
727 3908 2
727 4009 4
727 1153 5
727 7907 4
728 1527 4
728 6258 5
728 6235 4
728 3654 4
728 91 4
728 7908 4
728 7909 5
728 6793 5
728 273 4
728 7910 3
728 6424 5
728 6093 4
728 7911 4
728 7912 4
728 1955 5
728 948 4
728 1864 4
728 5922 3
728 7913 4
728 2024 4
728 6411 5
728 7705 4
728 4932 1
728 1313 1
728 2478 5
728 1418 4
728 5307 4
728 1274 5
728 627 5
728 6241 3
728 6242 4
728 112 4
728 7914 5
728 161 4
728 1898 4
728 810 4
728 6073 3
728 7915 4
728 5713 3
728 7360 1
728 6253 5
728 6889 4
728 3691 4
728 3742 4
728 728 4
728 6317 2
728 7916 2
728 6737 4
728 6407 4
728 2779 3
728 7917 4
728 253 5
728 6046 4
728 661 4
728 7124 5
728 1645 5
728 3148 5
728 1419 2
728 762 4
728 1892 5
728 309 4
728 7918 3
728 6456 5
728 574 1
728 3313 2
728 909 1
728 2655 1
728 7597 3
728 4357 4
728 4424 4
728 6778 2
729 7919 5
729 5875 4
729 3400 4
729 2388 4
729 762 1
729 7920 1
729 934 3
729 323 2
729 832 3
729 7921 3
729 1275 1
730 4050 5
730 2856 4
730 196 1
730 1537 3
730 6836 5
730 2860 5
730 713 1
730 595 5
730 1111 1
730 1900 5
730 1186 5
730 6574 5
730 7922 5
730 7037 3
730 2945 5
730 1275 1
730 7489 5
730 7923 3
730 6290 5
730 1864 5
730 1839 5
730 6859 5
730 2286 4
730 4474 2
730 7924 5
730 2307 2
730 3686 3
730 6111 4
730 2227 3
731 7925 3
731 6222 5
731 3550 4
731 4043 3
731 1942 3
731 1560 5
731 3006 4
731 3215 5
731 4329 2
731 3302 5
731 2083 4
731 6786 4
731 7926 5
731 7927 4
731 7923 4
731 2054 3
731 5937 3
731 2885 5
731 4825 5
731 4423 4
731 7928 4
731 1346 4
731 2805 4
731 3400 3
731 3732 4
731 3256 5
731 5279 4
731 1922 4
731 7929 4
731 2372 2
731 2577 5
731 1673 3
731 6291 4
731 4090 5
731 6834 4
731 2059 5
731 3228 5
731 2831 5
731 3516 5
731 7315 5
731 7930 3
731 2842 4
731 2845 4
732 1673 5
732 1540 4
732 623 4
732 1724 2
732 1581 4
732 7931 3
732 628 5
732 1598 3
732 4099 5
732 1603 3
732 934 3
732 3727 3
732 7932 5
732 804 5
732 2054 5
732 1211 3
732 1967 4
732 7933 1
732 2651 5
732 1300 3
732 3075 3
732 741 5
732 1237 4
732 174 2
732 6603 5
732 1930 5
732 5207 4
732 1278 5
732 1330 3
732 4491 5
732 309 5
732 4463 5
733 2035 5
733 2494 5
733 6900 4
733 2054 5
733 7878 5
734 280 5
734 7934 4
734 1765 4
734 4599 3
735 1528 1
735 7935 2
735 6547 5
735 2864 4
735 6859 4
735 7228 3
735 2635 2
735 2554 2
736 6079 5
736 3695 4
736 3765 2
736 6446 3
736 909 1
736 6818 5
736 1561 5
736 5237 5
737 205 4
737 4499 5
737 2504 3
737 953 3
737 610 5
737 718 5
738 5886 1
738 6220 4
738 7779 2
738 353 5
738 6216 2
738 1109 4
738 330 4
738 6742 4
738 471 2
738 7936 3
738 7937 5
738 2861 5
738 1231 4
738 1111 4
738 2162 2
738 7280 5
738 6732 1
738 595 4
738 2183 4
738 422 2
738 7938 3
738 6608 4
738 7939 3
738 2617 4
738 4209 3
738 2948 3
738 2226 3
738 7236 5
738 2173 1
738 6744 2
738 409 4
738 1873 3
738 2350 4
738 7940 5
738 4855 3
738 3506 2
738 2855 4
738 5873 3
738 7941 2
738 2439 3
738 2184 3
738 2538 1
738 2479 4
738 2371 3
738 329 4
738 5704 3
738 6605 5
738 6751 3
738 7942 1
738 2163 2
738 2217 3
738 2560 4
738 385 3
738 2866 2
738 2207 4
738 2391 3
738 3037 4
738 2178 4
738 7396 3
738 6541 4
738 2218 5
738 6671 4
738 7099 1
738 6659 5
738 1167 3
738 1564 5
738 7943 5
738 350 5
738 2446 4
738 7825 2
738 1218 2
738 331 2
739 6088 3
739 4426 5
739 7944 5
739 7719 5
739 6735 5
739 1679 2
739 5944 5
739 2232 5
739 4150 5
739 7945 5
739 2803 4
739 7946 4
739 1676 4
740 6302 5
740 1862 4
740 7028 4
740 5899 5
740 6265 5
740 6243 4
740 6001 4
740 7755 4
740 4471 4
740 6292 3
740 1800 5
740 1536 3
740 2825 4
740 2504 5
740 3990 4
740 7947 4
740 5927 4
740 291 5
740 6408 5
740 7948 5
740 22 4
740 2183 5
740 1835 5
740 5292 4
740 6335 4
740 9 4
740 1909 5
740 1787 5
740 7111 5
740 118 4
740 7848 4
740 7839 3
740 7604 4
740 5221 4
740 2360 4
740 2755 4
740 2225 5
740 6920 5
740 6343 5
740 6729 5
740 6933 5
740 7281 5
740 7736 5
740 1906 5
740 7296 5
740 2632 4
740 7949 5
740 205 5
740 67 4
740 6924 3
740 7950 4
740 7951 3
740 1259 5
740 7270 4
740 7594 3
740 213 5
740 1912 5
740 7952 5
740 5972 5
740 7953 5
740 5873 5
740 7954 5
740 5918 5
740 7901 4
740 6496 5
740 7955 5
740 953 5
740 2020 5
740 2791 4
741 7956 5
741 7359 5
741 97 4
741 7957 5
741 2808 5
741 5789 5
741 4331 5
741 7116 5
741 2812 2
742 2766 4
742 1864 3
742 3260 4
742 5789 4
742 7810 3
742 1550 5
742 1553 5
742 6726 3
742 5900 2
742 95 3
742 6742 3
742 2275 5
742 6454 5
742 3996 4
742 6001 3
742 2225 5
742 4017 4
742 7958 3
742 1560 4
742 2008 4
742 6404 5
742 7777 5
742 7959 5
742 7108 3
742 5715 4
742 7763 5
742 4069 5
743 6974 5
743 7893 4
743 2374 5
743 6421 5
743 6704 5
743 4452 4
743 2192 5
743 6420 4
743 7591 4
743 6522 4
743 3324 5
743 6422 5
743 3 5
743 7028 4
743 2818 5
743 208 5
743 7960 3
743 16 2
743 1837 4
743 2788 4
743 7170 4
743 7624 4
743 7961 3
743 7277 4
743 7936 4
743 5897 2
743 7962 5
743 6502 5
743 2242 4
743 609 5
743 1670 4
743 1536 5
743 6219 4
743 2862 3
743 1017 5
743 6947 4
743 7963 3
743 6348 4
743 2763 4
743 7802 5
743 6233 4
743 2520 2
743 2538 4
743 6860 5
743 7 5
743 3044 5
743 2770 4
743 6218 5
743 6866 3
743 425 5
743 5732 5
743 7964 5
743 3483 4
743 2022 2
743 6731 4
743 2985 1
743 2350 5
743 7965 5
743 4836 4
743 3365 4
743 6516 5
743 6326 5
743 5949 4
743 941 5
743 478 4
743 3225 4
743 4677 4
743 2358 4
743 2263 5
743 2536 4
743 2235 4
743 1167 4
743 2391 3
743 1908 4
743 6166 4
743 7252 4
743 6290 4
743 1191 5
743 2453 5
743 3837 4
743 1054 5
743 7966 5
743 1154 4
743 7967 4
743 830 5
743 2337 4
743 4925 4
743 428 4
743 463 4
743 6942 5
743 466 5
743 2716 4
743 2332 4
743 7968 4
743 2476 5
743 7969 5
743 6627 4
743 344 2
743 484 4
743 2202 4
743 3410 5
743 1805 5
743 7970 4
743 7971 4
743 7972 4
743 4163 4
743 1256 4
743 7973 4
743 4625 5
743 409 4
743 7974 4
743 1171 5
743 7975 4
743 7976 4
743 4913 5
743 6671 4
743 387 3
743 2265 3
743 383 3
743 2183 4
743 2371 3
743 6919 5
743 497 4
743 2866 3
743 1134 4
743 7977 5
743 459 5
743 7954 4
743 458 4
743 7978 4
743 6596 3
743 7942 4
743 1905 4
743 2908 5
743 7979 5
743 2303 4
743 1206 4
743 1498 3
743 2014 5
743 6751 4
743 2225 4
743 7980 4
743 1193 4
743 2903 5
743 991 4
744 2003 2
744 5899 5
744 6362 4
744 6256 5
744 6741 4
744 7879 4
744 6726 5
744 4151 5
744 1530 5
744 6228 5
744 6262 4
744 125 3
744 7624 5
744 5885 4
744 7266 4
744 6454 4
744 6527 4
744 6232 4
744 7171 4
744 7981 3
744 149 4
744 7982 5
744 7609 4
744 4369 4
744 5922 3
744 6444 5
744 4341 3
744 1937 4
744 7983 4
744 6306 5
744 1673 4
744 870 4
744 1537 4
744 718 4
744 2147 4
744 1991 4
744 6162 4
744 4238 4
744 837 4
744 2651 4
744 1408 4
744 1532 5
744 7984 4
744 2931 4
744 7311 2
744 225 2
744 6423 5
744 313 4
744 4245 4
744 534 5
744 6717 4
744 7756 4
744 1541 3
744 7985 5
744 6791 4
744 6233 5
744 4498 2
744 6429 4
744 7778 2
744 6001 4
744 7835 4
744 6322 4
744 2518 4
744 7986 4
744 6097 4
744 5917 5
744 7878 3
744 7987 5
744 2213 4
744 5963 4
744 7762 4
744 6292 4
744 7988 4
744 7089 4
744 7805 3
744 7989 4
744 4356 5
744 6724 4
744 6738 5
744 1278 5
744 2079 4
744 2201 3
744 4936 4
744 7358 4
744 7990 4
744 7949 4
744 7991 5
744 2098 4
744 6293 2
744 5961 5
744 7827 4
744 6528 5
744 2035 4
744 610 5
744 7992 4
744 7529 2
744 3006 4
744 7820 4
744 4452 4
744 7993 4
744 7994 5
744 2493 5
744 2972 4
744 2818 5
744 5901 5
744 6300 5
744 7102 4
744 3703 3
744 7075 5
744 6689 4
744 574 3
744 7699 4
744 6345 3
744 5727 5
744 974 4
744 587 3
744 2959 3
744 6534 5
744 4471 4
744 7081 4
744 1864 5
744 6242 3
744 2136 4
744 6512 5
744 6307 5
744 7092 4
744 6172 5
744 4306 4
744 7995 4
744 3365 4
744 6244 4
744 7614 4
744 7996 4
744 5966 4
744 3212 4
744 1650 5
744 1040 4
744 7997 4
744 7847 3
745 6751 4
745 6909 4
745 7154 5
745 3687 3
745 7231 4
745 3190 5
745 2067 5
745 4491 5
745 5997 5
745 5980 4
746 5899 5
746 7200 3
746 599 2
746 2005 5
746 6417 4
746 2818 4
746 6358 4
746 4910 5
746 2406 5
746 7624 4
746 7998 4
746 7078 4
746 6119 5
746 2772 5
746 1582 5
746 6708 5
746 5913 5
746 6529 5
746 6171 5
746 1571 5
746 7999 5
746 2511 4
746 6170 5
746 7723 2
746 7171 5
746 6710 5
746 4442 5
746 3 5
746 6261 5
746 6975 5
746 4369 5
746 6528 4
746 6425 5
746 208 4
746 7677 3
746 6534 3
746 1781 3
746 5416 5
746 2783 5
746 4689 4
746 8000 5
746 7107 4
746 6258 4
746 8001 5
746 8002 4
746 7594 5
746 4131 4
746 8003 5
746 5263 5
746 7260 5
746 610 5
746 6051 5
746 8004 4
746 4449 4
746 1075 2
746 5791 3
746 2470 4
746 2009 4
746 7633 4
746 6891 4
746 6568 4
746 2620 2
746 6043 4
746 222 5
746 155 4
746 3311 5
746 4599 3
746 207 5
746 88 5
746 6699 4
746 3748 5
746 7756 3
746 8005 3
746 68 5
746 8006 5
746 6526 5
746 6281 5
746 7801 5
746 749 5
746 8007 4
746 127 4
746 6235 5
746 6421 5
746 4187 4
746 6438 5
746 320 5
746 7966 5
746 8008 5
746 5307 4
746 2018 5
746 485 4
746 8009 4
746 8010 4
746 1867 4
746 1501 5
746 7069 5
746 2305 4
746 4565 3
746 6531 3
746 4454 4
746 1898 4
746 7251 5
746 8011 5
746 3856 5
746 3266 4
746 8012 5
746 5941 5
746 2228 5
746 8013 4
746 1343 5
746 4357 4
746 2382 4
746 1516 4
746 6238 4
746 6534 4
746 4696 4
746 1905 5
746 7931 5
746 3556 5
746 8014 5
746 309 5
746 6127 5
746 1833 5
746 6467 4
746 1612 4
746 6459 5
746 7823 4
746 6306 4
746 7607 5
746 4228 4
746 534 5
746 6705 5
746 1793 5
746 1847 4
746 6702 5
746 7183 5
746 8015 5
746 6525 3
746 2538 2
746 1127 5
746 6709 5
746 2295 5
746 6187 5
746 4291 5
746 2020 4
746 6430 5
746 6241 5
746 6242 5
746 6729 5
746 6924 5
746 5722 4
746 1568 5
746 2559 5
746 5148 5
746 1639 5
746 6740 5
746 6303 5
746 6792 3
746 6769 5
746 2587 5
746 3622 4
746 6914 4
746 6758 5
746 6431 3
746 7991 5
746 2204 5
746 7922 5
746 2553 4
746 7326 4
746 7076 5
746 2462 5
746 6248 5
746 4460 5
746 5963 5
746 2072 3
746 6531 3
746 95 5
746 396 3
746 3277 5
746 8016 5
746 8017 4
746 8018 4
746 2 5
746 6985 5
746 2495 5
746 7821 5
746 5987 4
746 2345 2
746 1661 4
746 1904 5
746 2342 4
746 3812 5
746 4303 4
746 6103 4
746 3313 5
746 5697 4
746 7717 4
746 1744 5
746 1393 4
746 7079 4
746 1828 5
746 2061 5
746 1870 5
746 8019 5
746 4394 3
746 1634 1
746 7194 5
746 4091 5
746 7044 5
746 7474 4
746 7638 4
746 8020 5
746 284 4
746 4347 5
746 6622 4
746 3638 5
746 4079 5
746 7187 5
746 2233 4
746 7397 5
746 4908 4
746 266 5
746 1444 1
746 4439 4
746 4561 5
746 6194 5
746 2387 4
746 4083 4
746 6066 5
746 75 5
746 784 5
746 8021 4
746 7724 4
746 5786 4
746 2669 5
746 7058 5
746 7987 3
746 4238 4
746 6067 5
746 7469 5
746 2083 5
746 2771 5
746 7980 4
746 8022 3
746 4038 5
746 6486 5
746 3691 5
746 8023 5
746 8024 5
746 6981 5
746 5220 5
746 1049 5
746 7907 4
746 176 4
746 1678 5
746 2031 4
746 5678 5
746 7342 5
746 7327 4
746 6001 4
746 244 4
746 8025 4
746 6131 5
746 1799 5
746 812 5
746 858 5
746 6814 4
746 8026 5
746 2065 5
746 8027 5
746 649 4
746 8028 3
746 1914 5
746 1093 5
746 3634 5
746 1728 5
746 113 5
746 8029 5
746 6046 5
746 2755 4
746 4359 4
746 6915 5
746 8030 5
746 985 4
746 6443 4
746 1911 4
746 965 5
746 1765 5
746 8031 5
746 8032 5
746 4315 4
746 1081 4
746 5485 5
746 327 5
746 1900 5
746 4437 4
746 2765 5
746 3066 5
746 3214 4
746 7599 4
746 5988 5
746 2045 2
746 906 5
746 7408 5
746 4947 2
746 7410 3
746 452 5
746 6138 4
746 3250 5
746 2037 4
746 7449 5
746 7445 3
746 1877 5
746 1933 4
746 6088 4
746 3692 5
746 161 4
746 4436 4
746 1052 4
746 8033 4
746 3072 4
746 1594 4
746 8034 5
746 4921 4
746 5733 5
746 192 4
746 4741 5
746 1578 5
746 7759 4
746 7632 4
746 1580 5
746 1638 5
746 8035 5
746 6988 5
746 1558 5
746 7409 3
746 3884 5
746 105 5
746 6020 5
746 2003 3
746 2054 5
746 7981 5
746 4458 4
746 1450 4
746 1457 5
746 1641 5
746 7992 5
746 5907 5
746 4274 4
746 2947 5
746 241 5
746 7483 3
746 5350 4
746 6142 4
746 1215 4
746 5206 4
746 7848 5
746 303 4
746 6986 1
746 3394 4
746 2655 5
746 6663 5
746 7750 5
746 7923 5
746 4470 4
746 3077 3
746 7703 5
746 8036 4
746 4498 4
746 6451 5
746 1351 5
746 8037 5
746 1890 5
746 7455 5
746 5331 5
746 1889 4
746 3639 5
746 2088 5
746 277 5
746 1657 5
746 297 4
746 4825 4
746 1880 5
746 280 5
746 6021 4
746 974 4
746 3465 4
746 7733 4
746 4873 4
746 4463 5
746 3460 5
746 5441 5
746 4935 4
746 1691 4
746 1347 5
746 7597 5
746 5376 4
746 3821 4
746 2048 5
746 6435 5
746 632 4
746 3687 4
746 6139 4
746 8038 4
746 6965 5
746 1939 5
746 1693 4
746 8039 4
746 3601 4
746 3670 4
746 2112 4
746 2962 4
746 292 3
746 864 5
746 6937 3
746 2158 5
746 1048 5
746 77 5
746 8040 4
746 821 4
746 1718 4
746 5248 5
746 8041 4
746 7459 3
746 4307 3
746 5723 4
746 2749 4
746 2709 4
746 6771 4
746 2751 4
746 6272 5
746 5029 4
746 3315 4
746 3494 5
746 3241 4
746 3452 4
746 3209 4
746 2064 4
746 8042 5
746 2145 5
746 2794 4
746 240 5
746 84 5
746 4513 4
746 1709 5
746 4883 1
746 8043 4
746 4137 5
746 652 4
746 6838 4
746 7278 4
746 5017 3
746 3693 5
746 48 5
746 7237 4
746 439 4
746 7220 4
746 8044 4
746 8045 5
746 6338 4
746 4524 5
746 3661 5
747 7425 5
747 6224 5
747 4240 5
747 4539 5
747 7883 5
747 4452 5
747 6708 5
747 6172 5
747 6236 4
747 1532 5
747 7691 5
747 6232 4
747 6619 4
747 402 4
747 7592 4
747 1536 3
747 2337 3
747 2310 5
747 2255 5
747 7879 2
747 2332 3
747 6011 4
747 2284 3
747 5894 5
747 6530 5
747 2261 5
747 8046 3
747 7280 5
747 7963 2
747 6927 2
747 7604 3
747 6280 5
747 7860 4
747 6218 5
747 1110 4
747 1285 5
747 364 5
747 2212 3
747 7988 5
747 3198 3
747 1153 5
747 3186 5
747 7890 5
747 2173 2
747 8047 5
747 2303 4
747 1556 5
747 8048 5
747 4612 4
747 6531 5
747 604 5
747 1148 2
747 1121 3
747 383 3
747 7873 2
747 2202 3
747 7960 4
747 345 4
747 3389 5
747 420 4
747 8049 5
747 2246 3
747 2166 4
747 8050 5
747 2325 2
747 5875 4
747 1803 3
747 392 3
747 5958 3
747 8051 2
747 2115 5
748 6910 3
748 2182 5
748 7736 4
748 6742 5
748 6637 4
748 8052 2
748 5875 4
748 1787 5
748 2225 5
748 4450 5
748 6605 5
748 8053 3
748 1196 4
748 7964 3
748 1131 4
748 1646 5
748 2327 5
748 6465 2
748 1123 5
748 2284 4
748 618 2
748 4668 4
748 7243 4
748 1831 5
748 2040 5
748 8054 5
748 2291 3
748 2530 3
748 3465 5
748 8055 4
748 6007 4
748 1922 5
748 1914 5
748 4466 5
748 8056 5
748 2261 5
748 2520 5
748 2346 4
748 3003 4
748 8057 3
748 2254 5
748 2767 5
749 6231 2
749 832 5
749 4397 4
749 5959 4
749 1845 5
749 3630 4
749 8058 4
749 7925 4
749 7269 4
749 3849 1
749 3465 4
749 8059 4
749 5871 4
749 4385 5
749 2857 4
749 1271 5
749 8060 5
749 1949 5
749 4152 3
749 8061 5
749 326 5
749 8062 3
749 1403 1
749 2632 3
750 1848 5
750 5827 5
750 2227 4
750 2754 5
750 6889 4
750 762 5
750 8063 5
750 1898 5
750 6484 5
750 4471 5
750 6776 4
750 769 5
750 7908 5
750 1570 5
750 3920 4
750 6769 4
750 832 5
750 2521 4
750 2370 4
750 1274 5
750 6456 5
750 604 5
750 6742 4
750 2458 4
750 2527 3
750 4702 5
750 199 5
750 2698 5
750 2176 4
750 1590 5
750 3037 5
750 2538 3
750 5004 4
750 5 5
750 7255 5
750 2459 4
750 2461 5
750 1681 5
750 8064 5
750 6248 3
750 6751 4
750 3695 5
750 1393 5
750 6246 4
750 6856 4
750 2417 5
750 4187 4
750 1867 5
750 6260 5
750 8065 4
750 1153 4
750 2221 4
750 1380 5
750 7797 5
750 6252 5
750 2188 1
750 357 3
750 3006 4
750 8066 5
750 2795 4
750 4127 5
750 408 3
750 2446 5
750 1879 4
750 2430 4
750 1631 5
750 3275 5
750 6080 5
750 5722 4
750 1832 5
750 7241 5
750 206 5
750 2800 5
750 2479 5
750 2337 4
750 2364 5
750 7134 5
750 7521 5
750 8067 5
750 1787 5
750 6517 2
750 7726 5
750 5414 5
750 6746 5
750 2207 4
750 1814 4
750 8068 5
750 48 5
750 2493 5
750 2080 5
750 2250 2
750 6913 5
750 6890 5
750 7967 4
750 4021 5
750 2175 4
750 3748 5
750 1829 5
750 534 5
750 7565 5
750 4708 5
750 2543 5
750 2520 4
750 5697 5
750 4208 5
750 486 4
750 1124 3
750 2584 5
750 1831 5
750 1749 5
750 6088 5
750 8069 5
750 420 3
750 7968 5
750 128 5
750 1847 5
750 2554 5
750 3266 5
750 4740 5
750 6114 5
750 1019 5
750 8070 5
750 38 3
750 7628 5
750 6414 4
750 4006 5
750 6179 5
750 7561 5
750 4528 5
750 858 5
750 1939 5
750 1922 5
750 8071 5
750 5943 5
750 1547 5
751 1561 4
751 1215 5
751 1693 5
751 6887 4
751 7609 4
751 8072 3
751 829 5
751 1274 5
751 7295 5
751 2295 4
751 480 5
751 425 5
751 6695 5
751 3975 4
751 4004 5
751 8073 4
751 3878 5
751 7378 4
751 5279 4
751 8074 4
751 3485 5
751 7310 2
751 3728 5
751 8075 4
751 6311 4
751 4117 5
751 7906 5
751 7733 3
751 5918 4
752 1849 4
752 8076 5
752 2221 3
752 2124 4
752 6851 5
752 6585 4
752 7284 5
752 1901 5
752 3686 5
752 1872 4
752 2792 5
752 6179 5
752 3292 5
752 626 4
752 1647 5
752 3260 4
752 4082 1
753 5862 4
753 420 4
753 1564 4
753 356 4
753 2170 3
753 2185 3
753 2227 4
753 2415 3
753 2173 3
753 2255 3
753 3629 4
753 2328 3
753 379 5
753 2283 4
753 1119 4
753 386 4
753 8077 4
753 2260 3
753 2066 4
753 2310 4
753 2325 2
753 2197 4
753 5875 4
753 1122 5
753 2316 3
753 2530 3
753 2399 5
753 8078 4
753 2211 4
753 2282 4
753 1820 4
753 2539 4
753 2295 4
753 7914 3
753 2353 4
753 4038 5
753 2337 3
753 2520 2
753 8079 4
753 2356 3
753 2523 4
753 1584 2
753 2272 4
753 2341 3
753 3675 2
753 1121 3
753 602 4
753 2099 2
753 1134 3
753 1128 3
753 392 5
753 6607 4
753 2362 4
753 416 4
753 2396 2
753 2379 3
753 394 2
753 1141 4
753 1132 3
753 373 4
753 1152 3
753 357 2
753 2394 3
753 2120 3
753 1135 3
753 1145 2
753 388 2
753 1148 1
753 1210 5
753 421 4
753 7025 3
753 6591 3
753 2430 3
753 1163 5
753 2126 3
753 1166 2
753 462 5
753 1164 3
753 2473 3
753 2519 3
753 6592 4
753 6270 2
753 8080 4
753 366 4
753 402 2
753 2127 3
753 2181 2
753 2434 2
753 446 3
753 414 4
753 467 1
753 1847 4
753 1143 2
753 435 5
753 1189 2
753 440 4
753 2446 4
753 1836 4
753 2476 3
753 2454 1
753 7363 4
753 428 3
753 1185 1
753 6636 1
753 415 3
753 1193 2
753 5929 4
753 499 2
753 2480 3
753 469 4
753 8081 3
753 1179 2
753 1170 3
753 2471 4
753 532 3
753 6679 3
753 1169 2
753 2563 2
753 6660 4
753 447 2
753 8082 3
753 1621 2
753 6655 4
753 441 2
753 1182 1
753 1198 4
753 497 3
753 3649 2
753 511 2
753 6545 3
753 8083 2
753 2118 4
753 2426 3
753 6596 1
753 7355 3
753 371 2
753 2289 4
753 2517 1
753 522 4
753 6027 1
753 2386 3
753 8084 2
753 6028 1
753 1209 4
753 2880 2
753 509 3
753 2460 3
753 531 3
753 352 4
753 2300 1
753 1646 5
753 369 5
753 2873 3
753 6602 5
753 1207 5
753 606 5
753 288 2
753 2343 5
753 323 4
753 432 5
753 2586 5
753 2907 5
753 3350 5
753 8085 5
753 333 3
753 6898 3
753 1239 5
753 843 3
753 1224 1
753 8086 3
753 6668 4
753 498 5
753 1232 1
753 2598 5
753 2886 5
753 2596 5
754 8087 1
754 604 5
754 7286 5
754 1263 5
754 8088 5
754 7980 5
754 8089 5
754 4047 5
754 1217 3
754 6330 4
754 632 5
754 5797 5
754 8019 5
755 2448 3
755 6153 4
755 8090 5
755 2299 5
755 403 5
755 2287 3
755 3579 5
755 550 4
755 2298 5
755 4530 5
755 773 5
755 867 5
755 3402 3
755 6939 4
755 428 4
755 8081 5
755 8078 4
755 2336 4
755 416 5
755 408 5
755 1149 4
755 6596 3
755 1150 4
755 2233 4
755 2587 4
755 2985 1
755 6018 4
755 1209 5
755 2622 5
755 2407 4
755 1234 4
755 339 5
755 390 4
755 513 5
755 6559 4
755 569 5
755 1157 5
755 1148 3
755 6598 5
755 6594 5
755 7368 5
755 8091 5
755 1651 3
755 1166 3
755 7258 5
755 1661 4
755 8092 4
755 6000 5
755 6072 4
755 7069 4
755 3412 4
756 2227 4
756 595 5
756 2637 5
756 2302 5
756 2077 5
756 7555 5
756 7269 5
756 1595 4
756 6856 4
756 4145 5
756 1825 5
756 8093 5
756 3655 5
756 6107 5
756 7408 5
756 8094 4
757 7059 5
757 7531 5
757 8095 3
757 1812 4
757 196 5
757 5515 4
757 1949 5
757 8096 5
757 3521 5
757 7208 5
757 309 5
757 1809 5
757 8097 5
757 5996 2
757 6111 4
757 2850 5
757 6073 3
757 3195 5
757 8098 5
757 8099 4
757 2137 4
757 3622 5
757 497 4
757 2532 5
757 2319 4
757 6415 4
757 7454 3
757 7178 5
758 1145 5
758 8100 3
758 1535 2
758 2499 5
758 7681 5
758 699 5
758 5980 4
758 4103 2
758 2455 5
758 1217 4
758 6781 3
758 8101 4
758 1146 4
758 8019 5
758 8102 4
758 7695 5
758 7111 5
759 6684 5
759 1999 5
759 1536 3
759 6350 3
759 8103 5
759 8104 5
759 6533 5
759 6689 5
759 7231 5
759 2526 1
759 5952 5
759 8105 5
759 7883 5
759 7097 3
759 6314 5
759 257 5
759 6070 5
759 2257 4
759 7070 5
759 4480 4
759 7367 3
759 7603 5
759 8106 5
759 850 5
759 597 4
759 3189 5
759 6414 5
759 6433 3
759 8107 5
759 85 3
759 6710 5
759 7628 5
759 6645 5
759 2257 5
759 7086 5
759 8108 5
759 8109 5
759 623 3
759 8110 5
759 790 4
759 7835 5
759 430 5
759 2827 5
759 7489 5
759 7083 5
759 7088 5
759 8111 3
759 1884 1
759 1477 1
759 178 5
759 188 4
759 4737 5
759 1864 5
759 6307 5
759 2319 5
760 2582 5
760 8112 4
760 6156 5
760 3055 5
760 8113 5
760 531 4
760 2867 4
760 315 5
760 8114 3
760 7636 5
760 826 5
760 2395 5
760 2174 5
760 3278 5
760 8115 5
760 6007 3
760 1905 5
760 1787 5
760 7131 4
760 6011 3
760 3686 4
760 1570 4
760 3265 2
760 6686 5
760 1819 3
760 3985 3
761 6501 5
761 1561 5
761 4947 5
761 1948 2
761 5877 5
761 6107 4
761 1543 5
761 8116 5
761 627 5
761 8117 5
761 2858 4
761 3291 5
761 1699 5
761 8118 5
761 1584 5
762 6349 5
762 8119 5
762 6579 5
762 6166 3
762 6070 4
762 309 3
762 6315 1
762 8120 2
762 6145 5
762 7281 4
762 4199 4
762 2004 2
762 1153 3
762 600 5
762 7777 4
762 7884 5
762 6565 3
762 8121 5
762 7790 4
762 2864 1
762 6862 4
762 3510 5
762 849 4
762 7315 3
762 653 4
762 433 5
762 2794 5
762 8122 5
762 2040 5
762 2061 4
762 2187 4
762 2821 4
762 7659 5
762 2812 2
762 8019 5
762 3167 4
762 6352 5
762 7068 4
762 8123 4
762 6746 5
762 2071 5
762 8124 4
762 2017 4
762 5344 1
762 2802 5
762 2383 5
762 7019 4
762 6973 3
762 1352 5
762 2299 4
762 2664 5
762 6805 3
762 668 4
762 3651 4
762 3260 4
762 8125 5
762 7641 4
762 2059 5
762 2547 5
762 6329 3
762 6149 4
762 2539 4
762 8126 4
762 3654 3
762 7335 3
763 8127 4
763 6078 4
763 3670 2
763 5349 5
763 3321 3
763 8128 4
763 6660 5
763 6942 4
763 1234 2
764 6554 5
764 2536 4
764 1875 4
764 1883 5
764 1605 5
764 1406 4
764 7730 4
765 6583 3
765 1935 1
765 6265 5
765 6619 3
765 1226 2
765 5730 4
765 312 5
765 1937 5
765 6920 4
765 276 5
765 1537 4
765 1550 4
765 1554 2
765 7281 4
765 6508 4
765 196 5
765 1941 4
765 1942 3
765 8051 4
765 2005 5
765 8129 4
765 288 4
765 313 3
765 4825 4
765 1561 2
765 1395 1
765 7108 3
765 3400 4
765 982 5
765 104 5
765 7705 5
765 732 3
765 3450 3
765 1754 5
765 258 4
765 604 5
765 2257 4
765 3026 4
765 6368 4
765 1648 4
765 1332 1
765 309 3
765 1275 1
765 5711 4
765 2540 5
765 8017 5
765 4663 5
765 8019 4
765 2066 5
765 8077 5
765 3980 4
765 3370 4
765 8091 4
765 5468 5
765 624 5
765 8130 5
765 6480 4
765 8131 4
765 627 5
765 1177 4
766 2637 4
766 6705 2
766 6187 3
766 7170 4
766 6228 4
766 6237 4
766 7962 5
766 6231 4
766 8132 5
766 1536 5
766 7635 5
766 7192 4
766 4729 5
766 610 5
766 1767 5
766 2655 1
766 1945 5
766 4009 4
766 4711 4
766 7241 4
766 6530 5
766 3935 5
766 8133 5
766 5648 5
766 8134 5
766 2203 3
766 8135 4
766 8046 4
766 7641 5
766 6007 4
766 8108 3
766 8056 5
767 412 5
767 2548 4
767 842 4
768 632 5
768 4729 5
768 323 5
768 1275 1
768 762 1
768 5392 5
768 5875 1
768 1256 4
768 954 3
768 5723 5
768 309 5
768 2044 5
768 6890 5
768 6671 5
768 1574 5
768 864 5
768 6025 5
768 2376 5
768 2046 5
768 1119 5
768 1347 5
768 75 5
768 2383 5
768 8136 5
768 2762 5
768 287 5
768 2065 3
768 8042 5
768 5786 2
768 7795 5
768 2814 4
768 2352 5
768 7378 2
768 8137 5
768 3454 1
768 6860 5
768 4671 1
768 3168 3
768 7443 5
768 2103 5
768 2835 5
768 520 5
768 3186 5
768 6661 5
768 8138 4
768 3255 5
768 3465 1
768 6317 5
768 4108 5
768 6847 5
769 3664 4
769 2862 2
769 7173 4
769 2528 4
769 8139 4
769 6742 2
769 3550 4
769 137 3
769 1560 4
769 600 3
769 7174 4
769 7777 4
769 7108 4
769 2864 2
769 7390 4
769 6452 3
769 7071 4
769 469 3
769 7825 3
769 4553 5
769 618 2
769 1564 4
769 6217 5
769 7131 4
769 8140 4
769 6754 4
769 7344 4
770 1782 4
770 7786 1
770 1923 5
770 364 5
770 5903 5
770 3513 5
770 8141 4
771 6905 4
771 6709 4
771 2228 5
771 7035 1
771 6260 5
771 8142 5
771 8143 5
771 22 3
771 133 5
771 6533 5
771 1547 5
771 934 4
771 4280 5
771 899 3
771 1898 4
771 7555 5
771 185 5
771 8144 3
771 6530 5
771 2526 5
771 739 5
771 61 5
771 4393 4
771 5000 4
771 6708 5
771 6246 5
771 4795 5
771 5306 4
771 7689 5
771 6457 5
771 1889 5
771 2825 5
771 1786 5
771 100 3
771 8145 4
771 1864 4
771 6454 5
771 8146 5
771 7086 4
771 250 2
771 2440 4
771 8147 5
771 7532 3
771 3634 5
771 1868 2
771 6476 5
771 7916 4
771 2240 4
771 8148 5
771 615 2
771 3726 3
771 1580 5
771 1883 5
771 1843 2
771 1827 5
771 7276 4
771 2486 4
771 5901 2
771 8149 4
772 5726 5
772 3182 5
772 597 2
772 6283 4
772 6765 4
772 7358 4
772 8150 2
772 4514 4
772 183 4
772 7315 5
772 2079 5
772 8125 5
772 3510 5
772 2000 4
772 3006 2
772 8151 4
772 5961 5
772 7359 5
772 4907 5
772 5715 3
772 6290 3
772 7929 4
772 128 5
772 2766 5
772 8152 5
772 139 5
772 2755 3
772 2744 5
772 1272 4
772 4454 3
772 7810 5
772 1864 5
772 8138 1
772 7731 4
772 6318 5
772 8153 5
772 3920 5
772 6092 4
772 911 5
772 2771 5
772 6291 5
772 7915 5
772 2795 5
772 589 5
772 5900 5
772 5857 5
772 8154 5
772 4574 5
772 7658 1
772 8155 4
772 3812 5
772 8156 5
773 7270 5
773 5866 5
773 1380 2
773 3645 5
773 3454 4
773 368 4
773 6122 4
773 2355 5
773 6781 2
773 2182 5
773 5879 5
773 7637 5
773 8157 4
773 1580 4
773 2374 4
773 344 3
773 6801 2
773 2223 5
773 8158 5
773 4726 5
773 8159 5
773 4821 5
773 2866 3
773 8160 5
773 4652 1
773 1358 4
773 7284 5
773 5416 5
773 6832 5
773 8084 3
773 3662 5
773 6754 5
773 1573 5
773 2005 5
773 8161 5
773 6329 5
773 2202 5
773 2066 5
773 1543 5
773 8077 5
773 1567 3
773 6746 5
773 6215 2
773 624 5
773 2848 5
773 627 5
773 6085 5
773 642 5
773 269 5
773 1592 3
773 2755 5
773 3627 4
773 8162 5
773 1226 5
773 4671 4
773 6447 3
773 4047 1
773 379 5
773 2071 5
773 1575 5
773 4210 5
773 6033 5
773 2197 5
773 4634 5
773 1597 5
773 2494 5
773 8163 5
773 3629 5
773 8164 5
773 6457 5
773 1339 5
773 6095 5
773 367 4
773 2635 5
773 1143 4
773 1787 5
773 1134 5
773 335 4
773 2476 1
773 1851 5
773 411 5
773 991 5
773 1181 5
773 2520 5
773 1141 4
773 1847 5
773 1122 1
773 4569 5
773 3674 5
773 2474 5
773 2590 5
773 5444 4
773 2120 5
773 1864 5
773 4514 3
773 8165 3
773 6769 5
773 2154 4
773 7420 5
773 5485 5
773 2118 5
773 8166 4
773 8167 4
773 8168 5
773 992 4
773 94 5
773 6056 5
773 393 4
773 492 3
773 1879 4
773 467 2
773 5673 4
773 6099 5
773 1651 5
773 2433 5
773 7199 5
773 3627 5
773 3164 5
773 4788 4
773 7101 5
773 452 4
773 3812 5
773 446 3
773 4117 1
773 5972 5
773 3691 5
773 6148 5
773 4574 5
773 2592 5
773 1657 5
773 1195 4
774 6927 3
774 4932 1
774 3435 4
774 170 4
774 6079 4
774 3639 3
774 6160 4
774 6299 5
774 503 5
774 1898 4
774 6450 5
774 253 4
774 8169 3
774 7363 5
774 8170 5
774 7415 5
774 2215 4
774 2197 5
774 7065 5
774 3277 1
774 6687 5
774 370 5
774 6855 3
774 6695 5
774 2383 4
774 2817 5
774 3674 5
774 8171 5
774 2800 5
775 6768 5
775 8172 5
775 8173 4
775 2955 5
775 6461 4
775 2004 4
775 7668 2
775 1536 5
775 7784 5
775 8174 5
775 312 5
775 4523 5
775 3073 5
775 7304 5
775 6305 3
775 7860 3
775 7904 5
775 2526 4
775 6325 4
775 7954 4
775 6167 3
775 2136 5
775 5074 4
775 1165 4
775 3083 5
775 2040 4
775 1573 4
775 2077 5
775 603 3
775 8175 3
775 6168 2
775 3816 4
775 5874 3
775 7695 4
775 624 5
775 3628 4
775 1818 4
775 7605 4
775 6538 4
775 4671 4
775 8176 5
775 6780 4
775 7111 5
775 7201 4
775 7840 2
775 8177 5
775 6948 4
775 2470 4
775 6773 5
775 1591 2
775 3314 4
776 7106 4
776 5927 5
776 3198 4
776 6166 3
776 6001 3
776 6477 3
776 6524 4
776 8178 5
776 8179 4
776 2801 3
776 668 4
776 6924 3
776 6262 5
776 6422 5
776 5713 3
776 7646 3
776 6975 4
776 6244 4
776 3224 4
776 7883 4
776 7197 5
776 1045 4
776 5727 4
776 5007 3
776 8103 4
776 2890 4
776 4447 4
776 5963 3
776 4131 4
776 7075 4
776 6484 2
776 3550 3
776 6338 1
776 6811 5
776 8180 4
776 2760 5
776 8181 4
776 2234 3
776 4038 4
776 8182 4
776 8183 5
776 7019 2
776 6073 4
776 7628 3
776 8184 4
776 6734 2
776 2028 5
776 1801 3
776 6408 5
776 7699 5
776 6411 4
776 6349 4
776 112 3
776 6690 4
776 5032 3
776 6317 5
776 5284 4
776 6691 5
776 7727 4
776 615 3
776 6886 4
776 6798 5
776 192 4
776 6475 3
776 6230 4
776 2361 5
776 6287 5
776 6056 2
776 4868 2
776 6926 5
776 2845 2
776 7353 5
776 1066 5
776 5726 3
776 8185 2
776 7820 5
776 7529 5
776 2232 3
776 616 2
776 3221 1
776 7830 3
776 1547 5
776 7770 4
776 6983 4
776 8186 5
776 2766 1
776 5997 4
776 2768 5
776 8187 4
776 7993 3
776 6252 4
776 2259 2
776 6684 5
776 7840 1
776 8188 2
776 8189 4
776 6496 2
776 2257 4
776 2059 5
776 8190 4
776 1841 3
776 2073 4
776 8191 2
776 6741 4
776 7991 5
776 8192 5
776 8193 4
776 2821 4
776 8044 5
776 7087 5
776 6170 4
776 8194 3
776 5109 5
776 4427 5
776 8195 4
776 8038 5
776 6256 5
776 7778 2
776 2786 5
776 6410 5
776 8125 5
776 5784 5
776 4151 5
776 2977 1
776 7805 2
776 7357 3
776 7078 2
776 7265 5
776 2032 1
776 5719 2
776 8018 5
776 7090 5
776 7769 4
776 2823 4
776 8196 3
776 6300 5
776 7915 2
776 2790 5
776 6835 4
776 8197 3
776 7085 1
776 136 4
776 2057 2
776 8150 1
776 7244 5
776 8124 1
776 4360 5
776 8198 2
776 589 4
776 2793 2
776 183 4
776 6367 5
776 7079 4
776 2003 2
776 7609 5
776 3222 5
776 7367 3
776 2940 5
776 6307 5
776 2035 5
776 7314 2
776 2079 5
776 3920 4
776 2784 5
776 5725 4
776 2033 2
776 3516 4
776 5273 3
776 6305 5
776 6506 4
776 5978 3
776 6982 2
776 2017 5
776 6753 5
776 911 2
776 7147 4
776 8199 5
776 4423 5
776 4329 4
776 7124 5
776 5961 5
777 6340 1
777 2000 5
777 1557 5
777 673 4
777 604 5
777 2275 4
777 6079 4
777 2066 3
777 1884 1
777 4523 5
777 6645 3
777 97 5
777 2251 4
777 1882 5
777 5504 5
777 3325 4
777 3545 5
777 2009 4
777 1226 3
777 160 5
777 186 5
777 7933 1
777 3297 5
778 1713 5
778 2417 5
778 3568 4
778 3222 4
778 7089 5
778 6728 5
778 8200 5
778 361 4
778 8201 5
778 5985 5
778 8202 3
778 474 5
778 8203 5
778 6398 5
778 5994 5
778 3135 5
778 1578 5
778 8204 5
779 1858 5
779 626 5
779 3291 5
779 8205 4
779 5876 3
779 8206 2
779 4573 4
779 2529 4
779 6311 5
780 7639 4
780 1516 4
780 309 3
780 4306 4
780 8207 5
780 8208 4
780 6312 5
780 7324 4
780 805 5
780 6754 4
780 5943 5
780 1127 5
780 7169 5
780 3661 4
780 2005 5
780 3901 4
780 4671 3
780 7759 3
780 4342 4
781 7290 4
781 7786 2
781 7651 5
781 7228 5
781 2054 5
781 8209 5
781 6458 4
781 5694 4
781 7950 5
781 5103 4
781 7818 4
781 813 4
781 7087 4
781 7286 5
781 8210 4
781 8211 5
781 4376 5
782 1673 5
782 1065 5
782 309 3
782 4235 2
782 2268 5
782 2699 4
783 7667 5
783 1799 5
783 7924 5
783 1912 5
783 1786 5
783 6231 4
783 6234 4
783 247 4
783 8163 5
783 7067 4
783 3658 4
783 1828 4
783 7408 5
783 1926 4
783 4474 5
783 7643 5
783 7781 3
783 6537 5
783 6485 5
783 6904 1
783 1215 3
783 4373 1
783 8212 5
784 3675 5
784 4131 5
784 8213 5
784 6713 4
785 600 4
785 8214 5
785 3823 4
785 8215 4
785 7290 4
785 8216 5
785 7845 4
785 5981 4
785 4904 3
785 2004 3
785 8217 4
785 609 5
785 4949 4
785 2902 4
785 309 5
785 2739 4
785 5298 3
785 8218 4
785 8219 3
785 8220 4
785 8221 4
785 2063 2
785 4571 4
785 2609 4
785 8222 5
785 8223 5
785 8224 4
785 8225 4
785 8226 4
785 5379 3
785 7239 4
785 8227 2
785 1626 4
785 2618 2
785 3067 3
785 8228 5
785 8229 4
785 8230 5
785 2627 2
785 8231 4
785 8232 3
785 8233 3
785 6782 3
785 2577 4
785 8234 4
785 5983 4
785 6771 3
785 3139 5
785 7846 4
785 2599 5
785 8235 3
785 8236 4
785 981 5
785 5474 4
785 7122 3
785 5946 3
785 8237 2
785 3538 3
785 8238 4
785 4696 3
785 8239 3
785 2925 4
785 8240 3
785 8241 4
785 5925 3
785 4473 4
785 8242 3
785 8243 3
785 7155 3
785 8244 4
785 7237 3
785 6003 2
785 5717 5
785 8245 2
785 5986 3
785 3638 4
785 8246 4
785 8247 4
785 4011 5
785 2457 5
785 6029 4
785 8248 3
786 8249 4
786 336 5
786 4830 5
787 2655 1
787 6471 5
787 7315 5
787 607 5
787 7947 3
787 7660 4
787 8250 5
787 609 5
787 6684 5
787 2526 4
787 6811 4
787 2172 5
787 7809 3
787 8251 5
787 1942 3
787 1391 5
787 2819 4
787 2801 4
787 6287 5
787 7245 5
787 1939 5
787 1395 5
787 775 5
787 793 4
787 604 5
787 555 5
787 8252 4
787 1263 5
787 309 5
787 2044 5
787 759 5
787 1436 5
787 196 4
787 8253 5
787 6071 5
787 258 5
787 623 4
787 2066 5
787 3263 5
787 3090 5
787 6691 4
787 706 4
787 6437 5
787 5486 4
787 8254 4
787 6723 4
787 5281 4
787 8255 5
787 6256 3
787 4535 4
787 6095 5
787 6808 5
787 3006 5
787 1642 5
787 1070 5
787 8192 5
787 5248 3
787 7442 4
787 1767 5
787 7688 5
787 8256 5
787 1274 5
787 6088 5
787 2940 4
787 8257 5
787 326 5
787 1275 1
787 2952 4
787 8258 1
787 3657 5
787 8259 4
787 8260 5
787 4594 5
787 2956 5
787 8196 3
787 6735 2
787 6719 4
787 8061 5
787 8261 4
787 5538 4
787 3092 3
787 4169 4
787 6664 1
788 4883 4
788 1709 5
788 3032 5
788 3579 5
788 1612 5
788 3568 4
788 5248 4
788 2280 4
788 5413 4
788 7817 5
788 8262 5
788 2145 5
789 2295 4
789 7917 4
789 2438 4
789 2548 3
789 2541 2
789 6116 4
789 7492 4
789 8263 4
789 2926 3
789 313 1
789 6891 2
789 1305 4
789 3125 5
789 7366 3
789 7350 4
789 7299 3
789 1395 3
789 766 4
789 8264 2
789 574 1
789 5923 4
789 7119 5
789 843 3
789 8091 3
789 8265 4
789 8091 5
790 6398 3
790 132 1
790 8215 5
790 2598 2
790 2891 1
790 1913 3
790 8266 3
790 397 3
790 2749 3
790 2619 3
791 710 3
791 1395 1
791 1784 2
791 7057 5
791 2526 4
791 1962 5
791 2535 4
791 610 5
791 3590 4
791 3192 5
791 2075 4
791 8267 4
791 2332 2
791 1278 5
791 1948 1
791 2829 5
791 57 5
791 2068 4
791 6178 2
791 4944 1
791 6776 4
791 2084 3
791 2066 5
791 1567 1
791 8268 4
791 1419 1
791 4442 5
791 2270 3
791 6767 5
791 2655 5
791 8269 4
791 8270 3
791 8271 4
791 5025 5
791 8272 3
791 1477 1
791 8273 1
791 3435 5
791 8274 5
791 3179 4
792 7619 5
792 2225 4
792 4280 4
792 1161 4
792 7732 5
792 104 2
792 1128 4
792 900 4
792 1673 4
792 1774 4
792 7931 5
792 728 3
792 759 3
792 615 5
792 323 1
792 1605 4
792 2872 5
792 2811 5
792 2124 5
792 1184 5
792 3240 4
792 8275 5
792 7308 5
792 5415 4
793 7405 4
793 6953 4
793 2449 5
794 4866 5
794 1818 5
794 1845 5
794 7409 3
794 1922 4
794 7876 4
794 1926 4
794 643 4
794 3670 5
794 7063 4
794 5752 5
795 8276 3
795 8277 2
795 1556 4
795 2948 4
795 3381 5
795 485 4
795 3499 5
795 7937 2
795 582 2
795 5720 3
795 6677 2
795 1118 4
795 6772 4
795 1113 1
795 2180 2
795 1564 5
795 1115 4
795 403 3
795 406 3
795 3809 4
795 1136 4
795 3609 2
795 2321 3
795 1053 3
795 2288 4
795 3391 4
795 3625 2
795 1803 3
795 8278 3
795 2277 5
795 1163 5
795 2654 5
795 4284 4
795 8225 5
795 2281 3
795 8279 3
795 309 1
795 2580 1
795 2694 3
795 3035 2
795 377 3
795 8280 5
795 2342 4
795 8281 3
795 411 5
795 7143 1
795 3844 3
795 7976 3
795 1181 3
795 379 4
795 5702 2
795 482 4
795 401 5
795 1235 2
795 571 5
795 6861 4
795 6270 1
795 6024 1
795 7202 3
795 7862 4
795 429 5
795 1820 4
795 4547 4
795 1220 4
795 5525 3
795 5933 5
795 6994 5
795 728 3
795 8282 5
795 1505 4
795 8283 5
795 1095 3
795 1283 1
795 2298 4
795 1216 5
795 1175 3
795 8284 4
795 924 5
795 2263 5
795 2416 4
795 3441 1
795 2587 4
795 3622 3
795 3810 5
795 8285 1
796 6947 4
796 122 5
796 6124 5
796 3303 4
796 1607 5
796 3687 5
796 3627 1
796 326 5
796 118 5
796 8286 1
796 4324 5
796 3279 5
796 3090 5
796 1678 5
796 6448 5
796 739 5
796 288 5
796 975 5
796 8147 5
796 309 5
796 2493 5
796 4426 5
796 1693 5
796 4297 5
796 48 5
796 4279 5
796 2846 5
796 6442 4
796 2142 5
796 3309 3
796 1314 5
796 1325 5
796 4689 5
796 3465 5
796 706 5
796 4047 2
796 228 5
796 8287 4
796 4394 3
796 1848 5
796 2957 5
796 3166 5
796 104 1
796 3277 5
796 1778 5
796 8288 5
796 8174 5
796 1313 5
796 7304 5
796 8289 5
796 4511 5
796 1034 4
796 8290 5
796 312 5
796 8291 5
796 7715 5
796 3944 5
796 929 4
796 6515 2
796 8292 4
796 8293 4
796 1316 5
796 5437 5
796 4673 4
796 8294 5
796 5954 5
796 8295 5
797 8296 5
797 7240 5
797 4397 5
797 6169 5
797 6315 4
797 313 5
797 6742 5
797 1609 5
797 6555 5
797 6729 5
797 8297 5
797 7036 4
797 8298 5
797 1224 4
797 345 5
797 6143 5
797 8299 5
797 8138 4
797 3299 5
797 1081 4
797 2174 5
797 442 5
797 2273 1
797 405 5
797 379 4
797 8300 4
797 1343 5
797 7001 5
797 6996 5
797 6997 5
797 6998 5
797 6999 5
797 7000 5
797 4468 4
797 1248 5
797 3286 5
797 8301 5
797 8302 4
797 2076 4
797 7951 5
797 7780 4
797 1926 4
797 1922 4
797 1883 5
797 5494 5
797 2281 3
797 713 3
797 2587 3
797 2656 5
797 961 5
797 5926 4
797 6676 1
797 6593 2
797 8303 5
797 7931 4
797 2018 4
797 338 3
797 2580 2
797 759 5
797 312 5
797 1711 5
797 7256 5
797 1277 5
797 196 5
797 8304 5
797 829 5
797 832 5
797 1877 5
797 1306 2
797 2655 4
797 6664 2
797 8305 3
797 722 5
797 937 4
797 3796 5
797 4113 5
797 1274 5
797 8306 4
797 3667 5
797 104 4
797 1945 4
797 5704 4
797 1275 4
797 992 5
797 7871 4
797 523 4
797 3203 5
797 556 5
797 7633 5
797 2651 5
797 8307 5
797 4049 5
797 4381 4
797 3533 3
797 2555 5
797 497 5
797 6772 4
797 5018 5
797 2224 4
797 8279 4
797 509 4
797 3379 4
797 3264 5
797 5931 5
797 1449 5
797 2320 5
797 3342 5
797 2115 5
797 1213 5
797 1265 4
797 2160 5
797 659 5
797 2159 5
797 7853 4
797 8084 5
797 5178 4
797 8308 4
797 2193 3
797 6945 4
797 7403 4
797 2410 5
797 2411 5
797 3046 5
797 8309 3
797 8310 3
797 1826 5
797 515 5
797 3759 5
797 4842 5
797 4269 5
797 8283 5
797 2381 4
797 2384 5
797 2403 5
797 2401 5
797 1308 5
797 518 5
797 2447 4
797 3398 5
797 2318 5
797 8311 5
797 1095 4
797 1035 4
797 8122 5
797 1908 3
797 934 4
797 1398 5
797 6391 4
797 8312 5
797 2209 4
797 2476 4
797 6193 4
797 3275 4
797 968 5
797 2253 5
797 363 5
797 3609 5
797 856 5
797 495 5
797 720 5
797 1407 5
797 8313 4
797 2422 4
797 2524 5
797 4776 5
797 4777 5
797 3869 5
797 423 5
797 488 4
797 488 5
797 1286 5
797 8314 5
797 1621 5
797 3062 3
797 1367 5
797 1054 3
797 8315 4
797 427 5
797 3385 4
797 2489 5
797 4589 5
797 451 4
797 2398 5
797 2245 5
797 2400 5
797 2475 5
797 4135 5
797 1572 5
797 7976 5
797 3603 5
797 6138 5
797 2062 5
797 8056 5
797 5471 5
797 6807 5
797 1673 5
797 7467 5
797 4794 5
797 5226 5
797 3995 5
797 3266 5
797 8316 5
797 2156 5
797 3146 5
797 6128 4
797 3146 5
797 4023 5
797 2405 5
797 1178 3
797 4383 5
797 6662 5
797 8317 5
797 7202 5
797 7203 5
797 1737 1
797 1421 1
797 2590 5
797 7109 5
797 1513 3
797 5318 2
797 8318 5
797 4016 5
797 1382 5
797 2155 4
797 6024 2
797 1209 4
797 1624 1
797 1643 3
797 8319 3
797 8320 3
797 4518 3
797 8321 1
797 1289 4
797 1697 5
797 1501 2
797 1692 3
797 1409 2
797 1324 3
797 1419 3
797 1418 2
797 8322 5
797 1211 2
798 8323 5
798 8324 5
798 934 5
798 4117 5
798 4223 2
798 1657 5
798 6787 2
798 1594 3
798 4089 5
798 2318 5
798 3454 3
798 8325 2
798 8326 5
798 7884 5
798 8267 3
799 7893 3
799 6502 3
799 8327 5
799 5025 3
799 792 5
799 8328 5
799 5456 5
799 712 1
799 492 3
799 3759 1
799 2587 1
799 3674 1
799 2730 4
799 7369 1
799 2392 3
799 548 1
799 8329 3
799 2316 3
799 2370 4
799 2484 4
799 2982 3
799 3039 1
799 6034 3
799 8330 3
799 2396 1
799 7871 4
799 2990 1
799 2479 1
799 6866 3
799 8331 5
799 8332 4
799 8333 4
799 8334 1
799 6940 1
799 2099 2
799 6561 3
799 5191 3
799 2352 3
799 1208 1
799 2427 2
799 7355 4
799 2311 1
799 1197 1
799 8335 4
799 5934 4
799 3857 1
799 8336 1
799 8337 2
799 6809 2
799 8338 2
799 8339 3
799 6653 5
799 373 1
799 8340 3
799 1171 4
799 6559 3
799 8341 2
799 8310 4
799 8342 3
799 443 1
799 2325 2
799 454 5
799 501 2
799 2279 4
799 4781 1
799 4417 3
799 5443 3
799 3410 4
799 1159 1
799 8343 1
799 2452 3
799 8344 1
799 2324 3
799 6596 5
799 8345 1
799 2553 2
799 2559 2
799 6519 2
799 580 5
799 4549 2
799 7921 3
799 3062 3
799 7363 2
799 1193 3
799 475 4
799 468 1
799 8346 4
799 8141 3
799 491 2
799 6850 4
799 610 4
799 367 3
799 8347 3
799 1112 2
799 2580 2
799 6027 3
799 1082 3
799 2300 2
799 2503 1
799 5527 1
799 1216 5
799 1198 3
799 8348 3
799 8276 4
799 3632 3
799 2597 1
799 5145 3
799 2242 4
799 2544 1
799 5990 1
799 2606 3
799 1166 3
799 1828 4
799 408 3
799 2235 1
799 1631 2
799 518 1
799 2434 5
799 6755 2
799 8349 3
799 7025 1
799 2896 1
799 7144 1
799 428 1
799 278 1
799 393 1
799 2340 1
799 1129 2
799 1124 1
799 1132 2
799 2415 2
799 2270 3
799 3675 3
799 394 1
799 6613 1
799 8350 3
799 2105 1
799 8351 5
799 706 3
799 196 3
799 1395 3
799 312 4
799 3451 1
799 1162 3
799 1141 1
799 1673 3
799 6024 2
799 1150 3
799 5929 3
799 2416 3
799 5724 2
799 7873 2
799 3485 1
799 480 3
799 1248 2
799 422 2
799 369 3
799 1148 2
799 6594 3
799 6598 3
799 8317 3
799 3422 3
799 4475 2
799 458 2
799 1131 2
799 416 2
799 1209 3
799 5239 3
799 4383 1
799 2156 1
799 2489 4
799 495 2
799 423 2
799 856 4
799 2505 2
799 2407 1
799 2482 3
799 8352 3
799 1133 1
799 2567 2
799 8353 4
799 467 2
799 6274 4
799 1225 3
799 2390 2
799 3411 3
799 3878 2
799 6273 2
799 2402 3
799 1268 4
799 2118 1
799 2985 1
799 4341 3
799 2568 1
799 3953 4
799 2158 4
799 2137 1
799 497 3
799 3649 3
799 8311 4
799 1367 4
799 1191 5
799 2355 3
799 2932 2
799 2936 2
799 1176 1
799 1134 1
799 2980 5
799 762 4
799 1621 1
799 632 4
799 498 2
799 436 2
799 496 1
799 2449 5
799 8354 2
799 1826 1
799 2880 1
799 1178 4
799 690 4
799 853 5
799 7854 5
799 8355 5
799 414 2
799 1713 3
799 2894 3
799 634 3
799 3413 2
799 1246 1
799 7334 2
799 1707 4
799 1236 3
799 1469 5
799 2276 2
799 1913 1
799 478 2
799 2400 3
799 1836 2
799 2397 3
799 3854 5
799 470 1
799 6270 3
799 2386 1
800 601 5
800 2782 5
800 3292 5
800 5888 5
800 8356 5
800 4795 5
800 8357 4
801 4301 5
801 2312 5
801 1134 4
801 792 4
801 1594 5
801 339 3
801 712 4
801 762 4
801 7376 4
801 732 4
801 312 4
801 862 5
801 2383 5
801 1347 5
801 8358 3
801 8359 4
801 4880 5
801 8360 5
802 7326 5
802 8361 5
802 1629 4
803 8267 4
803 8362 4
803 1418 4
803 632 5
803 1277 5
803 4916 5
803 8363 5
804 2166 4
804 2941 5
804 1487 5
804 356 4
804 1564 4
804 8217 5
804 5878 4
804 1134 4
804 3164 4
804 8364 2
804 3639 4
804 2206 5
804 7344 4
804 6188 4
804 6431 3
804 7184 5
804 7002 5
804 2197 5
804 7346 4
804 8077 4
804 6875 4
804 4576 5
804 3219 5
804 6490 4
804 7926 4
804 6578 5
804 7260 5
804 2843 4
804 8365 4
804 1621 4
804 3637 4
804 6022 4
804 8006 3
804 2445 5
804 1826 5
804 2156 4
804 2390 3
804 8366 1
804 6917 5
804 1594 4
804 2744 5
804 1578 5
804 7014 4
804 1580 4
804 7703 4
804 1901 5
804 2370 5
804 4574 4
804 8039 4
804 5733 4
804 1889 5
804 7371 5
804 4463 5
804 3650 4
804 7199 5
804 7405 4
804 1651 4
804 700 4
804 8367 4
804 5988 4
804 5972 5
804 8368 4
804 4577 5
804 3692 4
804 5673 4
804 3638 5
805 1935 5
805 6216 5
805 2260 5
805 2273 3
805 6732 4
805 2458 2
805 4624 2
805 8369 5
805 1614 5
805 6630 3
805 7475 5
805 4527 4
805 634 3
805 2459 4
805 2294 4
805 2433 5
805 8370 4
805 2197 5
805 598 4
805 4778 5
805 792 5
805 8352 3
805 8371 5
805 3981 4
805 1869 3
805 104 5
805 2197 5
805 1395 5
805 404 4
805 3038 4
805 8077 5
805 3411 4
805 8372 5
805 333 5
805 400 5
805 1115 2
805 6605 5
805 1969 5
805 2317 3
805 7363 5
805 571 5
805 6341 4
805 424 5
805 7825 3
805 1556 5
805 6585 4
805 2221 1
805 1815 4
805 2272 2
805 2867 5
805 4553 5
805 2346 3
805 6616 1
805 3033 4
805 2207 4
805 2316 2
805 2321 5
805 567 5
805 2399 5
805 3049 4
805 1122 5
805 2315 3
805 6096 5
805 6034 5
805 5879 5
805 392 5
805 482 5
805 4653 5
806 8373 4
806 8374 5
806 2959 4
806 165 4
806 7049 4
806 1712 3
806 3426 4
806 8375 4
806 7455 4
806 6582 3
806 4075 4
806 6951 4
806 4279 4
806 1921 4
806 8376 5
806 8377 4
807 2765 4
807 3325 5
807 1641 4
807 7787 3
807 4460 5
807 6109 4
807 6905 2
807 6740 4
807 6974 5
807 7108 3
807 6290 5
807 597 5
807 1560 4
807 7989 4
807 3920 4
807 152 5
807 3221 5
807 6671 5
807 1939 4
807 6306 3
807 6454 4
807 6465 3
807 1041 5
807 7697 5
807 7594 4
807 6054 5
807 7172 5
807 7443 4
807 3730 5
807 4 3
807 6139 4
807 2060 4
807 7923 4
807 8019 4
807 2061 4
807 1565 3
807 1354 4
807 1638 4
807 24 4
807 6925 4
807 2233 5
807 7450 3
807 1758 4
807 2058 4
807 2063 4
807 1630 3
807 3273 4
807 4883 3
807 587 5
807 6476 5
807 4907 5
807 1883 4
807 2122 4
807 6114 5
807 139 4
807 7934 4
807 48 4
807 1743 4
807 7314 3
807 2843 4
807 1577 4
807 4192 3
807 1844 4
807 803 5
807 6474 5
807 6483 5
807 4468 5
807 4718 3
807 4079 4
807 2905 5
807 1569 4
807 6769 4
807 6064 4
807 5962 4
807 6307 4
807 863 1
807 7776 5
807 8111 4
807 75 2
807 1767 4
807 147 5
807 2145 4
807 6142 2
807 7808 5
807 2048 4
807 7664 5
807 837 4
807 7020 5
807 1591 5
807 2094 4
807 1850 5
807 5608 4
807 3231 5
807 2651 5
807 4042 5
807 3276 5
807 673 4
807 4574 5
807 306 4
807 7599 4
807 323 4
807 7376 4
807 105 4
807 712 3
807 2824 4
807 5997 4
807 1516 4
807 7194 3
807 4449 4
807 1598 4
807 3302 5
807 104 1
807 214 4
807 944 2
807 1893 3
807 4448 4
807 8378 4
807 609 4
807 4373 1
807 4405 5
807 4532 4
807 8379 4
807 2108 5
807 1088 5
807 2318 4
807 909 1
807 3578 4
807 897 1
807 2872 3
807 7605 4
807 607 4
807 5960 2
807 3075 4
807 8380 4
807 7775 2
807 816 3
807 309 4
807 4403 3
807 1674 4
807 4457 4
807 1821 5
807 4808 4
807 3671 5
807 101 4
807 1709 4
807 8074 4
807 4392 5
807 258 4
807 8381 4
807 3566 3
807 4542 5
807 8382 5
807 7913 5
807 8383 5
807 1633 4
807 4618 5
807 765 4
807 4091 4
807 3968 5
807 8384 3
807 590 5
807 284 4
807 214 5
807 3385 5
807 8385 5
807 6067 3
807 8155 5
807 6053 5
807 8386 4
807 1637 4
807 8387 5
807 3810 5
807 6939 2
808 5239 5
808 7925 5
808 1759 5
808 3820 5
808 3639 5
808 8388 5
808 1395 5
808 3476 5
808 1277 5
808 4521 5
808 8389 5
808 322 5
808 6654 3
808 4373 1
808 1790 5
809 2134 5
809 1939 5
809 453 5
809 2372 3
809 3703 4
809 632 3
809 7340 5
809 4797 4
810 28 3
810 258 2
810 276 5
810 3767 5
810 313 4
810 1588 3
810 3308 5
810 323 3
810 3202 2
810 8390 5
810 4496 5
810 610 5
810 8391 4
810 7643 4
811 6324 3
811 8392 5
811 1589 4
811 2549 5
811 3214 5
811 5972 5
811 8393 3
811 414 5
811 8100 5
811 6814 5
811 703 4
811 228 5
811 459 5
811 3579 5
811 7998 5
811 5970 5
811 2466 1
811 8394 5
811 3241 2
811 5889 3
811 8357 3
812 7348 5
812 6674 5
812 3823 5
812 1021 5
812 6479 5
812 7258 5
812 7931 3
812 458 5
812 562 5
813 288 1
813 8395 5
813 313 4
813 661 3
813 739 5
814 6951 3
814 1598 5
814 1177 5
815 8396 5
815 4463 5
815 3369 3
815 6686 5
815 5716 3
815 6951 4
815 6128 4
815 6032 4
815 8397 4
815 5415 4
815 474 5
816 8398 2
816 3437 2
816 7864 4
816 6603 3
816 6546 1
816 2316 2
816 5191 5
816 2343 4
816 344 3
816 343 4
816 446 4
816 258 2
816 7969 4
816 7964 2
816 1245 1
816 1650 5
816 8399 2
816 2448 4
816 4837 5
816 6677 5
816 104 1
816 3985 3
816 6867 2
816 1190 3
816 2339 3
816 309 5
816 2315 5
816 2375 5
816 1275 1
816 514 5
816 3441 1
816 2118 3
816 2430 4
816 414 5
816 2449 4
816 2896 5
816 8078 3
816 8400 3
816 2578 5
816 563 4
816 1246 3
816 1155 2
816 1467 3
816 6594 2
816 4625 5
816 2985 1
816 1163 4
816 8284 3
816 8401 5
816 1402 5
816 2410 5
816 3377 3
816 8402 2
816 1194 5
816 3878 3
816 425 3
816 511 5
816 6273 2
816 6274 4
816 2402 4
816 1614 4
816 1268 5
816 395 4
816 3844 5
816 1227 5
816 1225 2
816 3411 2
816 3304 4
816 2390 2
816 8403 5
816 407 5
817 4308 4
817 466 5
817 1166 3
817 2476 4
817 446 4
817 8404 5
817 3157 4
817 4028 4
817 4679 5
818 661 5
818 7366 3
818 6211 3
818 3185 2
818 8405 5
818 1657 4
819 2528 4
819 6729 5
819 8214 5
819 374 5
819 1814 2
819 6013 4
819 6825 5
819 1277 5
819 4187 5
819 6088 5
819 8157 4
819 3219 5
819 862 4
819 1674 5
819 6431 4
819 4238 4
819 8368 4
819 6076 4
819 7366 4
819 766 3
819 832 4
819 6190 5
819 4884 3
819 309 4
819 1568 4
819 134 3
819 1621 4
819 8267 4
819 2103 4
819 2858 4
819 6551 4
819 3493 5
819 1028 5
819 8362 5
819 966 3
819 105 4
819 4454 4
819 1241 4
819 3692 4
819 934 5
819 8406 4
819 992 4
819 7948 4
819 8229 4
819 4576 4
820 606 5
820 4510 5
820 2858 4
820 8407 5
820 8408 4
820 180 4
820 1144 4
820 7308 4
820 8409 5
820 8410 5
820 8411 3
820 1131 3
820 8412 2
820 3385 3
820 2476 3
820 420 4
820 3617 5
820 4539 5
820 446 4
820 1134 4
820 24 5
820 4381 3
820 2301 5
820 2963 2
820 8010 4
820 1139 3
820 150 5
820 198 4
820 6632 5
820 4127 5
820 2444 5
820 5901 3
820 458 5
820 4475 4
820 7978 4
820 3219 5
820 8413 5
820 428 4
820 1132 4
820 2355 5
820 3013 4
820 3072 5
820 254 5
820 7733 5
820 8414 5
820 3638 5
820 1657 5
820 3181 5
821 6022 4
821 6300 5
821 8415 3
821 467 4
821 8416 5
821 457 5
821 468 4
821 7874 4
821 5945 5
821 1843 4
821 7785 4
821 2781 4
822 1665 4
822 2526 1
822 600 5
822 712 1
822 1539 1
822 2999 5
822 7150 5
822 1584 2
822 8417 4
822 196 5
822 2435 5
822 1650 4
822 2877 4
822 8418 3
822 6582 3
822 762 5
822 2956 4
822 2644 4
822 574 1
822 1203 5
822 3691 4
822 4528 5
822 782 1
822 4291 4
822 3075 3
822 827 5
822 3263 4
822 8419 4
822 8420 3
822 3703 3
822 8421 5
822 657 3
822 3000 5
822 1536 4
822 4247 4
822 7900 3
822 312 5
822 1673 4
822 545 5
822 2505 5
822 2472 5
822 442 5
823 5655 4
823 6088 3
823 738 5
823 772 5
823 7293 5
823 7862 5
823 900 5
823 6022 5
823 1395 5
823 4495 5
823 3164 5
823 2641 5
823 435 4
823 5987 5
823 934 3
823 1131 5
823 1134 5
823 904 2
823 1867 5
823 997 5
823 7132 5
823 6118 5
823 2566 5
823 3853 5
823 2355 5
823 8407 5
823 3503 5
823 5673 5
823 6846 5
823 7298 4
823 3165 4
823 1361 4
823 5972 4
823 1657 5
824 5884 1
824 1531 1
824 7012 5
824 4825 2
824 1972 5
824 1290 5
824 1807 3
824 732 2
824 1588 1
824 1476 1
824 3639 5
824 8422 3
824 4742 4
824 8423 4
824 843 3
824 694 4
824 7119 4
824 632 4
824 706 3
824 2107 1
824 6693 5
824 611 5
824 1878 5
824 4008 5
824 6640 1
824 5146 5
824 6624 4
824 4824 5
824 276 3
824 762 3
824 1673 3
824 7841 5
824 8398 5
824 6639 2
824 323 3
824 5152 4
824 305 4
824 1976 4
824 827 3
824 772 3
824 7493 5
824 824 5
824 3263 5
824 211 4
824 1981 4
824 5140 5
824 196 4
824 610 5
824 8424 5
824 1395 5
824 766 3
824 1418 5
824 8425 5
824 8426 5
824 832 5
824 8427 2
824 782 1
824 889 1
824 8428 5
824 313 2
824 104 4
824 1332 3
824 217 5
824 695 3
824 5409 5
824 8429 5
824 2655 5
824 1275 5
824 288 1
824 309 5
824 909 1
825 8430 4
825 7879 3
825 7217 5
825 5884 1
825 4905 5
825 7592 5
825 7991 4
825 1533 3
825 2054 4
825 7947 3
825 1673 5
825 6730 3
825 7807 5
825 7981 4
825 7610 5
825 7609 4
825 5091 4
825 555 4
825 4719 4
825 6745 3
825 8288 3
825 8140 4
825 8431 4
825 2773 4
825 1916 5
825 2361 1
825 8432 4
825 8433 5
825 7095 4
825 8434 4
825 8179 3
825 6321 4
825 6699 5
825 2949 5
825 8014 5
825 8435 5
825 8436 4
825 4009 5
825 8437 5
825 6876 5
825 604 5
825 7621 5
825 804 4
825 5384 5
825 6300 5
825 7820 4
825 8438 4
825 8439 5
825 8440 5
825 8441 5
825 4460 5
825 6410 4
825 2066 5
825 6712 4
825 1567 1
825 8442 5
825 5219 1
825 3147 4
825 8443 5
825 8444 5
825 8128 5
825 4553 5
825 7511 5
825 8445 4
825 7829 5
825 8446 5
825 7605 5
825 7823 5
825 7733 4
825 117 2
825 2106 3
825 2872 2
825 8447 5
825 5808 5
825 4810 5
825 3544 5
826 1948 3
826 7964 1
826 385 4
826 430 5
826 387 1
826 1228 1
826 8448 5
826 1305 4
826 3506 1
826 2997 5
826 3853 5
826 383 1
826 3255 4
826 2698 5
826 4495 5
826 8080 2
826 2318 5
826 6081 5
826 728 3
826 373 3
826 660 5
826 2340 5
826 5945 5
826 4473 5
826 2380 5
826 1795 5
826 3935 5
826 6930 5
826 2574 5
826 3687 1
826 1405 5
826 8449 5
826 2798 1
826 4238 5
826 8404 4
826 8450 5
826 77 5
826 6073 5
826 230 5
826 232 3
826 606 5
826 3168 5
826 2839 5
826 8451 5
826 8452 5
826 1275 5
826 8453 5
826 3184 5
826 7996 2
826 8454 5
826 4775 5
826 7870 5
826 8455 5
826 4070 5
826 1439 5
826 2858 5
826 4574 4
826 4782 5
826 3205 4
826 1236 3
826 382 5
827 7371 5
827 5908 5
827 6120 5
827 3591 5
827 313 4
827 8456 5
827 8457 5
827 3679 5
827 8458 5
827 7389 5
827 4577 5
827 1302 4
827 7260 5
827 5988 5
827 2637 5
827 1361 5
827 3617 5
827 2592 5
827 1627 5
827 8367 5
827 8063 5
827 992 5
827 8459 4
827 1640 5
827 2592 4
827 5969 5
827 1198 5
827 1241 5
827 3643 5
827 3409 5
827 3637 5
827 7258 4
828 4178 5
828 1538 4
828 6816 4
828 4453 3
828 1922 4
828 2481 4
828 3888 1
828 7609 5
828 1614 4
828 4496 5
828 6869 4
828 3263 4
828 1585 4
828 8460 4
828 1274 5
828 1939 4
828 144 4
828 7129 5
828 2383 4
828 2494 5
828 1912 5
828 8461 5
828 6027 4
829 3661 5
829 5114 4
829 8462 5
829 6122 4
829 6059 5
829 725 3
829 457 4
829 2245 5
829 2910 2
829 1454 5
829 2901 5
829 2759 5
829 2916 5
829 278 4
829 4580 5
829 7875 5
829 4033 5
829 3241 1
829 6392 5
829 8463 5
829 8464 3
829 655 5
829 3693 3
829 4919 5
829 7940 5
829 532 5
829 3672 5
829 1387 4
829 4515 5
829 8465 4
829 1332 5
829 4169 4
829 8466 5
830 5915 5
830 593 5
830 4960 4
830 739 5
830 8467 4
830 1673 5
830 6326 3
830 313 3
830 6980 4
830 2108 4
830 4880 4
830 8468 4
830 6965 4
830 8427 1
830 8469 5
830 5239 4
830 2109 2
830 2107 1
830 8446 4
830 8470 5
830 2111 4
830 2112 3
830 2114 5
830 2124 4
830 4235 5
830 4599 4
830 8471 3
830 137 5
830 2145 5
830 1606 2
830 8472 5
830 1871 5
830 252 4
830 5654 5
830 1639 5
830 1894 5
830 1850 4
830 6069 4
830 121 5
830 2132 5
830 7255 5
830 7026 2
830 122 5
830 6076 3
830 4883 4
830 6131 4
830 4280 4
830 5879 5
830 1435 4
830 3000 5
830 1410 4
830 3263 5
830 149 5
830 1767 5
830 7023 5
830 1620 5
830 2147 5
830 8473 4
830 1716 4
830 6048 5
830 45 4
830 2116 4
830 2151 4
830 1408 5
830 7637 4
830 5954 4
830 7634 4
830 5349 5
830 7194 4
830 172 4
830 241 3
830 7561 5
830 1664 4
830 109 5
830 2971 4
830 2843 4
830 165 4
830 222 4
830 1393 4
830 2736 4
830 5731 4
830 232 5
830 113 4
830 8474 4
830 188 4
830 1558 4
831 1827 3
831 1863 4
831 8475 3
831 7023 3
831 112 2
831 1605 5
831 6877 4
831 2124 1
831 4347 4
831 6263 4
831 2123 3
831 85 4
831 1296 5
831 2672 3
831 2093 2
831 5220 4
831 288 5
831 7559 4
831 225 3
831 3279 2
831 226 5
831 52 5
831 1850 4
831 8476 4
831 8477 5
831 6194 3
831 8478 4
831 614 4
831 8479 3
831 832 5
831 762 5
831 1857 4
831 8480 4
831 4073 3
831 5617 4
831 109 4
831 8481 5
831 8482 5
832 3120 5
832 8483 5
832 8484 4
832 5305 4
832 4462 5
832 4062 4
832 5405 5
832 3217 4
832 5808 5
832 7336 4
832 7704 4
833 1863 4
833 7228 1
833 2844 2
833 3894 5
833 8485 5
834 5729 5
834 1871 4
834 266 5
834 6263 5
834 3241 5
834 5889 3
834 2123 5
834 8486 5
834 3978 4
834 705 5
834 4324 5
834 8111 4
834 5597 5
834 810 5
834 8487 5
834 3827 5
834 1060 5
834 8488 5
834 8489 5
834 8490 5
834 1067 5
834 901 4
834 3146 5
834 5620 2
834 814 5
834 8491 2
834 8492 4
834 4415 4
834 4012 4
834 3777 5
834 4100 4
834 5480 5
834 5586 5
834 1995 3
834 1846 5
834 8493 4
834 744 5
834 969 4
834 8494 5
834 900 5
834 1365 5
834 8495 3
834 4994 5
834 8496 5
834 5466 5
834 906 5
834 8497 5
834 8498 3
834 8074 5
834 1450 1
834 8499 5
834 8500 5
834 992 2
834 3801 5
834 934 5
834 1020 5
834 8501 5
834 8502 5
834 8503 5
834 8504 5
834 3852 5
834 937 5
834 6770 5
834 952 4
834 8505 4
834 1097 5
834 954 5
834 4908 1
834 1516 2
834 5768 3
834 3016 2
834 919 4
834 3687 4
834 5997 4
834 4414 5
834 7716 5
834 6573 3
834 8506 4
834 8507 4
834 8508 4
834 7040 5
834 835 4
834 8509 4
834 3920 4
834 3920 4
834 911 4
834 8510 5
834 4321 5
834 8042 4
834 8511 4
834 7230 4
834 791 4
834 4862 4
834 8512 5
834 3651 4
834 5180 4
834 5535 4
834 8513 4
834 7757 3
834 8514 4
834 874 5
834 8515 4
834 7232 4
834 5478 4
834 7792 4
834 7313 4
834 874 5
834 1045 3
834 8516 3
835 601 5
835 2885 4
835 3240 5
835 3727 4
835 2002 5
835 4425 3
835 211 4
835 1275 4
835 1665 5
835 3278 5
835 5502 5
836 6282 5
836 796 5
836 7303 5
836 974 3
836 1218 5
836 7992 5
836 1693 5
836 144 5
836 4435 5
836 1585 5
836 7466 5
836 7463 5
836 8517 4
836 6844 5
836 8518 3
836 3066 5
836 4561 4
836 605 5
836 4786 5
836 7458 5
836 944 1
836 8519 5
836 6770 5
836 5209 5
836 2045 5
836 1241 5
836 7256 5
836 7293 5
836 4243 5
836 8520 5
836 166 5
836 8521 5
836 3856 5
836 294 5
836 4759 5
836 6355 5
836 8204 5
836 868 5
836 3272 5
836 919 5
836 4439 5
836 5000 5
836 1744 5
836 8478 5
836 320 5
836 1365 5
836 4935 2
836 8522 5
836 8454 5
836 5812 5
836 8523 5
836 1667 5
836 6399 4
836 4215 5
836 4652 5
836 8524 5
836 5754 5
836 13 5
836 3400 5
836 264 5
836 6486 5
836 1639 3
836 8287 5
836 6485 5
836 8525 5
836 1916 5
836 2018 5
836 2010 5
836 1898 5
836 877 1
836 128 5
836 871 5
836 8526 5
836 662 3
836 109 5
836 2801 2
836 7675 5
836 6335 5
836 1728 5
836 7734 5
836 5135 1
836 8527 5
836 8528 5
836 4481 5
836 7019 5
836 8529 5
836 5763 2
836 977 5
836 4215 5
836 6908 4
836 5625 5
836 62 5
836 5353 5
836 6161 5
836 1279 2
836 3443 4
836 3315 4
836 3317 5
836 8530 5
836 8531 3
836 1648 5
837 2108 4
837 8471 5
837 1871 4
837 6460 5
837 6263 4
837 8532 4
837 6016 3
837 8533 4
837 3243 4
837 6023 4
837 1608 4
837 5070 5
837 41 5
837 5988 4
837 3353 3
837 6965 4
837 2858 4
837 1616 3
837 6106 4
837 4045 5
837 2497 5
837 4207 5
837 7720 4
837 7093 5
838 6974 5
838 6376 2
838 2773 5
838 2494 5
838 1577 5
838 7925 2
838 7367 2
838 1589 5
838 6407 5
838 7034 5
838 165 5
838 4291 4
838 6275 2
838 8534 4
838 3693 4
838 4117 5
838 8535 4
838 1271 5
838 8148 4
838 6065 2
838 6277 5
838 90 5
838 1639 4
838 6796 4
838 6037 4
838 5416 4
838 8536 5
838 8537 5
838 258 5
838 8538 4
838 3297 4
838 7659 5
838 712 5
838 2891 4
838 3441 5
838 3263 5
838 1395 5
838 5942 5
838 4563 1
838 313 5
838 1682 1
838 944 4
838 673 5
838 312 5
838 609 5
838 832 5
838 323 4
838 1328 5
838 5733 5
838 3540 3
838 5835 4
839 8158 5
839 8539 5
839 6329 5
839 627 5
839 3198 3
839 7776 5
839 6769 4
839 759 5
839 7123 5
839 8148 5
839 1926 4
839 594 4
839 8540 3
839 8541 5
839 3339 5
839 3001 1
839 8542 4
839 3727 2
839 2133 3
839 6957 5
839 7717 4
839 7781 4
839 3243 3
839 1800 5
839 7944 5
839 1608 4
839 3693 4
839 8543 4
839 919 3
839 8544 5
839 5179 5
839 7700 4
839 7207 3
839 1859 5
839 6065 3
840 7665 5
840 2049 5
840 8545 4
840 1561 5
840 7825 5
840 8546 5
840 313 4
840 5457 4
840 8547 3
840 3202 4
840 8548 4
840 7297 5
840 3241 3
840 3464 5
840 1608 5
840 6684 5
840 2460 5
840 2009 5
840 1615 3
840 3030 3
840 8549 3
840 8157 5
840 3030 3
840 8550 4
841 6319 5
841 7858 4
841 1305 5
841 6975 4
841 7286 5
841 6737 5
841 8551 5
841 8095 5
841 5949 4
841 6919 5
841 2171 4
841 7778 3
841 1788 5
841 2234 4
841 599 5
841 8552 4
841 2885 4
841 2248 5
841 2840 4
841 1555 4
841 6321 5
841 8154 4
841 6905 4
841 1839 5
841 697 5
841 5714 4
841 7910 3
841 6169 5
841 7954 4
841 1823 5
841 1546 4
841 2122 4
841 7922 5
841 6091 5
841 1811 4
841 8553 5
841 2820 4
841 7970 3
841 7994 4
841 5972 5
841 7278 5
841 7279 5
841 7972 5
841 35 5
841 2043 4
841 7971 4
841 1647 5
841 6342 4
841 6743 4
841 1664 5
841 6517 5
841 8554 5
841 7973 5
841 7974 5
841 7975 5
841 2819 5
841 6957 4
841 5872 5
841 7214 5
841 6799 5
841 4207 4
841 6812 5
841 1587 5
841 8555 5
841 4227 5
841 12 5
841 627 5
841 8137 4
841 7474 5
841 2135 4
841 2081 5
841 614 4
841 8166 4
841 1277 5
841 3335 5
841 3638 5
841 2114 5
841 1606 3
841 5416 5
841 1844 5
841 7044 5
841 3243 5
841 3145 5
841 1608 5
841 2839 5
841 8556 4
841 8557 5
841 323 4
841 2802 5
841 8558 1
842 8559 5
842 326 5
842 164 5
842 7205 4
842 7315 4
842 728 4
842 3000 5
842 6275 3
842 312 5
842 3517 4
842 803 5
842 7158 5
842 6396 5
842 5925 5
843 8560 5
843 1673 4
843 8561 4
843 746 5
843 7977 5
843 4816 2
843 8399 2
843 7849 5
844 6162 5
844 4847 5
844 4434 5
844 7648 5
844 7807 5
844 8129 5
844 6282 5
844 4795 5
844 8562 5
844 8563 5
844 309 5
844 8054 5
844 3301 5
844 8564 5
844 8565 5
845 3035 4
845 1926 4
845 759 5
845 5150 3
845 68 4
845 4796 5
845 309 3
845 3735 4
845 7675 3
845 8566 5
845 1628 2
845 5764 5
845 8567 5
845 3350 4
845 3143 4
845 7363 3
845 8568 5
845 2505 5
845 8569 5
845 2652 5
845 4300 4
845 2879 4
845 8356 5
845 4725 5
845 4793 4
845 4863 5
845 8071 5
845 8570 4
845 5149 4
845 6047 4
845 125 5
845 4131 5
846 974 1
846 4074 1
846 7552 1
846 1225 4
846 8084 2
846 3165 5
846 1198 4
846 4171 2
846 1507 5
846 4735 5
846 2354 2
846 7235 4
846 8571 5
846 3790 5
846 8572 4
846 5180 5
846 8573 5
846 8574 5
846 3764 4
846 5348 4
846 5611 5
847 3353 4
847 309 4
847 1648 5
847 2802 5
847 3042 5
848 3574 5
848 2466 1
848 6867 5
848 1187 3
848 2727 4
848 5990 4
848 1155 2
848 8090 4
848 1193 4
848 3422 4
848 2454 4
848 8575 5
848 8576 5
849 1393 5
849 8577 5
849 7023 5
849 7928 4
849 8575 4
849 1610 5
849 3256 5
849 7278 5
850 7772 5
850 8578 5
850 5931 5
850 5810 5
850 4381 5
850 4628 5
851 7185 4
851 6952 2
851 7288 5
852 632 4
852 5935 4
852 1628 3
852 8579 4
852 8580 3
852 7169 4
852 3304 2
853 3255 4
853 4303 4
853 1345 5
853 891 5
853 6332 5
853 7781 2
853 3162 5
853 8056 4
853 960 5
853 7190 5
853 1467 3
853 4879 4
853 8581 5
853 1332 3
853 2959 4
853 6807 5
853 8582 4
854 7065 4
854 497 4
854 8583 4
854 3202 4
854 4850 4
854 8155 5
854 3356 4
854 534 4
854 4786 1
854 7393 2
854 5731 5
854 6032 5
855 1241 5
855 8584 4
855 4716 5
855 1165 2
855 6481 5
855 4890 4
855 5251 4
855 792 5
855 3494 4
855 4571 5
855 2583 3
855 3444 4
855 8585 5
855 6138 5
855 934 3
855 3634 5
855 3680 4
855 759 5
855 772 5
855 8586 3
855 1899 4
855 1857 4
855 880 4
855 8587 4
855 4793 4
855 1881 1
855 8588 5
855 5080 4
855 7578 4
855 8589 4
855 1271 4
855 706 5
855 8590 4
855 1963 5
855 2416 4
855 2584 4
855 2904 4
855 312 5
855 4621 4
855 313 5
855 1294 4
855 7377 4
855 104 5
855 6142 3
855 3400 4
855 8591 4
855 7925 3
855 4836 2
855 8535 4
855 323 3
855 822 4
855 2632 3
855 3590 5
855 738 5
855 790 4
855 3075 4
855 8592 4
855 1638 4
855 7906 5
855 196 4
855 8593 4
855 8594 3
855 2655 3
855 8595 4
855 8055 4
855 4056 4
855 2955 4
855 6491 4
855 4509 2
855 7503 4
855 8596 4
855 7547 4
855 4906 4
855 2494 4
855 8597 5
855 2644 4
855 8598 4
855 6720 3
855 2405 4
855 3525 4
855 3398 3
855 4748 5
855 465 4
855 288 3
855 864 4
855 3774 4
855 363 4
855 211 4
855 1301 5
855 2602 3
855 713 5
855 1394 3
855 2230 4
855 2875 4
855 3963 3
855 8599 4
855 2913 4
856 3693 5
856 2800 5
856 8148 4
856 1472 2
856 5639 5
856 6761 5
857 1935 1
857 8304 1
857 6124 1
857 1541 5
857 7457 4
857 2250 2
857 1550 3
857 595 5
857 5866 5
857 1557 2
857 8600 3
857 8139 4
857 6324 4
857 1941 1
857 6580 4
857 3416 2
857 2225 1
857 1942 1
857 1561 3
857 7108 1
857 3015 4
857 313 4
857 1983 3
857 7390 4
857 6670 3
857 488 2
857 1946 2
857 5301 3
857 2198 4
857 5228 3
857 8601 3
857 1787 2
857 1578 4
857 2065 2
857 1306 1
857 2068 4
857 1240 1
857 258 2
857 642 1
857 2066 4
857 713 1
857 1401 1
857 6142 1
857 1136 4
857 3661 4
857 2015 1
857 4878 3
857 8602 1
857 1423 1
857 1422 3
857 1467 5
857 6641 2
857 6183 4
857 5228 3
857 829 1
857 6663 4
857 2295 4
857 6664 3
857 2299 4
857 6539 4
857 2321 5
857 1144 3
857 6647 4
857 1402 2
857 1516 3
857 634 5
857 6604 4
857 3634 5
857 1581 3
857 1282 1
857 8603 1
857 1692 5
857 1598 4
857 632 5
857 1603 1
857 706 2
857 772 3
857 288 3
857 2981 4
857 8604 4
857 7780 4
857 3642 5
857 4563 1
857 5083 5
857 8605 1
857 8320 3
857 3086 1
857 1279 3
857 312 2
857 104 2
857 5631 1
857 28 4
857 1650 4
857 1956 2
857 276 3
857 1536 3
857 323 3
857 4301 4
857 4877 5
857 712 2
857 6098 4
857 7120 4
857 913 1
857 1177 5
857 1217 2
857 2655 4
857 3495 5
857 1395 1
857 1693 4
857 832 5
857 1640 5
857 6626 5
857 1900 5
857 7734 1
857 8606 4
857 8607 1
857 8608 4
857 8609 1
858 7408 4
858 8610 2
858 4012 4
859 766 5
859 4742 5
859 728 5
859 3703 5
859 309 5
859 8611 5
859 3281 4
859 8612 5
859 2101 5
859 496 5
859 7002 5
859 6551 5
859 7897 3
859 6019 4
859 3183 5
860 6048 5
860 78 4
860 81 4
860 105 5
860 5488 5
861 8613 4
861 8614 4
861 4807 4
861 7191 4
861 2858 4
861 1703 3
861 8615 4
861 1511 3
861 4110 4
861 6951 4
861 8300 4
861 8616 4
861 5597 4
861 7031 2
861 6374 4
861 4857 4
861 7256 4
861 8617 4
862 2180 5
862 2527 4
862 8276 5
862 2015 4
862 2258 2
862 2177 3
862 2183 4
862 2273 4
862 5915 5
862 2221 5
862 7531 4
862 1231 5
862 2825 5
862 2178 5
862 3483 2
862 6729 5
862 1810 4
862 7790 1
862 2437 3
862 4550 5
862 5873 5
862 7528 5
862 2197 5
862 2188 3
862 1808 5
862 6637 4
862 2313 4
862 1787 5
862 563 5
862 7240 5
862 2295 5
862 2299 5
862 2203 4
862 2449 5
862 365 4
862 2202 5
862 2072 5
862 7840 3
862 2337 4
862 6011 5
862 2326 5
862 2356 4
862 2520 5
862 1122 3
862 2291 5
862 408 4
862 1817 2
862 1831 4
862 403 5
862 1128 5
862 5698 5
862 2374 5
862 385 5
862 2319 5
862 7065 4
862 2539 4
862 624 5
862 379 5
862 8618 1
862 2282 2
862 1169 4
862 508 5
862 1826 5
862 417 4
862 1807 5
862 6556 5
862 759 4
862 457 5
862 8619 4
862 2208 5
862 2126 4
862 2092 5
862 1132 5
862 7378 1
862 1179 4
862 2233 4
862 1866 4
862 2127 2
862 7284 4
862 2311 3
862 1166 3
862 4741 5
862 1827 5
862 1186 4
862 460 4
862 467 3
862 8094 4
862 357 5
862 3196 4
862 1873 5
862 7784 5
862 4541 5
862 2355 5
862 468 5
862 6559 2
862 2446 5
862 5722 5
862 8620 5
862 8008 5
862 1847 5
862 877 5
862 1823 5
862 4486 5
862 8621 4
862 5897 3
862 1855 5
862 8086 5
862 634 4
862 2622 4
862 3289 4
862 7075 5
862 3365 5
862 5871 3
862 2453 5
862 1805 5
862 1172 5
862 7321 4
862 2392 5
862 441 3
862 8108 3
862 447 4
862 6756 4
862 8622 5
862 6819 5
862 2545 3
862 3258 5
862 8278 4
862 370 5
862 7278 5
862 1630 4
862 3683 5
862 636 5
862 1804 4
862 486 4
862 8623 5
862 3013 5
862 4131 5
862 5822 5
862 8624 5
862 2479 4
862 3187 5
862 1215 2
862 6848 1
862 1856 5
862 6274 5
862 2333 5
862 7720 5
862 333 5
862 639 4
862 8625 5
862 8626 2
862 2342 4
862 7204 2
862 3320 5
862 1878 3
862 7229 5
862 199 4
862 2562 4
862 6378 4
862 153 5
862 2087 5
862 6903 3
862 2469 4
862 529 5
862 529 5
862 2495 5
862 534 4
862 1868 5
862 2846 5
862 281 5
862 3010 5
862 1843 5
862 8627 5
862 8628 5
862 6611 5
862 3287 5
862 7756 4
862 6072 4
862 6437 5
862 4039 5
862 6101 4
862 309 5
862 2048 5
862 2573 5
862 8629 5
862 1919 5
862 7997 3
862 276 5
862 7288 5
862 1900 4
862 7688 5
862 7313 5
862 8630 4
862 1887 4
862 1874 5
862 3721 4
862 7320 5
863 6964 5
863 1815 4
863 133 3
863 961 3
863 5730 4
863 8631 4
863 8632 3
863 1093 4
863 1554 3
863 5661 4
863 2526 4
863 1759 4
863 1557 4
863 170 4
863 8600 4
863 4399 4
863 5820 4
863 8633 4
863 629 4
863 3908 4
863 266 3
863 315 4
863 3220 4
863 6324 4
863 879 2
863 1942 4
863 4405 4
863 8634 4
863 6609 4
863 260 4
863 3192 4
863 5997 3
863 1561 4
863 4395 4
863 765 4
863 6948 4
863 954 4
863 4542 4
863 1081 4
863 382 4
863 434 4
863 431 4
863 2019 4
863 4198 4
863 8092 4
863 7403 4
863 7125 4
863 7390 4
863 3406 4
863 500 4
863 2648 2
863 8635 5
863 5122 4
863 609 4
863 3285 4
863 3287 4
863 2230 3
863 8636 5
863 1563 4
863 4274 3
863 159 4
863 309 4
863 8000 4
863 8637 3
863 919 3
863 8638 5
863 1028 5
863 792 4
863 832 1
863 642 4
863 2045 5
863 7256 4
863 1946 4
863 6950 5
863 1067 1
863 4072 5
863 661 4
863 4277 1
863 3454 2
863 1948 3
863 8639 4
863 1691 3
863 2093 5
863 4394 1
863 8640 4
863 5414 5
863 6904 1
863 740 2
863 327 5
863 741 5
863 104 5
863 710 5
863 8641 1
863 312 3
863 8642 5
863 704 5
863 8643 5
863 6990 5
863 2494 5
863 8019 5
863 288 5
863 623 4
863 738 5
863 759 4
863 276 5
863 7982 5
863 8644 3
863 4056 1
863 1365 5
863 4439 5
863 1693 1
863 1441 4
863 1450 4
863 2066 5
863 735 4
863 1962 3
863 1476 1
863 4299 4
863 1516 4
863 3746 3
863 8645 4
863 8646 5
863 3670 3
863 8647 4
863 1406 1
863 5259 4
863 8648 4
863 3202 2
863 4357 4
863 8649 2
863 5000 5
863 3978 2
863 1576 3
863 632 5
863 3085 4
863 1452 5
863 968 4
863 3394 4
863 313 3
863 5341 3
863 8650 4
863 258 2
863 829 5
863 1936 4
863 1594 4
863 1009 5
863 706 2
863 1648 5
863 8651 3
863 3608 3
863 772 4
863 1278 3
863 814 3
863 1581 3
863 6028 4
863 5773 4
863 196 4
863 1421 4
863 8107 4
863 323 3
863 5778 4
863 3686 3
863 1223 4
863 1580 4
863 985 5
863 1757 4
863 987 4
863 762 5
863 1584 3
863 8652 5
863 764 5
863 1588 2
863 56 5
863 631 3
863 3309 5
863 5222 5
863 5481 5
863 8653 5
863 239 1
863 8654 5
863 3652 4
863 732 5
863 8655 5
863 556 5
863 4465 5
863 7992 5
863 992 2
863 8656 5
863 4720 5
863 8657 5
863 755 4
863 712 5
863 5154 5
863 1598 4
863 3963 3
863 1710 4
863 1267 2
863 8061 5
863 5409 5
863 6332 4
863 8658 5
863 8659 5
863 6763 5
863 144 5
863 5454 3
863 5344 2
863 8660 4
863 1828 5
863 8661 5
863 8662 5
863 8320 1
863 2089 5
863 4563 1
863 6610 5
863 5032 1
863 3450 5
863 5447 5
863 1615 2
863 931 4
863 1303 5
863 8609 5
863 255 5
863 1692 5
863 5308 5
863 4878 3
863 1049 3
863 2048 4
863 8663 4
863 1274 5
863 8664 5
863 934 4
863 5978 5
863 3590 5
863 4301 5
863 3005 5
863 3098 1
863 4387 5
863 8665 5
863 277 3
863 8666 5
863 8667 5
863 4754 5
863 8452 3
863 909 1
863 574 1
863 8668 4
863 8669 4
863 7571 4
864 6806 5
864 1837 5
864 6128 3
864 1982 5
864 3703 5
864 3813 4
864 8122 5
864 6108 5
864 8670 5
864 8671 5
864 7486 5
864 8672 5
864 3457 4
864 1083 5
864 8660 5
864 3672 5
864 3502 5
864 1960 2
864 4948 4
864 5409 4
864 5855 4
864 6207 5
864 5206 5
864 3406 5
865 6162 5
865 1919 5
865 8408 4
865 3708 5
865 8673 4
865 5943 4
865 7898 4
865 4427 5
865 8674 4
865 4127 4
865 4711 5
865 4446 4
865 8454 3
865 3361 3
865 4447 4
865 153 4
865 8031 4
866 8675 5
866 439 2
866 5733 3
866 3217 3
866 3513 4
866 7929 4
866 2017 5
866 2831 5
866 3224 3
867 7184 5
867 7346 5
867 3409 5
867 829 5
867 7260 5
867 276 5
867 4573 5
867 3161 5
867 3031 5
867 3176 5
867 7184 5
867 8676 3
867 3175 5
867 3472 5
867 8677 5
868 814 4
868 7619 5
868 3091 5
868 1219 4
868 8380 5
868 258 4
868 5970 5
868 313 5
868 278 5
868 762 1
868 1328 5
868 738 5
868 7477 5
868 276 5
868 175 5
868 8678 5
868 772 5
868 3428 4
868 2537 5
868 832 5
868 8296 5
868 4320 5
868 4651 4
868 609 2
868 6213 4
868 759 4
868 309 4
868 780 4
868 104 3
868 829 4
868 1682 4
868 4564 4
868 610 5
868 7315 4
868 712 4
868 8548 3
868 323 3
868 6964 5
869 1623 5
869 8679 5
869 1577 4
869 7049 4
869 8680 4
869 6959 4
869 3812 5
869 6964 5
869 8388 5
869 8681 4
869 1042 4
869 8682 5
869 3910 5
869 5371 4
869 2018 4
869 8683 4
869 6145 5
869 8684 5
869 6771 5
869 7754 4
869 991 4
869 7749 4
869 5237 4
869 5178 5
870 1502 4
870 1126 5
870 7218 5
870 2059 3
870 5595 4
870 6716 4
870 2831 3
870 3228 3
870 2014 5
870 8651 5
870 3180 5
870 4675 1
870 8685 5
870 3513 2
871 7013 5
871 7795 5
871 8154 4
871 6912 4
871 3217 5
871 850 5
871 2280 4
871 2479 5
871 8311 4
871 8344 5
871 518 4
871 4258 4
871 442 4
871 3123 5
871 2458 5
871 2090 5
871 7113 5
871 106 5
871 5942 5
871 626 5
871 3665 5
872 4541 4
872 8686 4
872 7992 3
872 3205 3
872 2908 4
872 4156 4
872 1278 5
872 6693 5
872 7325 4
872 1191 4
872 814 1
872 3253 4
872 8319 1
872 5608 5
872 7384 5
872 7077 4
872 3711 1
873 3013 5
873 8687 5
873 8688 5
873 4623 5
873 8689 4
873 7717 3
873 7986 4
873 160 5
873 6101 2
873 8690 5
874 258 4
874 1277 5
874 8391 4
874 832 1
874 8691 5
874 2484 4
875 3189 4
875 1036 5
875 631 5
875 8692 2
875 2571 5
875 2479 4
875 5678 2
875 531 5
875 2395 4
875 1792 4
875 429 4
875 2397 4
876 6083 5
876 4112 5
876 2537 5
876 2107 1
876 3207 5
876 1248 3
876 7385 5
876 2903 5
876 4567 4
876 423 3
876 1637 5
876 4836 5
876 8328 5
876 7601 4
877 206 4
877 8693 5
877 4402 4
877 762 5
877 759 5
877 297 3
877 28 5
877 7564 2
877 766 5
877 1332 4
878 3852 4
878 3667 5
878 2651 5
878 5541 4
878 4750 4
878 6828 4
878 8694 4
878 3396 5
878 4539 4
878 3034 3
878 7702 5
878 8695 4
879 759 3
879 1894 4
879 1629 4
880 6697 5
880 8696 4
880 3550 5
880 3304 4
880 8697 5
880 4117 5
880 3021 5
880 120 5
880 1515 4
880 3706 4
881 7985 4
881 4111 5
881 1226 5
881 8484 5
881 7944 5
881 8352 5
881 8536 5
881 8698 4
882 7628 3
882 3693 4
882 4402 2
882 487 5
882 8699 5
882 5255 4
882 3220 3
882 3006 3
882 568 4
882 728 3
882 1691 4
882 3687 4
882 5997 5
882 8450 4
882 6965 3
882 3529 4
882 2713 5
882 312 4
882 6467 3
882 84 3
882 609 4
882 8700 4
882 8701 5
882 3051 3
883 7870 2
883 6175 5
883 3149 5
883 7361 5
883 5694 5
883 2201 4
883 4486 5
883 5861 2
883 7770 4
883 7833 4
883 4202 5
883 8153 5
883 8702 5
883 5860 5
883 6304 5
883 3920 5
883 6888 5
883 3545 1
883 6245 2
883 2017 5
883 6100 3
883 793 4
883 7216 3
883 8703 4
883 3202 1
883 8704 4
883 2596 5
883 759 3
883 8705 5
883 1673 3
883 5091 5
883 8706 5
883 2033 3
883 4181 3
883 7818 5
883 6977 4
883 104 1
883 8707 1
883 7407 5
883 2824 3
883 4145 5
883 3724 1
883 4093 4
883 7663 5
883 7205 5
883 7353 2
883 8170 5
883 8119 5
884 5088 5
884 1673 3
884 1275 4
884 1657 5
884 7190 5
884 309 5
884 7660 5
884 4181 4
885 3365 4
885 4223 3
885 7424 5
885 5917 5
885 2113 3
885 6812 5
885 8023 4
885 6089 4
885 216 5
885 7255 5
885 280 5
885 197 5
885 4946 5
885 1638 5
885 48 5
885 2461 5
886 4147 4
886 2780 5
886 8708 1
886 6435 4
886 1864 4
886 7717 4
886 236 4
886 3544 4
886 3182 2
886 8709 5
886 8099 3
886 8710 5
886 3376 5
887 5883 4
887 8398 2
887 3650 4
887 1097 4
887 853 5
887 3501 4
887 8711 5
887 2989 3
888 7067 5
888 1886 5
888 8712 5
888 3708 4
888 288 4
888 6139 5
888 211 4
888 8713 4
888 178 5
888 4360 5
888 824 4
888 8714 5
888 982 5
889 282 5
889 7952 5
889 4936 5
889 8715 5
889 8291 5
889 8716 5
889 8717 5
889 5754 5
889 3263 5
889 5721 5
889 7181 4
889 1673 4
889 8718 5
890 992 4
890 3181 5
890 5995 5
891 8719 4
891 8720 5
891 8721 5
891 1462 5
892 6451 5
892 8722 5
892 4665 4
892 6155 1
892 5866 5
892 4077 5
892 8645 4
892 1581 3
892 4048 3
892 5237 4
892 1226 4
892 1165 4
892 1926 4
892 766 5
892 6788 4
892 3533 5
892 8604 5
892 4553 5
892 5843 4
892 8723 4
892 1314 5
892 1333 5
892 7519 5
892 3236 4
892 1478 4
892 1963 5
892 4558 4
892 8724 3
892 1536 5
892 5384 5
892 609 3
892 933 5
892 2655 3
892 1955 5
892 8725 5
892 2960 5
892 1766 3
892 8726 4
892 1357 4
892 167 3
892 1200 4
892 5437 4
892 673 5
892 3537 4
892 3849 3
892 836 1
892 960 5
892 258 5
892 4613 4
892 1711 4
892 1774 3
892 63 5
892 878 4
892 1901 4
892 8727 4
892 1326 4
892 217 3
892 8728 4
892 843 5
892 3340 4
892 5549 4
892 699 3
892 1420 3
892 1278 4
892 8729 5
892 1331 5
892 8730 4
892 1691 4
892 1415 1
892 1368 1
892 3471 5
892 4159 5
892 3555 5
892 4385 4
892 3204 4
892 1958 3
892 8731 4
892 2716 4
892 1998 1
892 278 5
892 1316 5
892 276 5
892 313 5
892 706 5
892 4681 5
892 309 5
892 4689 4
892 739 5
892 8732 4
892 305 3
892 2939 3
892 710 5
892 1275 3
892 832 5
892 3101 5
892 857 4
892 251 5
892 740 5
892 792 5
892 5506 5
892 4465 4
892 762 4
892 1408 5
892 288 5
892 8733 4
892 741 1
892 925 5
892 28 5
892 5318 5
892 8734 5
892 1454 5
892 5515 5
892 780 5
892 8631 4
892 6676 1
892 712 4
892 1982 5
892 1399 5
892 1414 1
892 4710 5
892 1403 3
892 8292 4
892 4275 4
892 312 5
892 4421 5
892 728 3
892 759 5
892 8735 5
892 196 5
892 735 5
892 829 5
892 8662 4
892 104 5
892 1359 5
892 732 5
892 1395 5
892 5550 4
892 3585 2
892 8736 5
892 3592 4
892 5924 5
892 8737 4
892 934 4
892 772 5
892 1607 3
892 704 5
892 323 4
892 211 5
892 738 5
892 8738 5
892 3733 5
892 8739 4
892 8740 4
892 3779 5
892 7856 5
892 1463 4
892 5020 4
892 3970 4
892 8741 5
892 8281 4
892 742 4
892 3096 5
892 4365 5
892 8742 4
892 3949 4
892 4400 3
892 3251 4
892 3787 4
892 5155 4
892 3858 3
892 8743 4
892 6664 4
892 4682 4
892 8744 5
892 6840 3
892 4711 4
892 1451 5
892 8477 3
892 1241 5
892 4543 4
892 900 4
892 8745 5
892 8746 5
892 8747 3
892 8748 4
892 2269 5
892 3866 4
892 8640 5
892 3718 5
892 3869 3
892 8549 4
892 3801 4
892 8749 4
892 4009 4
892 8750 3
892 228 4
892 2557 4
892 3774 3
892 1629 4
892 1322 5
892 8751 2
892 4634 4
892 3267 5
892 4673 3
892 8752 5
892 4286 5
892 5695 5
892 8753 5
892 1869 3
892 4052 4
892 8754 4
892 7208 4
892 4054 4
892 4888 4
892 3715 5
892 8755 5
892 919 4
892 7865 5
892 3829 3
892 2019 4
892 4629 3
892 1987 4
892 8756 5
892 8757 4
892 7834 4
892 6376 4
892 8758 1
892 8759 4
892 4829 2
892 3623 4
892 8760 4
893 1108 4
893 6981 1
893 6854 5
893 1678 4
893 1576 3
893 7656 5
893 8761 5
893 3686 5
893 1578 5
893 8294 5
893 977 3
893 1848 3
893 4393 4
893 1675 5
893 4394 4
893 4277 3
893 8762 3
893 1938 4
893 1615 5
893 288 5
893 3255 3
893 8763 5
893 1628 3
893 7325 4
893 7023 5
893 3924 4
893 738 5
893 3955 4
893 3256 5
893 1826 5
893 1634 2
893 2802 4
893 258 5
893 6101 2
893 8764 3
893 3203 5
893 5000 5
893 323 5
893 105 5
893 8765 5
893 5454 5
893 1778 5
893 4278 5
893 5489 3
893 4859 5
893 6364 5
893 6435 5
893 4044 4
893 4686 5
893 2086 5
893 6355 5
893 1032 1
893 8766 5
893 8293 5
893 8767 5
893 6697 5
893 661 4
893 843 4
893 8768 4
893 280 4
894 8769 4
894 8068 4
894 6526 4
894 8770 4
894 8673 4
894 7786 4
894 7177 4
894 199 4
894 2124 4
894 3217 4
894 5880 4
894 229 4
894 597 3
894 2771 4
894 7540 4
894 6023 3
894 1608 4
894 79 5
894 8540 5
894 3011 5
894 7176 4
894 8579 5
894 3522 4
894 2125 3
894 8771 3
894 6847 4
894 8772 4
894 1613 2
894 1616 3
894 1617 4
894 628 3
894 3167 3
894 4772 4
894 4461 3
894 312 1
894 8155 3
894 3336 4
894 7325 4
894 7698 4
894 7023 4
894 1633 4
894 1542 5
894 4495 4
894 7928 3
894 1589 3
894 8625 1
894 8360 5
894 1274 5
894 4944 3
894 6083 5
894 4963 5
894 4428 4
894 7614 3
894 1634 2
894 8685 4
894 7807 4
894 6883 1
894 4113 5
894 2804 3
894 6094 4
894 6368 5
894 8435 4
894 1313 5
894 4434 3
894 1650 5
894 3066 3
894 654 4
894 2814 5
894 1665 5
894 609 5
894 1673 3
894 2472 5
894 8773 4
894 1275 1
894 5665 4
894 4442 4
894 681 5
894 8774 5
894 213 4
894 8775 4
894 7020 3
894 7648 5
894 4583 4
894 4542 5
895 8776 4
895 4009 4
895 8777 3
895 8778 4
895 1955 4
896 5752 4
896 2349 5
896 2567 4
896 6991 5
896 7004 4
896 309 5
896 8779 5
896 3617 5
896 8399 4
896 8780 4
896 452 4
896 2418 5
896 5018 5
896 2727 4
896 8781 4
896 7977 5
897 4093 4
897 3601 4
897 4262 5
897 3550 4
897 3256 5
897 896 3
897 6362 4
897 1472 2
897 3703 5
897 8782 3
897 142 3
897 8783 4
897 7341 5
897 4088 5
897 8784 4
897 4280 5
897 5796 5
897 8785 4
897 8786 5
897 5420 1
898 4749 4
898 168 5
898 1794 5
899 632 4
899 636 4
899 8787 4
899 5491 3
899 5092 3
899 8788 5
899 1072 4
899 8789 4
899 8790 5
899 4969 5
899 5604 5
899 8791 5
899 7450 4
899 8433 4
899 7545 4
899 7543 3
899 5081 5
899 5177 5
899 900 4
900 6073 4
900 3263 5
900 1962 5
900 536 5
900 2996 4
900 1771 4
900 301 4
900 1278 5
900 124 4
900 93 4
900 7799 4
900 8253 4
900 759 3
900 3330 3
901 8109 5
901 2123 5
901 4410 4
901 2297 5
901 8460 5
901 4339 5
901 7784 5
901 1827 4
901 1596 5
901 7948 5
901 6104 5
901 1276 5
901 6893 5
901 7931 5
901 7555 5
901 1861 5
901 7476 5
901 2952 5
901 81 5
901 7024 5
901 6194 5
901 5225 5
901 7391 5
901 7033 5
901 34 5
901 8473 5
901 4952 5
901 8015 5
901 7076 5
901 1825 5
901 3221 5
901 3748 5
901 2133 5
901 6983 5
901 8530 5
901 8192 4
901 8792 5
901 5927 4
901 1880 5
901 2802 5
901 7750 5
901 6139 5
901 258 4
901 8256 5
901 8793 5
901 5754 4
901 8023 5
901 7339 5
901 7354 5
901 5181 5
901 160 5
901 2696 5
901 112 4
901 8794 5
901 4199 5
901 821 5
901 538 5
901 7380 5
901 5560 5
901 8099 5
901 4087 5
901 6347 5
901 8795 4
901 3365 4
901 6794 5
901 8291 5
901 7953 5
901 2305 5
901 4150 4
901 7907 5
901 8796 5
901 4084 4
901 1963 5
901 8679 5
901 7765 4
901 699 3
901 5073 4
901 8797 5
901 1676 5
901 5721 5
901 312 3
901 8798 5
901 8799 5
901 728 4
901 3400 5
901 106 5
901 8715 5
901 2996 5
901 1665 5
901 8718 5
901 7952 5
901 1673 4
901 3002 5
901 1274 5
901 3434 4
901 7300 5
901 8575 5
902 1972 5
902 1926 5
902 1935 1
902 312 5
902 7558 5
902 1274 5
902 2754 4
902 975 1
902 7724 5
902 7058 4
902 6119 5
902 5070 5
902 5945 5
902 314 5
902 1594 5
902 8800 5
902 434 5
902 431 5
902 2802 5
902 2494 5
902 147 5
902 1686 5
902 309 4
902 6822 4
902 843 5
902 1542 5
902 4215 4
902 8801 4
902 8772 5
902 1741 5
902 1619 5
902 8802 5
902 292 2
902 327 5
902 8766 4
902 7506 5
903 1657 5
903 728 5
903 7210 5
903 1930 5
903 4628 5
903 3642 5
904 4425 5
904 8391 5
904 8803 5
904 3301 4
905 902 4
905 6283 4
905 8724 4
905 7917 5
905 155 5
905 728 4
906 728 3
906 5713 4
906 1766 5
906 8804 5
907 7412 3
907 7218 5
907 8805 5
907 6773 5
907 7278 5
907 5866 5
907 8437 5
907 6876 5
907 6909 4
907 8806 4
907 2272 4
907 3742 4
907 6210 5
907 2532 4
907 1978 5
907 1148 4
907 1163 5
907 1156 4
907 357 4
907 1144 3
907 467 4
907 7355 1
907 3647 2
907 428 4
907 2571 4
907 1283 2
907 7727 4
907 4130 4
907 976 1
907 8807 4
907 8808 4
907 8809 2
907 3981 4
907 6092 4
907 675 3
907 3985 4
907 3376 4
907 2164 1
907 6603 4
907 1254 2
907 2545 2
907 565 3
907 512 4
907 6779 4
907 2622 3
907 2888 5
907 2886 4
907 4159 4
907 561 3
907 487 5
907 4088 3
907 2644 3
907 1243 4
907 7042 4
907 8405 5
907 6921 5
907 7291 5
907 4900 4
907 8810 2
907 5092 4
907 4028 3
907 641 5
908 2316 4
908 6462 3
908 2311 4
908 1826 4
908 7993 5
908 6006 5
908 3675 5
908 2326 5
908 2415 4
908 7094 4
908 7653 4
908 2099 4
908 357 4
908 8811 2
908 2127 4
908 7600 5
908 2482 3
908 6519 4
908 750 5
908 534 4
908 1873 4
908 487 5
908 518 4
908 2347 5
908 7676 5
908 637 5
908 1542 5
908 8812 4
908 1887 5
908 651 5
908 1913 4
908 8813 5
908 2475 4
908 8814 4
908 7555 4
908 6104 5
908 3145 5
908 2018 5
908 8807 5
908 1907 5
908 6779 4
908 973 5
908 7801 5
908 7884 5
908 1903 5
908 4086 4
908 3037 4
908 8104 4
908 1939 5
908 3227 5
908 7115 5
908 704 5
908 2409 4
908 8442 4
908 3464 5
908 6353 5
908 8815 5
908 6684 5
908 6811 3
908 732 5
908 6691 4
908 5581 5
908 3958 4
908 28 5
908 8623 4
908 8816 5
908 312 5
908 738 5
908 6789 4
908 309 5
908 3654 5
908 8817 5
909 7989 2
909 7047 3
909 3617 5
909 427 3
909 2469 5
909 3685 1
909 8418 5
909 7428 4
909 1586 5
909 6096 4
909 3851 5
909 5713 4
909 211 4
909 6519 4
909 1236 3
909 5000 5
909 8818 4
909 3876 4
909 6446 5
909 7659 4
909 8819 4
909 3065 5
909 728 3
909 3084 4
909 636 4
909 8820 3
909 1664 5
909 2469 5
909 2483 4
909 1317 5
909 7671 4
909 442 5
909 6823 5
909 1668 3
909 8821 4
909 2775 5
909 8822 2
909 8823 3
909 3284 5
909 8824 5
909 2344 5
909 437 4
909 1697 5
909 1332 5
909 3995 5
909 6967 5
909 2400 5
909 380 4
909 6613 4
909 182 4
909 4492 3
909 3358 5
909 8825 5
909 7049 5
909 6695 4
909 2494 5
909 8826 4
909 370 5
909 2206 5
909 7951 5
909 8619 1
909 4174 5
909 8827 5
909 3089 4
909 3305 2
909 7862 4
909 1054 5
909 1367 5
909 3831 4
910 1177 4
910 1262 5
910 6721 5
910 762 1
910 6912 4
910 8828 5
910 206 4
910 291 5
910 5918 4
910 3040 4
910 5306 4
910 199 2
910 8269 4
910 6807 5
911 3634 4
911 6265 5
911 762 5
911 1395 4
911 2192 5
911 2505 5
911 374 3
911 1759 2
911 4357 5
911 2224 5
911 2948 3
911 1560 5
911 992 4
911 836 1
911 3423 3
911 6138 4
911 2678 5
911 2506 3
911 8829 5
911 356 5
911 2212 5
911 8830 3
911 1118 5
911 608 5
911 4711 4
911 8831 2
911 2254 5
911 8832 5
911 1295 5
911 4172 1
911 3668 5
911 7518 5
911 537 5
911 2076 2
911 693 4
911 1266 5
911 1826 5
911 6617 5
911 7898 5
911 6840 4
911 2500 3
911 8833 4
911 6478 5
911 2280 4
911 7872 3
911 2036 5
911 8343 4
911 1198 4
911 632 4
911 6593 3
911 6663 2
911 1124 5
911 935 2
911 6022 4
911 2338 2
911 642 3
911 2404 2
911 1235 5
911 3455 5
911 792 5
911 458 4
911 2324 5
911 373 4
911 408 5
911 2355 5
911 8834 5
911 1615 4
911 6311 5
911 1616 2
911 8835 5
911 2503 2
911 2498 5
911 3202 5
911 8325 5
911 2586 5
911 312 5
911 211 5
911 196 4
911 276 4
912 2099 3
912 1836 3
912 3675 4
912 2446 4
912 462 5
912 1616 2
912 1617 4
912 3674 3
912 2276 4
912 7363 5
912 7325 2
912 1521 2
912 370 5
912 49 4
912 2479 4
912 581 5
912 2118 3
912 3191 4
912 8836 5
912 8311 5
912 2887 5
912 235 4
912 6748 4
912 2190 4
912 3146 4
912 3146 5
912 2156 3
912 3827 3
912 2447 5
912 2489 3
912 2352 3
912 518 3
912 2347 5
912 4850 4
912 6101 2
912 498 3
912 6028 4
912 4527 5
912 1636 5
912 3979 4
912 7065 4
912 655 4
912 732 3
912 1773 3
912 1772 3
912 5720 5
912 661 3
912 8837 5
912 3810 5
912 3895 5
912 2373 5
912 1906 5
912 1088 5
912 291 4
912 1853 5
912 2504 5
912 3654 4
912 548 5
912 728 3
912 2654 5
912 1274 5
912 206 5
912 8838 5
912 4967 5
912 3814 5
912 1670 5
912 2257 5
912 1067 3
912 1419 4
912 7358 2
912 8839 3
912 3088 5
912 3687 3
912 1754 5
912 695 3
912 766 3
912 1475 3
912 4319 5
912 7333 2
912 6624 5
912 1929 3
912 5935 5
912 8840 4
912 205 5
912 1923 5
912 4908 4
912 7661 4
912 2604 5
912 8623 5
912 1068 4
912 1790 4
912 269 4
912 143 3
912 4410 5
912 8841 4
912 7128 4
912 1049 4
912 184 4
912 8842 3
912 3014 3
912 3022 5
912 1895 5
912 4218 4
912 1629 4
912 5000 2
913 2336 5
913 355 4
913 6783 3
913 6591 5
913 7445 3
913 8307 4
913 643 1
913 357 3
913 5933 3
913 8843 5
913 539 2
913 5939 4
913 8844 3
913 2214 5
913 8845 3
913 366 4
913 1522 4
913 1876 2
913 373 3
913 575 5
913 8846 5
913 447 4
913 518 4
913 1842 5
913 1867 4
913 8847 5
913 8848 2
913 2280 3
913 5731 3
913 2494 5
913 8301 4
913 8849 5
913 70 4
913 3687 3
913 2718 3
913 956 4
913 2174 5
913 6624 5
913 448 3
913 1621 5
913 5834 4
913 1232 4
913 1572 5
913 8635 3
913 632 5
913 5005 4
913 8850 3
913 3667 5
913 8851 4
913 6772 4
913 7330 4
913 4953 5
913 3817 2
913 7136 4
913 1450 3
913 4484 4
913 3809 4
913 3000 5
913 2650 4
913 8852 4
914 258 5
914 8594 4
914 8853 4
914 1673 5
914 8854 5
914 1990 5
914 832 4
914 7799 4
914 104 4
914 1408 5
914 3247 5
914 1775 4
914 5581 4
914 4195 4
914 2158 4
914 323 5
914 1418 3
914 741 5
914 8761 4
914 762 5
914 4099 5
914 276 4
914 8855 3
914 8856 4
914 1274 5
914 699 4
914 1393 5
914 174 3
914 1774 3
914 5778 5
914 698 3
914 740 5
914 759 5
914 712 5
914 3263 5
914 5820 5
914 1241 5
914 6666 4
914 1278 5
914 313 5
914 309 5
914 3723 5
914 843 4
914 706 4
914 2497 4
914 7906 5
914 4251 5
914 4726 4
915 3185 4
915 211 5
915 4435 5
915 4894 5
915 8857 5
915 6666 1
915 7884 5
915 5074 5
915 6489 3
915 1536 5
915 5053 4
915 2138 5
915 66 5
915 1775 5
915 2858 4
915 704 5
915 6209 5
915 8858 5
915 8859 5
915 1939 5
915 4662 4
915 1673 5
915 2470 4
915 909 1
915 1932 4
915 6730 2
915 6162 4
915 8770 5
915 10 5
915 4799 5
915 1547 5
915 7336 5
915 1593 5
915 8579 4
915 4218 4
915 8860 5
915 8584 5
915 3974 5
915 5864 5
915 2494 5
915 6210 5
915 7381 3
915 999 5
915 4574 5
915 6033 5
915 3816 5
915 8745 4
915 8861 1
915 8862 5
915 5935 4
915 891 5
915 4484 5
915 3306 5
915 769 4
915 1650 5
915 6626 5
915 5444 5
915 6211 5
916 8360 5
916 739 3
916 8357 2
916 8863 3
916 3855 4
916 1673 3
916 8045 5
916 732 3
916 8864 4
916 8564 5
916 8865 2
916 309 4
917 8866 5
917 309 4
917 1241 5
917 1343 4
917 1976 3
917 1408 4
917 2469 5
917 832 4
917 1648 4
917 723 4
917 3556 4
917 1274 4
917 1650 4
917 1981 3
917 1963 3
917 3555 2
917 1660 4
917 1275 3
917 1278 4
917 1665 3
917 607 3
917 829 1
917 699 3
917 3533 3
917 8867 2
917 6998 5
917 6999 5
917 7000 4
917 1673 3
917 3000 5
917 5584 4
917 3807 4
917 2432 5
917 6846 5
917 8868 5
917 7869 5
917 1424 5
917 3423 4
917 8869 4
917 5502 5
918 6841 4
918 6796 5
918 2316 3
918 7564 5
918 6726 4
918 3073 5
918 5516 5
918 3091 5
918 3628 4
918 7995 5
918 8751 5
918 3653 4
918 7808 5
918 6316 4
918 2655 5
918 7962 5
918 8870 4
918 6768 5
918 3968 5
918 1386 5
918 8871 5
918 7717 4
918 1475 5
918 4771 4
918 8872 5
918 6922 5
918 5264 5
918 7522 4
918 8380 5
918 6824 5
919 8691 4
919 3723 4
919 5718 4
919 567 5
919 2366 4
919 1703 4
919 5804 4
919 1332 3
919 8873 5
920 211 5
920 762 5
920 211 5
920 1646 5
920 6083 5
920 1657 5
920 8874 1
920 1679 3
921 3355 4
921 4848 5
921 3336 5
921 2351 4
921 8774 5
921 8188 4
921 699 4
921 1262 5
921 3000 4
921 3406 3
921 309 5
921 1408 4
921 1282 1
921 2775 4
921 8383 5
921 7274 4
921 8875 5
921 7205 4
922 2474 5
922 839 5
922 862 5
922 3259 1
922 3239 5
922 4618 5
922 1741 5
922 2501 5
922 2715 4
922 4948 5
922 3474 4
922 3979 4
922 5700 5
922 1510 5
922 860 5
923 4509 2
923 312 4
923 879 2
923 8754 5
923 8609 4
924 7242 4
924 6474 4
924 8536 5
924 1580 4
924 8164 5
924 8876 2
924 3253 5
924 7367 5
924 6034 5
924 7931 3
924 31 5
924 7247 5
924 6435 5
924 427 3
924 1756 3
924 1600 3
924 2324 5
924 438 5
924 626 5
924 1603 2
924 6582 4
924 462 4
924 2430 5
924 1138 5
924 446 5
924 436 2
924 457 5
924 2294 5
924 1873 5
924 1143 5
924 8310 4
924 2501 3
924 373 4
924 1286 5
924 1821 5
924 6015 4
924 3519 4
924 8483 5
924 1165 4
924 2125 3
924 631 5
924 109 4
924 8157 4
924 1036 5
924 3256 5
924 2705 5
924 166 5
924 6087 5
924 4759 4
924 7982 5
924 6547 5
924 5939 5
924 1617 5
924 2491 5
924 8380 5
924 7424 5
924 1585 5
924 8877 4
924 558 5
924 3162 5
924 3358 3
924 1628 2
924 8156 5
924 441 4
924 1750 4
924 8878 5
924 4148 5
924 101 5
924 2507 5
924 6094 5
924 8879 5
924 8294 5
924 7657 5
924 1914 5
924 1611 5
924 934 4
924 7295 5
924 8541 3
924 8880 4
924 2278 5
924 1926 5
924 6263 4
924 3703 4
924 5938 4
924 2139 5
924 287 5
924 236 5
924 7425 4
924 6101 3
924 765 4
924 4424 5
924 5147 5
924 518 3
924 1638 5
924 1844 4
924 4485 5
924 3399 3
924 6489 5
924 2037 5
924 8763 4
924 6800 5
924 8557 5
924 1354 4
924 3093 4
924 2655 5
924 7410 5
924 8881 4
924 4235 5
924 1602 5
924 867 5
924 232 5
924 2814 4
924 1686 5
924 2354 4
924 1921 5
924 2264 5
924 93 5
924 6424 4
924 7044 4
924 3264 4
924 8371 5
924 636 5
924 3654 4
924 650 5
924 5011 5
924 2149 4
924 7142 5
924 686 4
924 773 4
924 6447 4
924 1301 4
924 5674 4
925 8882 4
925 7782 5
925 4291 4
925 7013 5
925 2790 4
925 3742 5
925 7065 5
925 1165 5
925 827 5
925 4017 5
925 3439 4
925 4883 5
925 6533 4
925 5295 4
925 259 5
925 6494 4
925 217 1
925 6101 3
925 6766 3
925 1636 4
925 4425 4
925 8182 5
925 796 4
925 206 4
925 6458 5
925 4081 4
925 5426 4
925 6088 5
925 189 4
925 538 5
925 8710 5
925 7315 4
925 8380 5
925 8450 5
925 8883 4
925 3399 3
925 5410 5
925 8137 3
925 8884 5
925 8885 3
925 6841 4
925 7620 5
925 5027 4
925 7589 4
925 8886 3
925 3040 5
925 3020 4
925 8887 5
925 5753 5
926 3277 5
926 2499 5
926 3279 5
926 4655 5
926 1912 5
926 3964 5
926 8888 5
926 156 5
926 185 5
926 8889 5
926 6516 5
926 6435 4
926 8182 4
926 999 5
926 8890 5
926 4303 4
926 4371 5
926 2846 4
926 3236 4
926 8891 5
926 5260 3
926 8892 5
926 3721 5
926 4662 4
927 1927 5
927 3196 5
927 7367 5
927 2835 5
927 7038 5
927 6798 3
927 1191 5
927 3409 5
927 3040 4
927 6467 4
927 625 3
927 875 4
927 3172 4
927 1849 3
927 3400 3
927 3258 4
927 3256 5
927 2845 4
927 2853 3
927 6989 5
927 2791 4
927 3243 4
927 1472 2
927 6094 4
927 7040 5
927 2372 2
927 8828 5
927 2804 4
927 6056 4
927 7653 3
927 744 4
927 7193 4
927 8814 3
927 2087 4
927 7115 3
927 1650 3
927 4075 4
927 8893 3
927 3359 4
927 8894 2
927 8895 2
927 3742 4
927 6792 4
927 1673 4
927 6079 4
927 8436 4
927 8710 5
927 1896 4
927 8896 5
927 5967 5
927 6091 4
927 8186 5
927 7775 5
927 1277 5
927 5541 5
927 1515 2
927 6424 1
927 3894 5
927 6717 5
927 3195 5
927 6823 4
927 8015 4
928 6282 5
928 8897 4
928 8898 4
928 5264 4
928 4449 5
928 4376 4
928 4528 4
928 3257 5
928 1604 4
928 728 3
928 1939 5
928 4512 3
928 8899 5
928 1673 5
928 222 5
928 3902 5
929 6989 4
929 12 5
929 2764 4
929 7692 3
929 3630 1
929 2655 1
929 2488 5
929 8900 5
929 3747 2
929 8901 5
929 5406 2
929 1315 3
929 1262 5
929 7341 5
929 1665 5
929 4199 5
929 850 5
929 6249 4
929 848 2
929 8054 5
930 7891 4
930 7270 4
930 210 5
930 8076 5
930 503 5
930 3639 5
930 7028 5
930 7032 4
930 4291 4
930 5713 4
930 5568 5
930 1153 3
930 1824 4
930 8902 4
930 1568 5
930 8901 5
930 8903 4
930 7657 5
930 7273 4
930 832 4
930 7094 4
930 313 4
930 8065 4
930 259 5
930 7932 4
930 8517 4
930 1650 3
930 7309 4
930 772 1
930 8904 4
930 6043 5
930 712 4
930 1320 5
930 6785 4
930 8667 3
930 7028 5
930 5624 5
930 5407 4
930 8754 5
930 5503 5
930 7874 5
931 1570 4
931 8320 4
931 323 1
931 3167 4
931 8905 5
931 1952 5
931 8809 3
931 8477 5
931 6421 5
931 1291 4
931 1304 3
931 735 5
931 6392 4
931 8906 2
931 762 5
931 196 1
931 6796 5
931 1936 5
931 1301 4
931 8907 4
931 6683 5
931 839 4
931 6983 5
931 1331 5
931 4131 5
931 8303 5
931 738 4
931 1735 4
931 1525 5
931 276 4
931 313 4
931 4262 5
931 1994 5
931 3448 4
931 312 5
931 3527 5
931 816 4
931 309 5
931 84 4
931 2744 5
932 695 5
932 712 5
932 735 5
932 2155 5
932 1519 5
932 3867 4
932 2472 5
932 1395 4
932 7001 5
932 7000 5
932 6996 5
932 6997 5
932 6998 5
932 6999 5
932 509 4
932 1166 4
932 8908 5
932 8553 5
932 429 5
932 3676 4
932 2426 5
932 650 5
932 8082 5
932 333 5
932 729 5
932 1207 5
932 728 4
932 491 4
932 196 5
932 8909 4
932 759 5
932 512 5
932 313 5
932 775 3
932 4071 5
932 312 5
932 4113 5
932 4552 4
932 1944 5
932 836 1
932 1352 5
932 3965 1
932 843 3
932 276 2
932 1423 1
932 8910 5
932 706 4
932 1943 5
932 477 3
932 323 5
932 832 5
932 258 5
932 3114 4
932 762 5
933 6870 5
933 4207 5
933 6647 4
933 594 4
933 7201 5
933 6296 2
933 3731 5
933 6625 5
933 8911 4
933 8632 2
933 8912 3
933 8150 5
933 1907 5
933 2583 5
933 4123 5
933 1903 5
933 1857 4
933 8816 5
933 7303 5
933 1977 4
933 8913 5
933 7884 5
933 1682 5
933 1774 5
933 174 5
933 1981 5
933 276 3
933 8296 5
933 650 5
933 2902 3
933 313 3
933 8066 5
933 4352 3
933 7536 5
933 7584 4
933 5019 5
933 8914 4
934 258 4
934 133 3
934 288 5
934 821 4
934 3365 5
934 7023 5
934 3513 4
934 609 5
934 8707 4
934 6760 5
934 3441 5
934 4979 3
934 1665 5
934 2620 5
934 6073 5
934 1673 5
934 7020 3
934 7405 5
934 4568 1
934 5721 5
934 1332 5
934 3165 3
935 6632 5
935 8328 5
935 1010 5
935 3215 4
935 211 5
935 7208 5
935 2616 5
935 4739 5
935 8915 4
935 3042 5
935 8916 4
935 3200 5
936 313 3
936 792 3
936 276 3
936 728 3
936 1775 3
936 258 1
937 1584 3
937 1636 4
937 829 2
937 1307 1
937 7291 3
938 3831 5
938 8917 4
938 5700 4
939 8918 4
939 7843 4
939 7186 4
939 5928 5
939 5923 1
939 7162 5
939 8840 4
939 2599 5
939 8919 5
939 4952 4
939 6040 4
939 8920 2
939 2903 4
940 922 4
940 2996 5
940 610 1
940 1550 3
940 2526 3
940 2870 4
940 604 5
940 3308 5
940 7065 4
940 623 4
940 8019 4
940 2383 4
940 3095 4
940 1611 4
940 6815 4
940 762 5
940 6370 4
940 695 2
940 309 3
940 628 5
940 647 4
940 8832 4
940 4099 5
940 1864 3
940 2898 4
940 8921 3
940 3192 4
940 4610 4
940 1274 5
940 7439 3
940 5143 3
940 1997 5
940 288 3
940 6883 1
940 2147 5
940 276 2
940 2588 4
940 3002 4
940 8481 4
940 1275 1
940 1712 2
940 4983 2
940 7710 4
940 7474 3
940 4134 4
940 829 4
940 8922 5
940 609 2
940 3822 4
940 6095 5
940 323 1
940 8923 5
940 174 4
940 4064 5
940 28 1
940 4415 4
940 1408 5
940 7609 5
940 7611 2
940 8924 3
940 312 5
940 1988 5
940 8286 5
940 4887 3
940 4309 4
940 3686 3
940 258 5
940 1277 5
940 2535 3
940 7827 3
940 3112 4
940 6776 4
940 3464 5
940 712 5
940 2655 1
940 2651 3
940 4810 4
940 817 5
940 719 5
940 1278 5
940 6516 5
940 3080 4
940 4827 4
940 813 3
940 794 3
940 8925 4
940 2019 5
940 8926 4
940 1406 4
940 5048 3
940 8927 1
940 4392 4
940 8928 4
940 5823 5
940 365 5
940 2929 3
940 6387 2
940 811 4
940 6908 4
940 3000 5
940 900 4
940 2737 5
940 8652 2
940 2005 5
940 313 2
940 732 3
940 6886 4
940 8929 3
940 8838 5
940 75 3
941 8908 4
941 4244 4
941 285 4
941 4066 4
941 124 5
941 140 5
941 7429 5
941 8930 4
941 4717 5
941 8931 5
941 93 5
941 52 5
941 8932 4
941 6844 5
941 5095 4
941 4687 5
941 1403 3
941 8933 4
941 8934 4
941 1673 3
941 3055 5
941 8851 4
941 1277 5
941 1754 4
941 1418 1
941 1288 1
941 6207 5
941 8935 3
941 3178 5
941 653 5
941 7398 5
942 1673 3
942 7788 5
942 4061 5
942 8936 5
942 1961 4
942 8692 5
942 5720 5
943 7107 4
943 8937 4
943 3026 1
943 8426 4
943 6280 4
943 8938 4
943 7037 3
943 7893 5
943 6502 5
943 7480 4
943 7292 5
943 4352 4
943 728 3
943 7684 5
943 7512 4
943 1650 5
943 1665 5
943 8939 5
943 6667 5
943 4363 5
943 4103 5
943 1673 4
943 2884 5
943 633 4
943 4169 5
943 781 5
943 411 4
943 8940 4
943 8941 5
943 6833 5
943 442 5
943 8942 5
943 8943 5
943 8944 3
943 2037 4
943 3345 5
943 8945 5
943 5144 5
943 6828 5
943 2247 5
943 5686 5
943 3440 5
943 1927 5
943 8946 4
943 5140 5
944 4385 4
944 8947 5
944 1567 1
944 206 5
944 8752 5
944 4402 3
944 2077 5
944 1912 5
944 291 5
944 7303 5
944 8948 5
944 7042 5
944 8949 4
944 6680 5
944 1811 5
944 1395 5
944 2651 5
944 7609 4
944 1925 5
944 8950 5
944 6050 4
944 7994 5
944 1165 4
944 832 5
944 3968 4
944 712 4
944 3263 5
944 8467 4
944 8380 5
944 8951 5
944 1939 4
944 998 4
944 3000 4
944 258 3
944 104 5
944 1278 4
944 312 5
944 8952 4
944 706 4
944 2959 4
944 1963 3
944 6400 4
944 4562 5
944 4393 4
944 1355 4
944 1673 3
944 1408 5
944 574 1
944 220 5
944 4722 5
944 6688 3
945 6820 2
945 3306 5
945 3728 4
945 8953 5
945 5476 2
945 3232 3
945 1332 5
945 1303 5
945 4243 2
945 8092 4
945 1415 5
945 4135 5
945 5412 2
945 2909 1
945 1771 5
945 1902 4
945 6038 5
945 3174 5
945 3525 4
946 1607 3
946 1650 3
946 1963 3
946 8954 5
946 700 3
946 4935 3
946 1890 5
946 8955 5
946 977 3
946 3220 3
946 3687 5
946 3406 4
946 1665 3
946 313 1
946 2381 3
946 2384 5
946 2403 5
946 1308 5
946 4889 5
946 1367 5
946 941 4
946 2694 3
946 992 5
946 934 5
946 1972 5
946 6277 5
946 1052 3
946 8956 4
946 7781 2
946 1673 2
946 8446 5
946 1718 2
946 2962 5
946 7745 4
946 4058 5
946 8957 5
946 5325 5
946 521 4
946 3277 5
946 1054 5
946 3380 4
946 2453 4
946 6924 3
946 4825 5
946 3198 4
946 756 3
946 276 4
946 8958 5
946 5931 5
946 1067 5
946 1095 4
946 7483 3
946 2495 5
946 7561 4
946 1921 5
946 4805 5
946 1884 1
946 4511 5
946 3123 3
946 952 5
946 211 5
946 8289 4
946 8959 4
946 660 3
946 196 3
946 5018 5
946 7715 5
946 7889 5
946 3474 5
946 8609 4
946 3388 5
946 4383 5
946 7366 4
946 8308 4
946 8960 4
946 1505 5
946 6491 4
947 7424 5
947 1662 5
947 3220 5
947 6489 5
947 6814 4
947 3298 5
947 4992 4
947 8961 4
947 36 5
947 1263 4
947 5295 5
947 2845 5
947 8962 5
947 3690 5
948 312 5
948 1219 5
948 3263 5
948 4722 5
948 1275 5
948 1332 5
948 6544 5
948 8963 4
948 8908 4
948 8964 3
948 164 4
948 8965 5
949 1395 2
949 196 4
949 792 2
949 305 1
949 2526 3
949 762 1
949 8250 3
949 2935 5
949 623 2
949 1581 2
949 8901 5
949 7931 4
949 1275 1
949 309 3
949 934 2
949 8966 5
949 741 5
949 290 5
949 1486 5
949 8967 2
949 258 2
949 738 2
949 1217 3
949 8968 4
949 313 3
949 1978 3
949 323 4
949 8967 5
949 706 5
949 3002 3
949 5197 5
949 1965 3
949 5843 4
949 4393 4
949 1972 3
949 1974 2
949 5220 4
949 5000 4
949 1049 4
949 327 3
949 660 3
949 8057 3
949 8969 5
949 6640 3
949 1467 4
949 1442 5
949 759 3
949 673 3
949 712 3
949 1393 3
949 732 3
949 772 4
949 3263 5
949 832 3
949 1278 4
949 8805 3
949 704 2
949 6424 1
949 288 1
949 3950 5
949 5793 3
949 276 5
949 8970 5
949 1312 5
949 5412 2
950 2526 5
950 8120 4
950 3678 5
950 623 5
950 2486 4
950 4474 5
950 7642 4
950 7284 5
950 6301 4
950 8971 4
950 6710 4
950 6976 4
950 7931 5
950 3729 4
950 7784 5
950 3639 5
950 7517 4
950 4391 3
950 5449 4
950 4291 5
950 628 4
950 6944 4
950 6536 2
950 1926 5
950 4720 3
950 3256 5
950 3456 4
950 8972 5
950 196 5
950 8252 5
950 3198 5
950 772 3
950 3703 4
950 8973 5
950 695 2
950 1963 4
950 3570 5
950 1650 4
950 8974 5
950 759 2
950 1355 4
950 2955 5
950 276 4
950 25 5
950 8382 4
950 792 4
950 1278 5
950 7477 4
950 626 5
950 258 4
950 8348 3
950 8975 5
950 290 5
950 762 3
950 6964 5
950 712 4
950 1395 3
950 7525 5
950 104 3
950 4305 5
950 7493 5
950 7492 4
950 6284 4
950 1362 5
950 6844 4
950 313 5
950 323 4
950 2001 4
950 8976 5
950 8977 5
950 8924 5
950 609 5
950 5786 5
950 309 5
950 706 5
950 5596 4
950 8383 5
950 728 4
950 733 5
951 258 5
951 1665 4
951 4285 5
951 4496 5
951 196 4
951 4223 3
951 1501 3
951 28 5
951 288 4
951 313 5
951 710 5
951 3002 5
951 759 5
951 1968 4
951 276 4
951 1772 5
951 772 4
951 650 4
951 323 2
951 695 4
951 8724 2
951 1754 5
951 656 2
951 728 3
952 728 3
952 308 5
952 673 1
952 661 5
952 276 1
953 7932 5
953 6240 5
953 2496 5
953 3707 1
953 4085 5
953 3708 5
953 6600 5
953 534 4
953 498 4
953 2604 5
953 6603 5
953 6409 5
953 6119 5
953 762 5
953 4946 5
953 6841 1
953 2443 5
953 4717 5
953 8978 5
953 8581 5
953 7463 5
953 5538 5
953 2751 3
953 8629 5
953 2664 5
953 3647 3
953 3814 5
953 4489 5
953 8979 5
953 8980 5
953 8981 4
953 1894 5
953 6027 5
953 8011 5
953 5382 5
953 1030 5
953 5910 2
953 7396 4
953 4169 5
953 3090 5
953 862 5
953 1127 5
953 6675 5
953 104 5
953 1681 5
953 1677 1
953 323 5
953 4057 5
953 258 5
953 1535 5
953 7466 5
953 2959 5
953 7194 5
953 6076 4
953 5803 5
953 2397 3
953 3981 5
953 52 5
953 173 5
953 1939 5
953 7525 5
953 1332 5
953 1648 5
953 8887 5
953 210 5
953 4821 5
953 1262 5
953 3132 4
953 4496 5
953 772 5
953 6173 4
953 276 5
953 77 5
953 1454 5
953 113 5
953 1202 5
953 6328 5
953 980 5
953 8982 5
953 508 5
953 1656 5
953 2091 5
953 1693 5
953 732 5
953 6844 5
953 2696 5
953 3465 4
953 8815 5
953 6965 5
953 3000 5
953 1084 5
953 8460 5
953 6666 5
954 8564 4
954 4119 4
954 1673 2
954 8422 3
954 594 4
954 8465 3
954 8983 5
954 309 5
954 449 1
954 470 1
954 4728 4
954 5644 3
954 5795 2
954 1972 3
954 671 3
954 706 5
954 1272 5
954 728 1
954 1395 2
954 832 5
954 714 5
954 830 5
954 707 2
954 1988 5
954 3121 5
954 7540 1
954 5626 5
954 3561 5
954 704 5
954 5487 5
954 3088 5
954 650 5
954 3708 4
954 1774 5
954 276 5
954 3000 5
954 762 5
954 3658 3
954 4688 5
954 716 5
954 735 5
954 1355 5
954 1332 4
954 712 4
954 7933 1
954 217 5
954 5114 5
954 1682 4
954 829 4
954 8958 5
954 1832 4
954 1278 5
954 710 5
954 1989 4
954 288 1
954 1328 4
954 699 5
954 1881 3
954 740 5
954 1335 5
954 278 5
954 258 5
954 732 5
954 8984 3
954 772 5
954 312 5
954 3098 1
954 5154 5
954 574 1
954 741 5
954 4251 5
954 844 5
954 843 5
954 4280 5
954 196 5
954 739 5
954 1275 1
954 4287 1
954 2980 5
954 4103 1
954 1412 5
954 313 5
954 104 5
954 738 5
954 1397 5
954 5235 3
954 211 5
954 323 5
954 3555 1
954 8973 5
954 6560 3
954 792 5
954 759 5
954 1995 4
954 734 5
955 948 5
955 1887 5
955 1665 5
955 8985 2
955 1794 3
955 1795 5
955 205 5
955 8382 5
955 851 5
955 2042 2
955 1681 4
955 1408 5
955 6783 3
955 8986 5
955 8987 3
955 8988 2
955 8989 5
955 3283 3
955 1301 5
956 3311 3
956 8990 4
956 2040 4
956 1576 3
956 7684 4
956 8101 4
956 239 5
956 5678 3
956 49 4
956 208 5
956 1153 5
956 6446 2
956 147 5
956 766 5
956 51 4
956 288 5
956 1392 4
956 8991 5
956 1874 2
956 4207 4
956 728 5
956 6424 1
956 258 5
956 1275 5
956 8992 4
956 313 5
956 7542 5
956 323 5
956 2499 3
956 832 5
956 673 5
956 718 5
956 1667 5
956 4239 4
956 734 5
956 1277 5
956 276 5
956 305 5
956 6766 4
956 1981 5
956 699 5
956 28 5
956 751 5
956 309 5
956 2751 4
956 4280 5
956 1864 4
956 8993 1
956 8417 4
957 1952 5
957 6210 5
957 4496 5
957 1682 4
957 738 4
957 1395 4
957 323 4
957 8994 5
957 288 5
958 5861 5
958 2802 4
958 1962 5
958 829 4
958 5713 5
958 6850 5
958 732 4
959 7564 3
959 7592 2
959 6741 3
959 6743 2
959 7694 4
959 5895 4
959 5899 4
959 6529 4
959 1789 5
959 6528 5
959 2024 3
959 7180 4
959 6715 5
959 6507 5
959 8143 2
959 8995 4
959 7877 3
959 8705 5
959 2028 4
959 5965 4
959 4426 4
959 940 5
959 8996 3
959 6799 3
959 5162 5
959 8814 2
959 1799 3
959 3044 4
959 7218 4
959 2088 5
959 2387 4
959 7847 3
959 8997 5
959 2022 4
959 8187 2
959 2895 4
959 788 2
959 750 4
959 8998 4
959 4470 3
959 8044 5
959 809 5
959 7610 5
959 7227 4
959 976 4
959 2204 4
959 2257 4
959 5947 2
959 6306 4
959 8854 2
959 6689 4
959 6407 2
959 2030 5
959 2234 2
959 7095 4
959 2213 2
959 7603 4
959 7755 4
959 6244 5
959 6295 4
959 2368 4
959 2361 2
959 7084 5
959 6325 5
959 6887 4
959 7891 3
959 7605 5
959 6410 3
959 8999 4
959 2984 3
959 7949 5
959 7265 4
959 7360 2
959 2345 4
959 2035 1
959 6302 1
959 2278 5
959 7987 4
959 6411 4
959 2171 4
959 7621 5
959 6925 4
959 8708 2
959 2248 2
959 6310 5
959 2172 3
959 5964 4
959 7835 2
959 7797 4
959 7088 4
959 2369 3
959 2069 5
959 7653 5
959 4460 4
959 5961 5
959 9000 5
959 8251 2
959 4329 3
959 8014 3
959 4866 2
959 5892 2
959 8018 5
959 7704 4
959 2057 4
959 7283 4
959 6897 5
959 1839 4
959 9001 2
959 7821 3
959 2257 4
959 439 2
959 7360 2
959 8036 4
959 3187 5
959 7359 2
959 2003 4
959 6893 5
959 8555 5
959 2446 2
959 5669 1
959 9002 3
959 7079 4
959 3729 3
959 707 3
959 5941 4
959 6483 3
959 6031 4
959 7830 5
959 12 4
959 7815 3
959 7220 4
959 4508 1
959 7996 2
959 7094 1
959 8089 5
959 8189 1
959 2962 4
959 7118 5
959 6093 2
959 2817 2
959 470 1
959 3513 5
959 6300 5
959 6735 2
959 539 3
959 7104 5
959 6046 5
959 2477 2
959 6338 4
959 3287 4
959 2483 3
959 968 4
959 2406 3
959 9003 4
959 7435 2
959 493 5
959 2475 5
959 8123 3
959 4868 4
959 2489 4
959 7075 5
959 6296 4
959 7895 4
959 9004 2
959 7242 4
959 7894 3
959 7929 4
959 9005 5
959 6467 3
959 4093 4
959 4199 5
959 2823 4
959 3513 5
959 2372 2
959 490 3
959 2059 4
959 8182 4
959 4257 3
959 2796 3
959 8867 3
959 9006 5
959 3588 3
959 826 5
959 8119 2
959 2617 4
959 5015 4
959 7358 5
959 8382 3
959 6072 4
959 5726 4
959 3266 4
959 7775 5
959 6461 5
959 9007 1
959 4941 4
959 9008 5
959 9009 4
959 6352 5
959 6256 4
959 8383 5
959 7689 4
959 3536 4
959 5011 3
959 2843 5
959 7356 5
959 9010 4
959 1282 1
959 1661 4
959 1993 1
959 4040 5
959 9011 5
959 8030 3
959 3594 3
959 9012 2
959 7067 4
959 6304 5
959 8594 4
959 9013 4
959 4108 4
959 1718 3
959 1342 2
959 9014 2
959 2677 5
959 287 5
959 7705 4
959 9015 5
959 154 5
959 9016 2
959 4080 5
960 3456 5
960 1872 5
960 3654 4
960 653 2
960 3182 4
960 3074 5
960 2968 4
960 39 4
960 1649 5
960 196 3
960 97 5
960 1769 4
960 7318 4
960 1990 5
960 8593 4
960 5758 4
960 848 1
960 7520 5
960 1334 4
960 772 5
960 1927 4
960 790 3
960 808 4
960 1767 5
960 822 5
960 728 5
960 1408 5
960 3880 5
960 2010 5
960 7328 3
960 9017 1
960 814 4
960 2494 5
960 8785 5
960 3712 4
960 4031 4
960 4397 4
960 7599 5
960 3435 5
960 1416 4
960 6050 5
960 8054 5
960 9018 5
960 7395 4
960 9019 5
960 1070 5
961 6259 5
961 1226 1
961 6761 5
961 661 5
961 217 4
961 6598 5
961 3002 5
961 739 2
961 104 5
961 7756 5
961 712 5
961 3011 5
961 732 5
961 759 5
961 772 5
961 609 5
961 738 5
961 706 5
961 3062 5
961 9020 5
961 258 5
961 728 5
961 710 5
961 1395 5
961 323 5
961 832 5
961 2318 5
961 276 5
961 288 4
961 4099 4
961 28 5
961 740 5
961 735 5
961 829 5
961 792 5
961 762 5
961 313 5
961 8428 5
961 4072 1
961 196 4
961 312 1
961 1019 5
961 9021 5
961 3882 5
961 3322 5
961 4975 5
962 196 4
962 8381 4
962 829 4
962 9022 5
962 3533 5
962 5504 5
962 2831 4
963 323 4
963 8976 4
963 832 5
963 2900 5
963 28 5
963 5970 5
963 3238 4
964 9023 3
964 9024 4
964 1682 5
964 3556 5
964 9025 4
965 4574 5
965 4167 5
965 8296 5
965 3146 5
965 3025 2
965 2982 5
965 67 4
965 61 5
965 4215 5
965 4661 5
965 6823 5
965 8521 5
965 8766 5
965 323 3
965 2018 5
965 253 5
965 65 5
965 8745 4
965 276 5
965 9026 5
965 4023 5
965 9027 5
965 829 5
965 58 5
965 1730 5
965 1360 5
965 2716 5
965 8347 5
965 193 5
965 135 5
965 4053 5
965 1638 5
965 4157 5
965 737 5
965 773 5
965 1312 5
965 2405 5
966 8575 4
966 9028 4
966 7257 5
967 8934 1
967 7979 5
967 5724 1
967 9029 4
967 390 3
967 9030 5
967 3220 3
967 8329 2
967 8810 2
967 6717 5
967 5726 5
967 832 5
967 3541 5
967 1353 5
967 7892 2
967 732 5
967 741 5
967 5370 5
967 4728 5
968 1609 2
968 2507 5
968 8692 3
968 7387 4
968 4702 4
968 9031 4
968 4187 5
968 516 5
968 2802 3
968 6094 4
968 6101 3
968 4424 4
968 1636 3
968 7183 4
968 4425 4
968 8391 4
968 8325 4
968 3572 5
968 3399 4
968 8825 3
968 5969 5
968 9032 5
969 5260 5
969 8773 5
969 170 4
969 5665 1
969 64 5
969 9033 3
969 9034 5
969 8531 5
969 3081 5
969 7956 5
969 4331 4
969 4296 5
969 9035 4
970 8712 5
970 9036 5
970 8991 5
970 1963 1
970 1939 4
970 276 5
970 2452 4
970 8201 5
970 3002 5
970 258 3
970 1965 1
970 3442 5
970 739 5
970 4653 5
970 104 3
970 832 5
970 762 5
970 316 4
971 9037 5
971 1908 4
971 1351 2
971 8084 3
971 9003 4
971 9038 4
971 1693 4
971 1755 4
972 9039 5
972 538 5
972 8296 5
972 7510 5
972 4669 4
972 9040 5
972 323 3
973 7247 4
973 7671 4
973 8106 5
973 111 5
973 4910 5
973 1973 5
973 9041 1
973 39 5
973 7463 5
973 8992 5
973 7558 5
973 6419 5
973 52 5
973 3456 2
973 106 4
973 124 5
973 220 5
973 9042 4
973 8980 5
973 9043 4
974 4689 5
974 3382 5
974 3687 4
974 5724 1
974 3222 5
974 8386 1
974 4097 5
974 3532 3
974 5642 4
975 2077 4
975 635 5
975 9044 5
975 2542 5
975 2878 5
975 2886 5
975 8893 4
975 7651 4
975 1897 5
975 1902 5
975 740 5
975 8807 4
975 8707 2
975 8901 1
975 9045 5
975 7654 4
975 9046 5
976 6775 4
976 4252 4
976 9047 4
976 814 5
976 6246 3
976 243 5
976 7571 5
976 7412 3
976 2009 5
976 3627 3
976 2163 4
976 3204 4
976 3037 1
976 9048 4
976 398 5
976 954 5
976 6142 1
976 2520 3
976 352 3
976 4427 3
976 695 3
976 351 2
976 8107 5
976 2977 3
976 4726 5
976 7876 4
976 7392 4
976 1576 4
976 7147 4
976 6662 4
976 8877 4
976 582 5
976 9049 4
976 4057 2
976 8795 4
976 9050 5
976 3000 5
976 495 4
976 2364 3
976 9051 4
976 526 5
976 9052 4
976 3085 5
976 3972 3
976 661 3
976 3533 5
976 4935 2
976 6184 2
976 628 3
976 9053 1
976 4506 5
976 288 3
976 433 3
976 9054 2
976 323 5
976 1994 5
976 3166 2
976 1963 3
976 759 1
976 772 4
976 2642 5
976 2980 3
976 7414 4
976 164 5
976 2747 5
976 276 5
976 9055 5
976 2968 1
976 4061 4
976 5154 1
976 660 3
976 1881 2
976 843 3
976 4723 1
976 832 5
976 346 5
976 3590 4
976 4515 3
976 1277 5
976 2290 4
976 2655 1
976 704 3
976 678 3
976 5081 5
976 211 5
976 609 5
976 4972 5
976 104 5
976 196 3
976 309 5
976 728 3
976 1306 1
976 9056 4
977 9057 5
977 2034 5
977 9058 5
977 79 4
977 875 5
977 7077 4
977 44 4
977 7561 4
977 1585 5
977 7382 5
977 42 5
977 6389 4
977 3000 5
977 3849 1
977 7750 5
977 3035 4
977 8256 5
977 313 5
977 288 5
977 4370 4
977 783 4
977 5180 4
977 832 4
977 7126 2
977 762 3
977 4339 5
977 9059 5
978 567 5
978 355 4
978 505 4
978 3981 4
978 1833 3
978 3979 3
978 1448 5
978 390 2
978 1054 4
978 9060 4
978 1339 4
978 493 3
978 2545 3
978 2414 4
978 406 4
978 553 3
978 2460 3
978 548 4
978 7447 4
978 2544 4
978 5626 2
978 2503 2
978 8168 4
978 2265 3
978 6369 4
978 9061 3
978 2280 3
978 2689 4
978 278 5
978 2432 4
978 1853 4
978 550 5
978 1299 4
978 3132 3
978 5085 4
978 518 4
978 5934 3
978 1518 4
978 2658 2
978 4530 5
978 6821 4
978 2209 4
978 1404 4
978 3035 4
978 1360 3
978 9062 3
978 3275 4
978 2418 4
978 2928 3
978 1053 4
978 9063 4
978 1469 4
978 8847 4
978 465 4
978 2235 4
978 2113 4
978 9020 4
978 188 5
978 1832 4
978 4840 4
978 2716 4
978 739 1
978 8283 4
978 7148 4
978 8278 4
978 660 1
978 2355 5
978 4259 4
978 735 5
978 323 1
978 9064 4
978 3451 4
978 1682 5
978 901 4
978 1908 4
978 740 1
978 814 3
978 1766 5
978 2655 1
978 1842 3
978 9065 4
978 832 1
978 2420 4
978 9066 4
978 714 4
978 1341 4
978 8458 4
978 2338 4
978 7403 4
978 1373 4
978 1277 1
978 4248 3
978 759 1
978 2230 4
978 488 4
978 1694 3
978 941 4
978 2412 4
978 8112 4
978 3442 4
978 2524 4
978 9067 2
978 9068 4
978 8348 2
978 104 1
978 488 4
978 540 4
978 732 1
978 9069 3
978 474 5
978 8910 4
978 3393 4
978 2645 3
978 9070 4
978 4252 4
978 338 3
978 6147 4
978 9071 3
978 3037 3
978 9003 4
978 4692 5
978 539 3
978 3815 5
978 9072 4
978 8410 5
978 514 3
978 2665 5
978 2243 5
978 362 5
978 3380 2
978 2241 4
978 400 4
978 3632 3
978 8835 4
978 6931 4
978 1085 4
978 4551 4
978 6861 4
978 3039 5
978 1332 5
978 9073 5
978 3036 4
979 4528 5
979 9074 4
979 305 2
979 3000 5
979 9075 5
979 1675 5
979 9076 5
979 1711 5
980 323 5
980 1897 5
980 1649 5
980 3425 5
981 2771 4
981 7699 4
981 8483 5
981 7183 5
981 8188 3
981 7174 4
981 9077 3
981 7231 3
981 2234 4
981 7790 1
981 6310 3
981 7229 3
981 6710 4
981 2849 4
981 1885 4
981 3513 3
981 7028 1
981 2790 4
981 6723 3
981 2486 5
981 2800 5
981 2786 4
981 6350 3
981 6808 4
981 7360 1
981 3652 4
981 615 5
981 2768 4
981 3920 1
981 850 5
981 6254 5
981 9078 4
981 7252 5
981 1918 5
981 3266 3
981 3644 4
981 7756 2
981 6100 5
981 2793 1
981 4370 4
981 4329 5
981 2805 1
981 189 1
981 2814 4
981 6068 1
981 7946 4
981 7775 2
981 8802 3
981 7407 5
981 7354 4
981 3189 5
981 9007 2
981 8971 5
981 9079 5
981 2829 5
981 832 1
981 6100 3
981 1547 5
981 85 5
981 6263 5
981 1800 5
981 9080 5
981 4067 5
981 1931 5
981 191 5
981 1912 5
981 7596 5
981 8104 4
981 3009 5
981 7721 4
981 1906 5
981 5795 4
981 2806 5
981 2495 4
981 206 5
981 3894 5
981 1850 4
981 4435 5
981 2971 5
981 223 5
981 3988 5
981 2807 4
981 235 3
981 1750 4
981 2257 5
981 146 5
981 5978 2
981 1925 5
981 5827 5
981 204 5
981 9081 4
981 6175 4
981 4486 5
981 4025 4
981 6719 3
981 7769 4
981 8029 5
981 3705 4
981 4514 5
981 7801 5
982 28 3
982 196 3
982 832 3
982 288 3
982 7719 5
982 1312 4
983 1883 5
983 8581 5
983 309 5
983 3888 5
983 8535 5
983 6807 5
983 7181 5
983 258 3
983 312 5
983 323 5
983 313 5
983 8910 5
983 7176 5
983 732 4
983 9082 3
983 832 5
983 104 1
983 5351 4
983 9083 5
983 9084 3
983 7803 5
983 109 5
984 284 3
984 5239 5
984 312 3
984 9085 4
984 9086 4
984 3403 5
984 4117 5
984 728 3
984 5683 4
984 2996 5
984 832 1
984 740 5
984 829 2
984 28 4
984 33 4
984 1964 5
984 309 3
984 2494 5
984 1936 5
984 710 3
984 2144 4
984 1393 2
984 276 5
984 699 3
984 3335 5
984 327 5
984 9087 2
984 6697 5
984 2957 3
984 2767 3
984 3063 5
984 4176 4
984 174 5
984 104 5
984 3263 5
984 762 5
984 100 5
984 3000 5
984 772 5
984 323 3
984 9088 3
984 241 4
984 9089 5
984 948 5
984 8046 5
984 8493 5
985 934 4
985 167 5
985 1963 2
985 258 5
985 104 5
985 673 5
985 1774 1
985 4006 5
985 174 5
985 732 5
985 762 5
985 1395 5
985 710 1
985 323 1
985 1278 5
985 4074 3
985 5092 4
985 4673 1
985 5135 5
985 8631 5
985 4958 5
986 9006 5
986 4253 5
986 3897 5
986 3452 5
986 8956 4
986 3548 5
986 3556 5
986 9090 5
986 3000 5
986 3263 5
986 3728 4
986 9091 4
987 704 5
987 3028 5
987 925 4
987 8380 5
987 732 3
987 3263 5
987 1964 4
987 1536 4
987 7805 5
987 1029 5
987 973 5
987 56 5
988 1277 5
988 309 4
988 104 4
988 4932 1
988 9092 5
989 1565 5
989 7579 5
989 6115 5
989 6085 5
989 4689 5
989 934 5
989 1560 5
989 3256 5
989 2940 5
989 5483 5
989 646 4
989 2959 2
989 5145 5
989 1137 5
989 762 5
989 9093 2
989 9094 5
989 9053 3
989 6131 5
989 5731 5
989 4872 5
989 231 5
989 9095 3
989 2744 5
989 8271 5
989 948 5
989 7426 5
989 9096 5
989 6970 5
989 9097 5
989 9098 5
989 1266 5
989 9099 4
989 6186 4
989 9100 5
989 5454 5
989 7597 5
989 1516 5
989 7390 5
989 4323 5
989 2843 5
989 6706 5
989 1365 5
989 9101 5
989 7688 5
989 8362 5
989 210 5
989 4306 5
989 4935 5
989 2048 5
989 1691 5
989 9102 5
989 1730 4
989 9103 5
989 5000 5
989 159 5
989 327 4
989 3687 5
989 7486 4
989 9104 4
989 6837 5
989 4056 4
989 5865 5
989 2970 5
989 3103 5
989 7440 5
989 7438 5
989 2062 5
989 323 5
989 276 5
989 6379 5
989 9105 4
989 104 5
989 288 5
989 1395 5
989 258 5
989 313 5
989 6664 5
989 28 5
989 792 5
989 909 5
989 913 1
989 9106 5
989 312 1
989 832 5
989 732 5
989 766 1
989 678 5
989 211 1
989 1403 1
989 843 4
989 1441 4
989 5226 5
989 7992 1
989 9107 5
989 1902 5
989 1983 5
989 4902 3
989 9108 3
989 3309 5
990 7654 5
990 8558 5
990 6291 5
990 6362 5
990 2034 5
990 1903 5
990 3328 5
990 28 5
990 640 1
990 741 5
990 1773 5
990 6618 5
990 2475 4
990 6708 5
990 3658 5
990 1638 5
990 7152 5
990 673 5
990 1277 5
990 999 4
990 653 5
990 5925 5
990 7719 4
990 7019 5
990 163 5
990 9109 5
990 3273 5
990 9110 4
990 6199 5
990 8427 1
990 313 4
990 6837 5
990 4112 5
990 671 4
990 104 5
990 1419 5
990 609 5
990 656 5
990 6932 5
990 699 5
990 309 5
990 728 5
990 3646 5
990 5694 5
990 7842 5
990 5706 4
991 9111 2
991 2353 5
991 7772 5
991 772 3
991 738 4
991 4948 5
991 762 5
991 196 5
991 565 3
991 829 3
991 258 5
991 5634 4
991 9112 5
991 313 3
991 124 5
991 1666 5
991 5063 5
991 8586 4
991 9113 5
991 3587 4
991 8966 3
991 1217 5
991 9114 5
991 728 3
991 695 5
991 4813 5
992 728 1
992 792 1
992 1733 5
992 5956 5
992 4778 5
992 3539 1
992 2911 4
992 2995 3
992 6674 5
992 8694 5
992 4113 5
992 7862 5
992 2405 4
992 5615 5
992 1275 1
992 1301 4
992 2597 4
992 1352 5
992 3573 4
992 9115 5
992 9116 3
992 571 5
992 569 4
992 9117 5
992 7976 5
992 4156 3
992 6755 5
992 4691 5
992 2701 5
992 9118 1
993 98 5
993 288 5
993 5819 2
993 313 5
993 53 5
993 3000 5
993 1939 5
993 1648 5
993 9119 5
993 9120 5
993 732 3
993 9121 5
993 5409 5
993 164 5
993 9122 5
993 609 5
993 1387 5
993 6948 4
993 6182 5
994 9005 5
994 787 3
994 8013 5
994 6139 5
994 1918 5
994 197 4
994 4829 5
994 3979 5
994 9123 5
994 8478 2
994 1577 5
994 780 4
994 1438 2
994 2002 5
994 104 4
994 2470 5
994 7480 5
994 245 5
994 3263 5
994 699 4
994 1332 4
994 3975 5
995 102 5
995 2730 5
995 4697 5
995 4377 5
995 4810 3
996 7063 3
996 9124 4
996 3248 5
996 1623 5
996 1934 5
996 9125 5
996 6840 4
996 1917 5
996 8046 4
996 4538 5
996 9126 3
996 977 4
996 2431 4
996 6814 4
996 5560 4
996 3752 5
996 7513 5
996 3444 5
996 236 5
996 612 3
996 9127 4
996 9128 5
996 9129 5
996 1315 3
996 7323 4
997 2625 3
997 6041 4
997 1073 5
997 152 2
997 5706 5
997 2631 3
997 5310 1
997 9130 1
997 1714 4
997 2657 5
997 3512 4
997 4688 5
997 2924 5
997 2153 5
997 722 5
997 4101 5
997 664 5
997 4865 5
997 4821 3
997 759 5
997 4362 5
997 1275 1
997 4534 2
997 217 5
997 792 5
997 715 3
997 826 4
997 2425 5
997 5117 3
997 8360 4
997 772 1
997 671 3
997 1219 5
997 433 2
997 1310 4
997 609 5
997 699 5
997 288 5
997 1981 5
997 704 5
997 683 2
997 1993 1
997 323 5
997 832 5
997 762 5
997 732 5
997 104 5
997 8954 2
997 741 5
997 829 5
997 1395 5
997 309 5
997 4158 1
997 1278 5
997 713 1
997 4781 5
997 196 3
997 706 5
997 313 5
997 312 5
997 1277 5
997 5001 5
997 9131 5
997 1421 1
997 7940 1
997 2318 5
997 461 3
997 9064 5
997 9132 2
997 9133 4
997 1067 5
997 1060 3
997 3878 1
997 9134 5
997 2749 2
997 9135 1
997 1055 1
997 8779 1
997 7188 1
997 1522 1
997 7920 1
998 4072 5
998 8064 5
998 7800 5
998 2904 5
998 4754 5
998 8861 5
998 891 5
999 8676 4
999 8852 5
999 6550 5
999 9136 5
999 6766 4
999 9137 5
999 9138 5
999 9139 5
999 7711 5
999 614 4
999 1661 3
999 9140 5
999 8546 5
999 8423 4
999 9141 5
999 9142 5
999 6251 3
999 9143 5
999 6760 3
999 1641 4
999 121 4
999 2705 5
999 8011 4
999 109 4
999 4880 5
999 1669 5
999 5803 4
999 5433 4
999 8378 4
999 139 5
999 312 3
999 9144 4
999 9145 4
999 9139 5
999 9146 4
999 3458 5
1000 3254 5
1000 609 1
1000 1023 5
1000 3199 5
1000 679 5
1000 188 4
1000 8816 4
1000 6719 5
1000 4726 4
1001 5680 5
1001 1331 3
1001 164 4
1001 9147 5
1001 4719 4
1001 3000 5
1001 3553 5
1001 4496 5
1001 3983 4
1001 9148 5
1001 5491 5
1001 309 1
1001 9149 5
1001 3936 4
1001 1467 1
1002 7416 4
1002 6087 4
1002 3359 2
1002 877 5
1002 313 4
1002 323 4
1002 1274 4
1002 766 5
1002 3708 5
1002 9150 4
1002 975 5
1002 836 4
1002 309 4
1002 8059 5
1002 9047 4
1002 866 4
1002 9151 5
1002 1891 4
1002 3923 2
1002 905 4
1002 9152 4
1003 3006 4
1003 5726 5
1003 772 4
1003 6424 4
1003 1732 4
1003 274 4
1003 5791 4
1003 3456 5
1003 3333 4
1003 7673 5
1003 7710 5
1003 9153 5
1003 1882 5
1003 3263 5
1004 741 5
1004 9059 4
1004 258 5
1004 158 4
1004 7789 5
1004 6060 4
1004 706 5
1004 8556 5
1004 313 5
1004 813 3
1004 4208 4
1004 762 5
1004 104 5
1004 832 5
1004 1305 5
1004 7946 4
1004 196 5
1004 323 5
1004 5910 3
1004 3504 5
1004 276 4
1004 2677 5
1004 122 4
1004 28 4
1004 2117 4
1004 3395 4
1005 5896 1
1005 6744 2
1005 2316 2
1005 8618 2
1005 2337 3
1005 624 3
1005 357 4
1005 2539 1
1005 2356 3
1005 392 4
1005 617 2
1005 627 4
1005 2104 3
1005 458 3
1005 2120 3
1005 6827 4
1005 2328 2
1005 440 4
1005 1134 3
1005 1132 4
1005 2622 3
1005 5722 3
1005 2394 2
1005 358 2
1005 2560 4
1005 1172 4
1005 2446 5
1005 8811 1
1005 5100 3
1005 534 3
1005 6271 4
1005 2350 4
1005 1879 5
1005 2556 3
1005 508 4
1005 719 4
1005 9154 5
1005 9155 4
1005 2443 2
1005 3225 4
1005 464 2
1005 1255 4
1005 8002 3
1005 2594 5
1005 2894 4
1005 2678 2
1005 5207 2
1005 6795 5
1005 3814 4
1005 9156 5
1005 5720 5
1005 6511 3
1005 3486 3
1005 2667 2
1005 7847 5
1005 5144 2
1005 9157 2
1005 4605 5
1005 1707 4
1005 8249 3
1005 8810 5
1005 2442 2
1005 9158 3
1005 433 4
1005 4541 5
1005 9159 4
1005 2420 4
1005 6024 2
1005 564 3
1005 3485 3
1005 9160 4
1005 1854 5
1005 2292 4
1005 1299 4
1005 348 5
1005 6906 3
1005 9161 4
1005 559 4
1005 2016 4
1005 6008 5
1005 2617 2
1005 2654 5
1005 7054 5
1005 2245 4
1005 1269 4
1005 5757 4
1005 530 5
1005 707 3
1005 4257 3
1005 553 4
1005 722 5
1005 9162 5
1005 9163 3
1005 8879 4
1005 444 5
1005 1231 3
1005 4252 3
1005 9164 5
1005 778 3
1005 8910 4
1005 9165 4
1005 9166 3
1005 9167 5
1005 757 5
1005 2910 4
1005 9168 4
1005 749 4
1005 548 4
1005 1643 3
1005 3761 4
1005 1832 4
1005 4254 3
1005 4865 3
1005 843 3
1005 661 3
1005 5758 5
1005 1876 4
1005 9169 3
1005 5102 5
1005 713 5
1005 2655 3
1005 6510 3
1005 3352 5
1005 5214 5
1005 3979 3
1005 837 5
1005 4249 4
1005 2630 3
1005 4026 4
1005 4163 4
1005 4835 2
1005 6821 5
1005 9066 3
1005 490 3
1005 9170 5
1005 9171 4
1005 4367 3
1005 2280 2
1005 9172 3
1005 4839 4
1005 4697 4
1005 4157 3
1005 334 4
1005 4022 4
1005 9173 4
1005 9054 3
1005 2296 4
1006 1117 5
1006 1302 4
1006 576 5
1006 2210 5
1006 8139 4
1006 458 5
1006 7269 3
1006 2353 5
1006 2210 5
1006 3146 4
1006 5233 4
1006 4566 5
1006 9174 4
1006 3332 4
1006 7886 3
1006 9175 3
1006 9176 4
1006 291 5
1006 9177 5
1006 9178 5
1006 2424 5
1006 5212 5
1006 2193 4
1006 66 3
1006 9179 5
1006 9180 5
1006 4872 5
1006 2876 5
1006 4607 4
1006 9181 3
1006 2241 4
1006 1774 5
1006 1278 5
1006 9182 4
1006 1331 5
1006 196 5
1006 9183 4
1006 766 5
1006 258 5
1006 3617 1
1006 3814 4
1006 1509 4
1006 4908 3
1006 1377 4
1006 4985 4
1006 4520 4
1006 706 3
1006 6487 1
1006 5603 4
1006 762 5
1006 20 5
1006 710 3
1006 4897 4
1006 5221 3
1006 9184 4
1006 1982 5
1006 8509 4
1006 2979 1
1006 1727 4
1006 7142 4
1006 6524 4
1006 6708 4
1006 4613 5
1006 6215 4
1006 9185 5
1006 1601 1
1006 1629 4
1006 787 1
1006 8075 4
1006 540 4
1006 640 1
1006 6048 5
1006 7590 5
1006 832 5
1006 728 5
1006 271 4
1006 9186 4
1006 312 4
1006 3000 5
1006 3623 4
1006 5313 5
1006 900 5
1006 3322 3
1006 7520 5
1006 885 4
1006 9187 4
1006 5602 2
1006 9188 4
1006 5128 3
1006 5685 4
1006 4710 5
1007 3185 5
1007 3254 4
1007 1137 3
1007 196 2
1007 4101 4
1007 4463 5
1007 313 5
1007 56 4
1007 312 3
1007 1219 3
1007 992 3
1007 762 5
1007 1967 5
1007 5706 4
1007 1441 4
1007 1350 5
1007 9189 4
1007 4281 5
1007 288 5
1007 8107 5
1007 832 5
1007 661 3
1007 1278 5
1007 9190 4
1007 4041 5
1007 3236 5
1007 792 5
1007 3840 4
1007 728 5
1007 4491 3
1007 761 5
1007 9191 4
1007 3556 5
1007 3537 4
1007 6275 3
1007 6651 4
1007 1365 5
1007 3203 5
1007 4289 5
1007 3929 3
1007 9123 4
1007 3832 4
1007 5056 4
1008 3533 5
1008 762 5
1008 671 4
1008 309 4
1008 9192 5
1009 1524 5
1009 1741 5
1009 9193 4
1009 9194 4
1009 9195 5
1009 9134 5
1009 9196 3
1009 3504 4
1009 9197 5
1009 9192 5
1009 9198 3
1009 7873 4
1010 1441 1
1010 93 5
1010 7466 5
1010 7529 5
1010 7145 3
1010 759 5
1010 6412 4
1010 7807 5
1010 8769 3
1010 6162 5
1010 6232 5
1010 6174 1
1010 6294 4
1010 5174 5
1010 6179 4
1010 253 5
1010 1895 5
1010 67 5
1010 6977 4
1010 2526 5
1010 7660 4
1010 5088 5
1010 6739 4
1010 8704 4
1010 7774 4
1010 7670 4
1010 4472 5
1010 7065 4
1010 4397 3
1010 8068 3
1010 1029 5
1010 1782 4
1010 7390 3
1010 1547 4
1010 8031 1
1010 8996 4
1010 2003 2
1010 6406 4
1010 8179 4
1010 6107 4
1010 803 3
1010 4498 4
1010 2056 3
1010 3728 4
1010 4935 4
1010 900 5
1010 7759 4
1010 2054 4
1010 7327 4
1010 7119 4
1010 4357 4
1010 327 3
1010 8091 4
1010 7981 5
1010 8558 4
1010 9199 4
1010 4932 1
1010 1975 4
1010 5541 4
1010 323 4
1010 258 5
1010 3921 5
1010 8107 4
1010 4511 4
1010 160 4
1010 313 5
1010 3430 5
1010 7953 4
1010 8806 4
1010 2005 5
1010 4058 4
1010 6833 4
1010 895 5
1010 9200 2
1010 5138 3
1010 104 1
1010 4652 1
1010 4439 4
1010 7213 4
1010 1306 1
1010 9201 4
1010 754 4
1010 992 4
1010 1691 2
1010 8091 4
1010 868 2
1010 6837 4
1010 2048 4
1010 3431 2
1010 1748 4
1010 4687 5
1010 5582 4
1010 760 4
1010 1406 3
1010 4444 3
1010 3306 5
1010 3731 4
1010 1019 4
1010 5504 4
1010 3882 4
1010 6828 4
1010 729 5
1010 1023 5
1010 781 5
1010 3203 5
1010 6651 4
1010 8462 5
1010 695 5
1010 9202 2
1010 1219 3
1010 125 2
1010 143 4
1010 135 4
1010 3856 4
1010 1915 4
1010 863 1
1010 300 4
1010 829 4
1010 247 4
1010 7640 4
1010 4167 4
1010 319 5
1010 253 5
1010 8296 4
1010 63 5
1010 1278 5
1010 857 4
1010 9203 3
1010 6823 2
1010 9204 5
1010 891 4
1010 3063 4
1010 8101 4
1010 2827 3
1010 4588 1
1010 934 4
1010 4348 5
1010 9205 5
1010 315 5
1010 9206 5
1010 1241 5
1010 9198 5
1010 563 5
1010 2730 4
1010 9207 4
1010 9208 5
1010 6008 5
1010 4045 4
1010 5839 5
1010 757 5
1010 6656 3
1010 1275 1
1010 9209 4
1010 6829 4
1010 309 3
1010 6830 5
1010 3610 4
1010 4558 4
1010 6831 4
1010 4215 4
1010 8731 4
1010 3219 5
1010 5541 5
1010 762 5
1010 1487 5
1010 9210 1
1010 9211 5
1010 9212 4
1010 9213 4
1011 9204 4
1011 3116 4
1011 7591 3
1011 8300 5
1011 6082 4
1011 5074 4
1011 8414 5
1011 6020 4
1011 3638 4
1011 636 5
1011 2754 4
1011 1657 5
1011 1651 5
1011 1699 4
1011 1662 4
1011 6196 4
1011 1219 3
1011 609 4
1011 9214 4
1011 2961 3
1011 7473 4
1011 9215 4
1011 6133 3
1011 6127 3
1011 8009 3
1011 134 4
1011 4444 5
1011 7446 4
1011 1746 4
1011 7803 4
1011 3086 4
1011 814 5
1011 8107 5
1011 3686 4
1011 8863 4
1011 4215 5
1011 9076 4
1011 3498 2
1011 4863 5
1011 9216 4
1011 9217 2
1011 3586 4
1011 762 4
1011 3884 4
1011 3925 1
1011 8526 4
1011 9218 2
1011 3716 5
1011 934 5
1011 4717 4
1011 1439 5
1011 6146 5
1011 9219 4
1011 9220 5
1011 2973 5
1011 5733 5
1011 4297 5
1011 7507 5
1011 3733 5
1011 8362 3
1011 4833 3
1011 3793 4
1012 2592 4
1012 3172 5
1012 8264 4
1012 9221 5
1012 3706 4
1012 312 4
1012 8721 5
1012 8721 4
1012 3304 4
1012 9222 5
1012 6209 5
1012 7405 5
1012 276 4
1012 1028 5
1012 3577 5
1012 2715 5
1012 8933 4
1012 6207 5
1012 9223 5
1012 217 3
1012 1673 4
1012 1275 1
1012 313 5
1012 3706 5
1012 3371 5
1012 4211 5
1012 8677 5
1012 1741 5
1012 258 5
1012 104 4
1012 792 4
1012 323 4
1012 196 5
1012 712 4
1012 4205 4
1012 6874 5
1012 9224 5
1012 762 5
1012 829 5
1012 699 5
1012 309 5
1012 6140 5
1012 2651 5
1012 9225 4
1012 9226 5
1012 1755 5
1012 9227 5
1012 4779 3
1012 9228 2
1012 5370 5
1012 3524 5
1012 4215 4
1012 807 5
1012 1637 5
1012 4551 4
1013 312 5
1013 6656 5
1013 8703 5
1013 5332 5
1013 1278 5
1013 8280 4
1013 3058 5
1013 3173 5
1013 9229 5
1013 9123 4
1014 9230 4
1014 9231 2
1014 8714 4
1014 8674 4
1014 762 5
1014 6370 5
1014 1306 1
1014 9232 5
1014 104 5
1014 9233 5
1014 323 5
1014 7645 5
1014 3253 4
1014 2005 5
1014 9234 5
1014 4771 4
1014 1994 5
1014 196 5
1014 3438 4
1014 3521 5
1014 5681 5
1015 3456 4
1015 2009 5
1015 2816 4
1015 4336 5
1015 5789 5
1015 5234 4
1015 4552 5
1015 694 4
1016 1975 5
1016 737 5
1016 2147 5
1016 1274 5
1016 9235 5
1016 276 5
1016 728 3
1016 167 5
1016 3533 4
1016 3529 4
1016 9236 5
1016 5838 4
1016 309 5
1016 3264 5
1016 7640 5
1017 3302 4
1017 3645 4
1017 3166 5
1017 5633 4
1017 3156 4
1017 7504 4
1017 1508 5
1017 9237 4
1017 9238 4
1017 4345 4
1017 313 5
1017 9239 5
1017 3940 5
1017 4342 5
1017 3265 5
1017 3203 5
1017 4676 5
1017 992 4
1017 1365 5
1017 762 5
1017 4634 4
1017 934 5
1017 312 5
1017 2174 5
1017 565 3
1017 1622 4
1017 1711 4
1017 9240 5
1017 9241 5
1017 6959 4
1017 9242 5
1017 7444 5
1017 1309 5
1017 1052 4
1017 3869 5
1017 3783 5
1017 5737 5
1017 2194 4
1017 1279 4
1017 1778 5
1017 288 5
1017 1653 4
1017 4155 5
1017 1278 5
1017 6995 5
1017 5471 4
1017 1349 4
1017 1241 5
1017 3485 5
1017 3878 5
1017 9243 3
1017 3401 5
1017 6416 5
1017 3048 5
1017 2791 5
1017 2635 5
1017 1317 4
1017 9195 5
1017 4581 5
1017 2907 5
1017 3579 5
1018 1828 5
1018 7178 5
1018 326 5
1018 8126 5
1018 6291 5
1018 2299 5
1018 6754 4
1018 135 4
1018 5972 4
1018 8999 5
1018 1588 3
1018 716 5
1018 1589 4
1018 1864 5
1018 1594 5
1018 7376 3
1018 7931 3
1018 30 5
1018 1395 5
1018 4117 5
1018 2101 4
1018 6279 5
1018 1650 3
1018 1598 4
1018 7561 3
1018 1328 5
1018 3000 4
1018 313 5
1018 56 5
1018 6987 5
1018 112 4
1018 1442 4
1018 632 5
1018 2831 5
1018 1314 5
1018 3316 5
1018 4243 5
1018 8792 3
1018 61 5
1018 5295 5
1018 8708 1
1018 7889 5
1018 628 1
1018 9244 4
1018 895 4
1018 739 1
1018 1408 5
1018 4045 4
1018 305 5
1018 7413 2
1018 1665 5
1018 3301 5
1018 732 5
1018 5721 5
1018 5384 5
1018 1795 5
1018 3389 5
1018 8707 5
1018 832 5
1018 8977 4
1018 7459 5
1018 6421 4
1018 3455 3
1018 4962 5
1018 7050 4
1018 704 1
1018 1016 4
1018 264 5
1018 258 4
1018 141 5
1018 260 4
1018 7614 4
1018 6837 5
1018 4909 1
1018 2972 1
1018 9245 5
1018 4720 3
1018 7016 3
1018 9246 5
1018 6718 4
1018 104 5
1018 4770 5
1018 323 3
1018 9247 5
1018 1410 5
1018 196 5
1018 4737 2
1018 5152 3
1018 7507 5
1018 211 5
1018 953 5
1018 9203 3
1018 1754 3
1018 934 5
1018 740 5
1018 1976 5
1018 238 5
1018 1925 5
1018 206 5
1018 205 5
1018 1412 5
1018 2815 4
1018 4119 5
1018 8386 1
1018 1972 5
1018 288 3
1018 5064 5
1018 9248 3
1018 248 4
1018 9249 5
1018 1324 1
1018 5879 3
1018 167 5
1018 276 5
1018 160 4
1018 7751 4
1018 8839 3
1018 706 5
1018 3311 3
1018 712 5
1018 1219 1
1018 515 4
1018 762 5
1018 4525 5
1018 1981 5
1018 3122 5
1018 2655 1
1018 1005 4
1018 1414 1
1018 9250 5
1018 837 5
1018 1480 1
1018 1278 5
1018 217 5
1018 650 5
1018 4562 4
1018 4080 4
1018 699 3
1018 789 5
1018 4023 5
1018 829 5
1018 9251 5
1018 4117 5
1018 3075 4
1018 1274 5
1018 312 3
1018 8101 4
1018 147 5
1018 879 1
1018 7773 5
1018 2826 3
1018 28 4
1018 673 4
1018 9252 5
1018 309 5
1018 6427 4
1018 7884 5
1018 1275 1
1018 5005 5
1018 5997 3
1018 1418 1
1018 609 4
1018 8826 5
1018 7323 5
1018 695 5
1018 2980 5
1018 728 3
1018 766 4
1018 3568 5
1018 4820 5
1018 9253 4
1018 3435 3
1019 3679 5
1019 7258 5
1019 3409 5
1019 3125 5
1019 9254 5
1019 3211 4
1019 7881 5
1019 9194 5
1019 9226 5
1019 9018 5
1019 1741 5
1019 3500 5
1019 9255 4
1019 3980 5
1019 9256 1
1019 699 5
1019 9257 4
1019 3383 5
1019 3556 5
1019 1779 5
1019 3713 5
1019 4950 5
1019 8039 5
1019 5993 5
1019 8091 4
1019 4916 4
1019 4582 2
1019 9193 4
1019 9258 3
1019 9259 4
1019 6141 5
1019 9260 4
1019 4951 5
1019 9225 5
1019 4215 5
1019 9261 4
1019 2715 5
1019 9262 3
1020 3586 5
1020 6617 5
1020 1822 5
1020 7962 5
1020 772 5
1020 5649 5
1020 792 5
1020 4496 5
1020 832 5
1020 3110 5
1020 9263 5
1020 9264 5
1020 4778 5
1020 1408 5
1020 1275 5
1020 4377 5
1020 4023 5
1020 3253 5
1020 8942 5
1020 4160 5
1021 7400 4
1021 740 5
1021 8680 4
1021 735 5
1021 738 5
1021 706 5
1021 715 4
1021 762 5
1021 276 5
1021 309 5
1021 9265 4
1021 3520 5
1021 3503 3
1021 2995 2
1021 7110 5
1021 712 5
1021 312 5
1021 832 5
1021 196 5
1021 381 2
1021 3431 4
1021 323 5
1021 4380 4
1021 9266 1
1021 4937 4
1021 4154 3
1021 9267 4
1022 7112 4
1022 2640 5
1022 7006 4
1023 1972 4
1023 2507 4
1023 762 5
1023 9268 5
1023 276 4
1023 832 5
1023 712 2
1023 2343 5
1023 8895 4
1023 704 4
1023 738 5
1023 1030 5
1023 829 4
1023 3958 4
1023 1743 4
1023 3431 4
1023 288 4
1023 4737 5
1023 118 5
1023 792 4
1023 1988 1
1023 196 4
1023 1978 5
1023 1915 5
1023 7296 5
1023 1939 5
1023 167 4
1023 122 5
1023 673 3
1023 258 4
1023 728 4
1023 766 3
1023 1954 5
1023 6623 5
1023 312 4
1023 759 3
1023 323 3
1023 8537 4
1023 2751 4
1023 3431 5
1023 9269 5
1024 83 4
1024 136 5
1024 762 5
1024 4100 5
1024 6178 4
1024 4141 5
1024 704 3
1024 9082 5
1024 4127 5
1025 258 1
1025 6894 5
1025 8610 1
1025 1548 1
1025 772 5
1025 704 5
1025 2537 5
1025 5992 5
1025 6952 4
1025 7623 5
1025 2942 5
1025 840 5
1025 6936 5
1025 1988 5
1025 740 5
1025 9270 5
1025 741 5
1025 5539 2
1025 759 5
1025 4258 5
1025 323 5
1025 5505 5
1025 3449 5
1025 1314 5
1025 313 4
1025 4050 5
1025 1263 5
1025 9271 5
1025 820 5
1025 738 5
1025 288 1
1025 732 3
1025 3442 5
1025 4407 5
1025 301 5
1025 276 5
1025 1685 5
1025 309 5
1025 1774 2
1025 196 1
1025 4931 5
1025 728 5
1025 3958 5
1025 9272 2
1025 3889 4
1025 1973 5
1025 6344 5
1025 7342 4
1025 5073 4
1025 3000 5
1025 792 5
1025 829 5
1025 5818 5
1025 3563 3
1025 8667 3
1025 5618 5
1025 1492 5
1026 8766 3
1026 9215 5
1026 673 3
1026 5092 2
1026 1673 3
1026 477 5
1026 738 3
1026 196 4
1026 1001 5
1026 829 2
1026 732 3
1026 28 3
1026 1976 5
1026 1901 5
1026 258 4
1026 1981 5
1026 762 4
1026 728 3
1026 104 5
1026 288 5
1026 3855 5
1026 56 5
1026 313 5
1026 312 5
1026 276 4
1026 3776 4
1026 9273 3
1026 772 4
1026 217 4
1026 706 4
1026 309 4
1027 684 3
1027 9274 3
1027 1032 4
1027 9275 2
1027 4044 3
1027 9276 3
1027 3913 5
1027 9233 5
1028 6104 5
1028 900 5
1028 1919 5
1028 3714 4
1028 6259 5
1028 309 5
1028 2103 4
1028 8469 5
1028 304 5
1028 1278 5
1028 9277 5
1028 8106 4
1028 3263 5
1028 8522 5
1028 9095 2
1028 5061 5
1028 3000 5
1028 6253 4
1028 1275 3
1028 4177 4
1028 6721 4
1028 3465 4
1028 8197 5
1028 3226 4
1029 712 3
1029 762 3
1029 312 1
1029 704 5
1029 589 5
1029 305 4
1029 309 5
1029 313 5
1029 710 5
1029 741 5
1029 7406 4
1029 2468 3
1029 1408 5
1029 9278 2
1029 2153 5
1029 7494 4
1029 9279 2
1029 808 3
1029 832 5
1029 728 5
1029 5540 2
1029 827 5
1029 28 5
1029 2693 1
1029 8520 4
1029 759 5
1029 276 4
1029 162 4
1029 9083 3
1029 169 4
1029 2651 5
1029 9280 4
1029 5065 3
1029 3126 5
1029 2725 3
1029 9281 3
1029 7834 4
1029 5402 4
1029 7045 5
1029 945 5
1029 896 5
1030 1885 5
1030 9090 5
1030 8048 5
1030 697 4
1030 3182 5
1030 8991 3
1030 33 5
1030 6610 3
1030 5132 4
1030 704 4
1030 8475 4
1030 7352 2
1030 3702 5
1030 7106 4
1030 1988 4
1030 762 4
1030 3188 3
1030 4013 4
1030 174 4
1030 677 4
1030 609 4
1030 680 4
1030 5475 4
1030 1278 4
1030 1981 5
1030 1355 5
1030 2913 2
1030 1772 5
1030 8755 3
1030 7541 3
1030 929 4
1030 924 4
1030 8053 2
1030 487 5
1030 3150 3
1030 2078 3
1030 1408 4
1030 4941 5
1030 9282 5
1030 751 4
1030 1274 4
1030 1652 4
1030 9283 2
1030 6438 3
1030 3228 5
1030 4346 4
1030 313 4
1030 5004 4
1030 706 4
1030 9284 4
1030 2852 2
1030 1395 4
1030 1773 3
1030 699 4
1030 728 3
1030 7026 5
1030 1414 1
1030 772 4
1030 3725 4
1030 323 5
1030 759 5
1030 650 5
1030 1709 5
1030 9052 5
1030 196 4
1030 6359 4
1030 8984 3
1030 832 4
1030 739 4
1030 712 3
1030 9285 4
1031 4804 4
1031 109 3
1031 4688 1
1031 1369 5
1031 217 3
1031 3712 4
1031 7748 4
1031 7296 5
1031 9272 4
1031 5850 5
1031 4701 3
1031 6344 4
1032 3145 4
1032 7517 5
1032 164 5
1032 1395 5
1032 3303 2
1032 309 5
1032 8467 2
1032 7652 4
1032 3339 5
1032 8534 3
1032 9286 4
1033 4072 1
1033 7745 4
1033 5598 4
1033 8408 5
1033 7792 5
1033 153 4
1033 8674 2
1033 744 4
1033 6483 5
1033 9287 5
1033 7551 3
1033 4118 1
1033 4146 5
1033 9288 5
1033 7018 3
1033 1773 3
1033 451 1
1034 84 5
1034 9150 5
1034 4531 1
1034 8000 4
1034 5011 5
1034 9289 4
1034 6992 5
1034 92 4
1034 1347 5
1034 5944 4
1034 4497 5
1034 196 4
1034 3301 5
1034 2824 5
1034 8003 4
1034 1393 4
1034 7016 3
1034 6719 4
1034 5583 5
1034 1275 1
1034 112 3
1034 6369 5
1034 280 4
1034 4883 5
1034 4720 4
1034 7315 4
1034 1014 5
1034 798 4
1034 810 5
1034 6938 3
1034 9290 4
1034 8511 5
1034 9291 4
1034 7719 5
1034 678 4
1034 131 5
1034 4149 5
1034 8380 5
1034 312 5
1034 313 5
1034 759 5
1034 650 5
1034 9017 2
1034 7157 4
1035 7480 3
1035 7211 5
1035 610 4
1035 4389 5
1035 1327 3
1035 7047 4
1035 2775 4
1035 7425 4
1035 4716 4
1035 9292 4
1035 9293 5
1035 313 4
1035 9294 4
1035 6052 5
1035 5187 4
1035 5011 4
1035 7710 4
1035 7506 4
1035 739 4
1035 167 3
1035 4711 4
1035 7482 4
1035 1487 4
1035 740 4
1035 5004 3
1035 8065 4
1035 6699 5
1035 3748 4
1035 9295 4
1035 2338 4
1035 792 4
1035 2499 4
1035 7039 5
1035 8303 4
1035 683 5
1035 1395 4
1035 699 4
1035 9296 4
1035 5698 5
1035 1331 5
1035 7467 5
1035 323 4
1035 787 4
1035 9297 4
1035 9081 3
1036 1414 1
1036 4105 5
1036 4688 5
1036 8368 2
1036 6141 5
1036 4701 4
1036 1409 5
1036 3502 4
1036 4640 4
1036 5042 5
1036 1303 1
1037 1902 5
1037 3437 5
1037 1733 4
1038 649 3
1038 161 4
1038 7629 3
1038 192 5
1038 5021 5
1038 9298 5
1038 1766 5
1038 7767 3
1038 732 5
1038 1988 5
1038 174 3
1038 609 3
1038 8854 5
1038 4438 4
1038 217 5
1038 8813 3
1038 323 5
1038 9299 3
1038 2789 5
1038 1278 5
1038 8271 5
1038 7689 5
1038 7757 4
1038 1551 5
1038 1695 5
1038 728 4
1038 762 5
1038 9300 5
1038 7264 5
1039 6745 5
1039 6628 4
1039 6836 5
1039 667 5
1039 4897 4
1039 7324 5
1039 2454 5
1039 3648 5
1039 8302 4
1039 2545 4
1039 522 5
1039 2873 5
1039 7910 4
1039 505 4
1039 6590 5
1039 7458 5
1039 581 5
1039 1873 4
1039 529 5
1039 2882 4
1039 7315 5
1039 512 4
1039 486 4
1039 6807 4
1039 706 5
1039 9301 4
1039 9302 4
1039 1238 4
1039 4607 4
1039 704 5
1039 786 3
1039 832 5
1039 570 4
1039 1857 4
1039 772 5
1039 1299 4
1039 167 5
1039 354 4
1039 2433 4
1039 822 4
1039 7520 5
1039 1314 4
1039 728 5
1039 1395 3
1039 712 4
1039 900 5
1039 9303 5
1039 313 3
1039 558 4
1039 196 5
1039 558 3
1039 3102 5
1039 4818 4
1039 7307 5
1039 9304 5
1039 6968 4
1039 3213 5
1039 177 3
1039 8785 5
1039 7859 4
1039 3351 4
1039 7683 4
1039 8369 5
1039 9305 2
1039 5589 5
1039 2055 5
1039 7610 5
1039 1070 4
1039 7395 4
1039 805 5
1039 4470 4
1040 8112 5
1040 3089 5
1040 1956 2
1040 5737 2
1040 1737 4
1040 8592 5
1040 3588 5
1040 843 5
1040 8823 5
1040 2669 5
1040 323 5
1040 640 3
1040 5064 5
1040 740 5
1040 3566 3
1040 240 2
1040 9248 4
1040 5483 4
1040 1943 5
1040 704 1
1040 695 1
1040 288 5
1040 7491 2
1040 1332 5
1040 1012 1
1040 609 3
1040 827 5
1040 706 5
1040 276 1
1040 4373 1
1040 1988 5
1040 1278 4
1040 1981 3
1040 196 5
1040 759 3
1040 6822 3
1040 7992 5
1040 1984 4
1040 3233 5
1040 1274 3
1040 6921 5
1040 4297 5
1040 8444 5
1040 4104 5
1040 6487 3
1040 1459 5
1040 1415 3
1040 3966 5
1040 8751 3
1040 3961 5
1040 3963 4
1040 5820 5
1040 1418 3
1040 1501 1
1040 238 5
1040 1343 5
1040 1773 4
1040 712 3
1040 4564 5
1040 4728 5
1040 5452 4
1040 738 3
1040 1355 5
1040 104 3
1040 8 5
1040 4066 4
1040 766 5
1040 3084 5
1040 1314 4
1040 1986 3
1040 678 4
1040 610 4
1040 217 3
1040 741 4
1040 913 4
1040 772 4
1040 313 5
1040 1395 5
1040 28 3
1040 650 3
1040 3555 3
1040 699 5
1040 732 5
1040 1947 5
1040 710 5
1040 735 3
1040 1408 5
1040 258 2
1040 832 1
1040 780 4
1040 739 3
1040 1240 5
1040 2655 3
1040 312 5
1040 792 5
1040 762 5
1040 1263 5
1040 728 2
1040 309 2
1040 829 5
1040 305 5
1040 4990 5
1040 8912 4
1041 740 5
1041 9306 5
1041 7121 4
1041 2678 3
1042 7142 3
1042 4756 5
1042 9307 4
1043 2599 4
1043 6918 4
1043 4527 3
1043 9308 4
1043 1137 4
1043 1714 4
1043 5706 3
1043 309 5
1043 3080 4
1043 8479 5
1043 3565 5
1043 2924 5
1043 9309 5
1044 5482 5
1044 312 3
1044 1277 5
1044 495 3
1044 3145 5
1044 681 5
1044 2840 4
1044 1408 5
1044 8810 1
1044 791 3
1044 829 4
1044 759 2
1044 762 5
1044 4496 5
1044 5239 5
1044 196 3
1044 671 3
1044 706 3
1044 3550 5
1044 673 5
1044 842 5
1044 609 1
1044 704 5
1044 675 4
1044 3010 5
1044 6075 4
1044 313 4
1044 3084 4
1044 4694 5
1044 1395 1
1044 9048 5
1044 6994 4
1044 732 5
1044 1998 2
1044 3530 5
1044 154 4
1044 323 5
1044 309 5
1044 211 4
1044 1278 5
1044 650 5
1044 1262 5
1044 234 4
1044 828 4
1044 288 4
1044 832 5
1044 8074 3
1044 772 1
1044 3688 5
1044 1939 4
1044 258 5
1044 766 4
1044 843 5
1044 4708 5
1044 3627 1
1044 5553 4
1044 807 4
1045 2754 5
1045 4419 4
1045 1408 5
1045 9310 4
1046 309 5
1046 6353 4
1046 3226 5
1046 258 5
1046 1939 5
1046 7232 5
1046 8436 4
1046 7275 5
1046 9311 4
1047 1410 5
1047 153 5
1047 4265 3
1047 9033 4
1047 891 5
1048 9312 5
1048 6858 4
1048 1774 5
1048 8590 5
1048 4596 4
1048 9090 4
1048 9313 5
1048 728 4
1048 9314 5
1048 4721 5
1048 1978 5
1048 1394 4
1048 4640 5
1048 9315 5
1048 7831 4
1048 9192 5
1048 1779 4
1048 2338 4
1049 9014 2
1049 1276 5
1049 6371 5
1049 9316 3
1049 4444 5
1049 4690 1
1049 3294 1
1049 9277 5
1049 8769 5
1050 9317 5
1050 3022 5
1050 2625 5
1050 3960 5
1050 1278 5
1050 902 5
1050 6199 5
1050 762 1
1050 1355 5
1050 1478 5
1050 6564 5
1050 735 1
1050 2093 5
1050 1412 1
1050 4058 1
1050 9318 2
1050 3954 2
1050 9319 5
1050 2651 5
1050 24 5
1050 196 5
1050 6397 5
1050 1881 1
1050 7483 5
1050 1262 5
1050 258 1
1050 305 5
1050 4088 5
1050 704 5
1050 276 1
1050 3822 5
1050 8609 4
1050 9320 1
1050 759 5
1050 2747 5
1050 5629 5
1050 3083 5
1050 170 1
1050 1417 5
1050 3270 5
1050 309 5
1050 706 1
1050 288 5
1050 116 5
1050 9119 3
1050 4919 5
1050 3884 5
1050 3986 5
1050 1260 1
1050 4243 1
1050 5083 1
1050 5513 5
1050 3566 5
1050 7450 5
1050 5087 5
1050 4301 5
1050 9321 5
1050 5220 2
1050 772 1
1050 7751 5
1050 9322 4
1050 801 5
1050 2091 5
1050 1275 1
1050 312 5
1050 3666 5
1050 9323 1
1050 9324 5
1050 1048 5
1050 8469 5
1050 4072 1
1050 8173 5
1050 7302 5
1050 1437 5
1050 4935 4
1050 8888 5
1050 1936 5
1050 1263 5
1050 824 5
1050 5156 5
1050 4788 5
1050 832 5
1050 9325 5
1050 4634 1
1050 1548 1
1050 2693 1
1050 1744 5
1050 9326 5
1050 1277 5
1050 5028 5
1050 832 5
1050 5611 5
1050 1414 1
1050 9327 4
1050 6075 4
1050 974 3
1050 8013 5
1050 4543 5
1050 1408 5
1050 975 1
1050 3715 5
1050 1344 5
1050 1420 1
1050 120 5
1050 8987 5
1050 3149 5
1050 4400 4
1050 9328 3
1050 9329 5
1050 712 5
1050 323 1
1050 4911 5
1050 979 5
1050 6673 5
1050 5344 5
1050 5435 1
1050 836 1
1050 3352 3
1050 4878 5
1050 8662 5
1050 9330 5
1050 9331 2
1050 1501 1
1050 4682 5
1050 9332 5
1050 5239 5
1050 981 5
1050 7608 5
1050 3587 1
1050 3446 5
1050 9333 5
1050 931 1
1050 4396 1
1050 1076 3
1050 5302 5
1050 8389 5
1050 574 1
1050 9334 1
1050 857 5
1050 845 2
1050 909 1
1050 9335 2
1050 3617 5
1050 2152 5
1050 4926 1
1050 4647 1
1050 4056 5
1050 4762 5
1050 3089 5
1050 3713 5
1050 892 5
1050 1876 5
1050 5817 5
1050 4465 5
1050 9336 3
1050 1444 5
1050 1467 5
1050 4848 5
1050 5284 2
1050 239 5
1050 4275 2
1050 9337 5
1050 5294 5
1050 4232 5
1050 5997 5
1050 3064 5
1050 5776 4
1050 5314 5
1050 9338 5
1050 327 5
1050 3447 1
1050 3315 5
1051 6197 5
1051 7388 4
1051 5678 5
1051 45 5
1051 240 5
1051 1687 4
1051 7657 5
1051 8887 5
1051 1664 4
1051 7563 5
1051 3644 5
1051 6783 5
1051 3575 5
1051 8813 5
1051 9339 5
1051 1681 4
1051 7537 4
1051 105 5
1051 8480 4
1051 1732 4
1051 7474 5
1051 1642 5
1051 4485 4
1051 8545 4
1051 322 4
1051 6131 4
1051 7414 5
1051 8042 5
1051 1638 4
1051 4320 4
1051 7463 5
1051 6058 3
1051 5991 4
1051 6435 5
1051 4426 4
1051 9150 4
1051 76 4
1051 7656 5
1051 222 5
1051 9101 4
1051 7750 5
1051 2494 5
1051 1636 4
1051 5147 5
1051 70 4
1051 8593 5
1051 6139 4
1051 7683 5
1051 33 4
1051 6215 4
1051 1700 4
1051 3273 5
1051 4740 4
1051 2031 5
1051 2145 5
1051 1639 4
1051 9340 4
1051 8628 4
1051 4208 4
1051 7449 4
1051 6906 5
1051 109 4
1051 1327 5
1051 8035 5
1051 3720 5
1051 7662 4
1051 4984 4
1051 4981 4
1051 1686 4
1051 3426 4
1051 296 4
1051 8446 5
1051 3253 5
1051 2807 3
1051 6076 4
1051 5349 4
1051 8064 5
1051 1347 5
1051 9341 4
1051 7749 4
1051 121 4
1051 2811 4
1051 125 4
1051 7448 4
1051 4880 5
1051 9342 4
1051 9343 3
1051 7598 5
1051 3556 5
1051 9344 4
1051 139 4
1051 4769 4
1051 914 5
1051 2744 5
1051 309 4
1051 9345 4
1051 7632 4
1051 6395 4
1051 9346 4
1051 4187 4
1051 231 4
1051 315 5
1051 6434 5
1051 1669 4
1051 1893 4
1051 7982 5
1051 5220 4
1051 8092 5
1051 1674 5
1051 6059 4
1051 26 4
1051 3686 4
1051 866 5
1051 5037 5
1051 4715 5
1051 855 5
1051 5000 5
1051 864 4
1051 9347 5
1051 1467 2
1051 1049 4
1052 6972 5
1052 104 5
1052 4445 3
1052 945 5
1052 1891 5
1052 913 5
1052 3740 1
1052 738 5
1052 1274 3
1052 196 4
1052 3320 5
1052 792 5
1052 7614 4
1052 323 3
1052 4502 4
1052 217 3
1052 706 3
1052 999 5
1052 7808 1
1052 8804 5
1052 1278 3
1052 1775 5
1052 4029 5
1052 8629 5
1052 9082 5
1052 6981 5
1052 309 4
1052 4246 2
1052 8892 5
1052 6496 5
1052 199 5
1052 8531 5
1053 3072 5
1053 4915 5
1053 84 5
1053 3733 5
1053 3469 5
1053 235 5
1053 1765 4
1054 4398 5
1054 3688 5
1054 2492 5
1054 3289 4
1054 2348 5
1054 9348 5
1054 3495 5
1054 2925 5
1054 9349 4
1054 3280 5
1054 687 4
1054 1641 5
1054 9350 5
1054 4224 5
1054 3817 4
1054 311 5
1054 9351 5
1054 149 5
1054 8490 5
1054 104 4
1054 2145 5
1054 6581 2
1054 1417 5
1054 2705 5
1054 4259 5
1054 9352 5
1054 3417 4
1054 3220 5
1055 4668 5
1055 6701 4
1055 6703 5
1055 294 5
1055 9353 5
1055 9122 5
1055 557 5
1055 9354 5
1055 6785 4
1055 4235 4
1055 650 3
1055 1773 3
1055 728 3
1056 9355 4
1056 4865 5
1056 3627 1
1056 309 5
1056 6814 5
1056 4706 4
1056 3276 4
1056 5194 5
1056 7106 4
1056 5534 5
1057 4169 2
1057 9222 4
1057 104 3
1057 4527 5
1057 3259 3
1057 9356 4
1057 2996 4
1057 9357 4
1057 6877 5
1057 3427 5
1057 9358 4
1057 258 1
1057 695 3
1057 1263 2
1057 59 4
1057 3452 4
1057 2091 5
1057 4034 4
1057 1274 5
1057 4104 4
1057 7381 5
1057 565 3
1057 152 4
1057 3524 5
1057 9018 5
1057 5795 2
1057 1850 4
1057 4375 5
1057 438 5
1057 305 4
1057 8107 5
1057 768 4
1057 686 4
1057 739 4
1057 4843 3
1057 9359 2
1057 738 4
1057 740 4
1057 1637 4
1057 1277 5
1057 4839 3
1057 3781 5
1057 8091 4
1057 704 4
1057 276 4
1057 837 5
1057 217 4
1057 772 4
1057 1314 5
1057 712 4
1057 309 4
1057 313 5
1057 9360 1
1057 762 4
1057 678 3
1057 1659 3
1057 4728 5
1057 7965 5
1057 288 4
1057 9361 5
1057 1278 4
1057 843 4
1057 461 1
1057 832 5
1057 9362 2
1057 312 5
1057 196 4
1057 9363 3
1057 723 5
1057 4035 4
1057 5352 4
1057 6075 3
1057 1939 3
1057 3000 4
1057 1648 4
1057 323 3
1057 2655 1
1057 4587 4
1057 9364 4
1057 9258 5
1057 5006 3
1058 601 5
1058 8019 4
1058 6474 4
1058 6070 5
1058 1650 3
1058 3167 5
1058 6640 4
1058 1665 4
1058 1395 3
1058 1536 5
1058 2881 4
1058 3075 5
1058 699 4
1058 1980 1
1058 1972 5
1058 8375 5
1058 1976 1
1058 9365 5
1058 712 5
1058 4099 5
1058 762 5
1058 704 5
1058 738 5
1058 9366 4
1058 3993 4
1058 7228 1
1058 803 5
1058 3079 4
1058 673 4
1058 7055 4
1058 710 4
1058 7935 5
1058 609 4
1058 1981 5
1058 4042 4
1058 5675 5
1058 28 4
1058 792 4
1058 9367 5
1058 678 4
1058 759 4
1058 5339 5
1058 909 1
1058 1278 5
1058 104 3
1058 3023 5
1058 827 4
1058 3555 1
1058 2655 1
1058 1612 5
1058 735 4
1058 772 5
1058 713 1
1058 706 5
1058 832 4
1058 288 3
1058 1637 4
1058 4564 4
1058 258 4
1058 8452 4
1058 7829 3
1058 3820 5
1058 312 1
1058 740 1
1058 741 1
1058 5249 4
1058 313 1
1058 829 1
1058 217 1
1058 5639 5
1058 3000 5
1058 276 1
1058 739 1
1058 4086 5
1058 3055 5
1058 2930 5
1058 732 5
1058 323 5
1058 309 5
1058 5615 5
1058 196 1
1058 650 5
1058 1414 2
1058 1275 2
1058 211 4
1058 1408 5
1058 2461 4
1059 6537 5
1059 832 2
1059 4010 5
1059 2978 4
1059 276 5
1059 7181 4
1059 1978 5
1059 2655 1
1059 1395 4
1059 309 4
1059 9368 4
1059 519 3
1059 65 4
1059 7574 3
1060 832 5
1060 4072 1
1060 732 5
1060 217 5
1060 739 5
1060 3956 5
1060 312 5
1060 313 5
1060 114 5
1060 9369 5
1060 5831 5
1060 1437 5
1060 4985 5
1060 309 4
1060 28 5
1060 1467 5
1060 9370 5
1060 9371 2
1060 3337 3
1060 3373 3
1061 3654 4
1061 7617 4
1061 9372 4
1061 828 5
1061 539 4
1061 4821 4
1061 1312 5
1061 313 4
1061 9373 4
1061 4812 4
1061 91 5
1061 1709 5
1061 3233 5
1061 2705 5
1061 707 4
1061 1275 1
1061 217 5
1061 5011 4
1061 739 5
1061 7661 5
1061 3586 5
1061 7827 3
1061 1278 5
1061 5603 5
1061 704 5
1061 1620 5
1061 9374 3
1061 4258 5
1061 48 5
1061 6035 4
1061 858 4
1061 311 5
1061 4252 4
1061 231 5
1061 105 5
1061 4126 5
1061 323 5
1061 149 5
1061 726 4
1061 1410 4
1061 3716 5
1061 4040 5
1061 712 5
1061 173 4
1061 9375 4
1061 258 5
1061 9376 4
1061 1939 5
1061 4413 5
1061 9377 3
1061 310 5
1061 8378 5
1061 1371 5
1061 7222 5
1061 4513 5
1061 308 5
1061 104 5
1061 2305 4
1061 3310 5
1061 4251 5
1061 2145 4
1061 1743 4
1061 4599 5
1061 1641 4
1061 297 5
1061 7632 4
1061 1876 5
1061 5248 4
1061 2807 3
1061 6132 4
1061 9014 2
1061 1417 5
1061 1638 5
1061 926 5
1061 306 5
1061 500 3
1061 5645 4
1061 309 5
1061 5997 4
1061 1687 5
1061 1756 4
1061 312 5
1061 1682 3
1061 94 5
1061 2498 5
1061 9378 5
1061 8490 4
1061 211 4
1061 867 5
1061 1411 3
1061 832 4
1062 7411 3
1062 1198 5
1062 9078 5
1062 1594 5
1062 3181 5
1062 2121 5
1062 6354 2
1062 1680 4
1062 7409 4
1062 6927 5
1062 5970 2
1062 6845 5
1062 4193 5
1062 8354 5
1062 5444 5
1062 6076 5
1062 9074 2
1062 7251 5
1062 9379 5
1062 36 4
1062 8616 4
1062 4810 5
1062 9380 4
1062 9326 4
1062 7478 5
1062 4023 5
1062 4412 4
1063 6790 5
1063 5791 5
1063 326 5
1063 6139 4
1063 6132 4
1063 309 2
1063 761 3
1063 9381 4
1063 5703 4
1063 2149 4
1063 258 3
1063 196 3
1063 8427 5
1063 706 3
1063 4287 4
1063 104 3
1063 276 3
1063 1395 5
1063 312 3
1063 245 5
1063 832 5
1063 772 3
1063 211 2
1063 2998 5
1064 3920 5
1064 9382 4
1064 1438 5
1065 1981 5
1065 8693 5
1065 4742 5
1065 650 5
1065 792 5
1065 109 5
1065 738 5
1065 5432 5
1065 3533 5
1065 1988 5
1065 704 5
1065 196 5
1065 309 5
1065 323 5
1065 739 5
1065 1332 5
1065 8087 4
1065 5072 4
1065 4706 5
1065 9383 5
1065 6707 5
1065 217 5
1065 4050 5
1065 1334 5
1065 5953 5
1065 4904 5
1066 4281 5
1066 196 5
1066 155 5
1066 197 5
1066 9335 5
1066 8037 5
1066 1765 5
1066 5856 5
1066 5797 4
1066 712 4
1066 1712 5
1066 4723 2
1066 5830 5
1066 1682 5
1066 319 5
1066 5029 5
1066 3872 4
1067 4527 2
1067 6589 4
1067 757 5
1067 934 4
1067 735 5
1067 7906 5
1067 104 3
1067 706 2
1067 2593 5
1067 699 4
1067 276 2
1067 2629 4
1067 2755 5
1067 5153 1
1067 1240 4
1067 2461 4
1067 1317 4
1067 323 5
1067 313 4
1067 728 4
1067 4721 4
1067 3444 4
1067 305 3
1067 312 1
1067 309 4
1067 732 4
1067 5146 5
1067 288 4
1067 1412 5
1067 2174 5
1067 832 4
1067 258 5
1067 3895 4
1067 2655 1
1067 217 2
1067 712 3
1067 704 5
1067 6966 5
1067 5502 5
1067 1332 5
1067 1474 5
1067 826 3
1067 3580 5
1068 732 4
1068 9384 3
1068 9150 4
1068 8510 4
1068 5416 4
1068 699 4
1068 2755 4
1068 712 5
1068 313 5
1068 3556 5
1068 3555 2
1068 3993 5
1068 739 4
1068 1278 5
1068 4010 5
1068 258 5
1068 741 5
1068 1275 5
1068 104 5
1068 323 4
1068 710 3
1068 196 4
1068 309 5
1068 9385 4
1068 5220 4
1068 3315 5
1069 735 4
1069 732 4
1069 843 4
1069 7325 5
1069 4512 3
1069 4230 5
1069 7473 5
1069 1773 4
1069 9386 5
1069 650 4
1069 824 4
1069 217 3
1069 786 5
1069 699 4
1069 3230 5
1069 9387 5
1069 762 3
1069 309 4
1069 95 5
1069 3549 5
1069 7655 5
1069 4992 5
1069 323 4
1069 312 5
1069 3765 5
1069 751 4
1069 728 4
1069 7568 5
1069 8197 5
1070 2469 4
1070 2381 2
1070 8427 1
1070 2384 4
1070 2403 4
1070 2401 5
1070 1308 5
1070 1913 4
1070 4820 4
1070 2374 5
1070 2548 3
1070 2080 3
1070 8214 5
1070 7108 3
1070 4948 5
1070 1965 4
1070 258 5
1070 8417 5
1070 5833 5
1070 704 5
1070 323 5
1070 759 5
1070 196 5
1070 710 5
1070 7966 5
1070 104 5
1070 8035 4
1070 5793 5
1070 738 5
1070 829 5
1070 734 5
1070 1395 5
1070 217 5
1070 712 5
1070 832 5
1070 313 5
1070 706 5
1070 312 4
1070 276 5
1070 739 3
1070 1985 4
1070 1331 5
1070 1682 5
1070 1773 5
1070 753 5
1070 1945 5
1070 309 5
1070 3533 4
1070 897 1
1070 9388 5
1070 2655 1
1070 4804 5
1071 857 4
1071 1054 4
1071 2262 4
1071 9389 2
1072 2911 4
1072 4071 4
1072 4583 5
1072 1312 4
1072 686 3
1072 4548 4
1072 8410 5
1072 4380 4
1072 2323 5
1072 2320 4
1072 9390 5
1072 3289 4
1072 993 5
1072 5800 5
1072 1675 3
1072 2506 2
1072 242 4
1072 5471 4
1072 7403 5
1072 1770 4
1072 9391 4
1072 8740 5
1072 9392 4
1072 8739 4
1072 721 4
1072 4782 4
1072 2461 4
1072 182 5
1072 9393 5
1072 3144 5
1072 4383 4
1072 4022 4
1072 3806 5
1072 3808 5
1072 6662 5
1072 6964 4
1072 3774 1
1072 9394 5
1072 8033 5
1072 906 5
1072 8830 5
1072 3423 4
1072 8869 4
1072 9395 5
1072 9396 4
1072 5056 5
1072 9397 5
1072 9145 4
1072 9137 5
1072 5051 4
1073 3470 3
1073 7673 5
1073 276 5
1073 4919 4
1073 309 5
1073 732 5
1073 3623 5
1074 9077 5
1074 3700 5
1074 1611 3
1074 6046 5
1074 7513 3
1074 158 4
1074 7780 5
1074 2125 5
1074 191 5
1074 6248 5
1074 7456 4
1074 4957 5
1074 6937 5
1074 7283 5
1074 8029 5
1074 2803 4
1074 122 3
1074 3996 5
1074 8150 4
1074 1889 4
1074 6723 2
1074 7870 3
1074 8023 5
1074 1586 4
1074 2651 4
1074 439 5
1074 2172 3
1074 1783 4
1074 637 4
1074 2817 5
1074 4009 5
1074 3167 5
1074 1617 2
1074 3189 3
1074 5726 5
1074 4187 5
1074 4506 4
1074 1887 5
1074 2117 3
1074 6094 5
1074 6101 2
1074 4424 4
1074 1636 4
1074 4425 4
1074 9398 5
1074 8391 3
1074 1920 4
1074 1652 3
1074 1650 4
1074 9250 5
1074 2034 5
1074 2493 5
1074 3311 4
1074 28 5
1074 7077 5
1074 8710 5
1074 270 5
1074 6079 5
1074 7033 4
1074 4038 5
1074 8001 5
1074 732 4
1074 8383 5
1074 6877 1
1074 5677 4
1074 759 5
1074 6897 4
1074 8904 4
1074 3654 5
1074 9106 5
1074 8885 3
1074 1414 4
1074 7208 4
1074 1978 5
1074 704 4
1074 6075 3
1074 762 5
1074 104 5
1074 167 5
1074 174 4
1074 609 3
1074 1927 4
1074 4535 3
1074 8543 5
1074 9399 4
1074 9400 5
1074 154 5
1074 8032 4
1074 4144 4
1074 859 4
1074 9401 2
1074 6194 3
1074 9177 4
1074 1593 5
1074 706 3
1074 9011 3
1074 4201 5
1074 196 3
1074 5560 4
1074 772 3
1074 313 3
1074 309 3
1074 59 4
1074 4681 3
1074 5026 4
1074 7398 5
1074 699 4
1074 117 4
1074 2139 4
1074 5079 5
1074 3000 5
1074 8204 4
1074 1749 5
1074 9381 5
1074 7667 2
1074 4990 5
1074 9402 5
1075 199 4
1075 9403 3
1075 185 5
1075 3320 5
1075 8688 5
1075 2929 2
1075 7374 5
1075 6402 4
1075 9404 5
1075 3902 4
1075 8531 4
1075 4502 4
1076 832 4
1076 712 2
1076 759 2
1076 727 1
1076 9405 4
1076 2973 5
1076 1960 5
1076 9406 5
1076 7573 5
1076 792 5
1076 762 3
1076 8513 5
1076 7316 5
1076 4149 5
1076 728 5
1076 104 4
1076 843 4
1076 766 4
1076 6332 4
1076 309 5
1076 313 5
1076 833 5
1076 9407 5
1076 1674 5
1076 5603 5
1076 4886 5
1076 155 5
1076 9408 5
1076 231 5
1076 9081 5
1076 9409 5
1076 312 4
1076 5978 5
1076 1756 5
1076 4713 5
1076 9407 5
1076 5252 5
1076 9410 5
1076 3913 5
1076 1387 5
1076 4558 5
1076 4094 5
1076 3615 5
1076 3275 5
1076 2010 5
1076 5409 5
1076 8577 5
1076 9411 5
1076 926 5
1076 3379 5
1076 9412 1
1076 7196 5
1077 4875 5
1077 712 5
1077 9413 4
1077 5095 5
1077 309 3
1077 8099 5
1078 3740 5
1078 9102 5
1078 217 3
1078 759 1
1078 3932 5
1078 312 5
1078 3966 5
1078 258 4
1078 1395 5
1078 3107 5
1078 1771 5
1078 309 4
1078 5400 1
1078 6910 4
1078 7112 5
1078 5523 5
1079 6965 5
1079 309 5
1079 759 5
1079 6474 5
1079 6952 5
1079 312 1
1079 217 5
1079 1403 1
1079 315 5
1079 829 5
1079 1395 5
1079 704 5
1079 954 5
1079 9414 2
1079 9415 5
1079 712 5
1079 5028 5
1079 706 5
1079 196 5
1079 1932 5
1079 3561 5
1079 323 5
1079 4447 5
1079 104 5
1079 7176 5
1079 4965 5
1079 925 5
1079 4901 1
1079 8621 5
1079 761 5
1079 4023 5
1079 247 5
1079 3708 5
1079 4681 5
1079 821 5
1079 699 5
1079 8531 2
1079 4053 5
1079 1526 5
1079 2833 5
1079 5409 5
1079 843 5
1079 780 5
1079 753 5
1079 4917 5
1079 211 5
1079 3123 5
1079 5262 2
1079 5664 5
1079 728 5
1079 7612 5
1079 2669 5
1079 3602 5
1079 3952 5
1079 4125 4
1079 4864 5
1079 6240 5
1079 3313 5
1079 6551 5
1079 4467 5
1079 1884 1
1079 4673 1
1079 5048 1
1080 5877 5
1080 3555 4
1080 712 5
1080 3263 5
1081 8165 2
1081 312 5
1081 3068 5
1081 658 5
1081 8917 5
1081 685 2
1081 211 5
1081 5758 5
1081 1088 5
1081 8220 4
1081 9291 5
1081 9273 5
1081 4491 5
1081 9416 5
1081 4648 5
1081 1637 5
1081 4157 4
1081 6434 4
1081 4779 5
1081 2492 3
1081 4711 5
1081 9417 4
1081 934 5
1081 4987 1
1081 5048 2
1081 4192 5
1081 9418 3
1081 9419 5
1081 3686 3
1082 3012 3
1082 4940 4
1082 6363 5
1082 2130 5
1082 8382 5
1082 4946 4
1082 6435 5
1082 2680 5
1082 3277 5
1082 2655 1
1082 4454 5
1082 9420 5
1082 1292 5
1082 1680 5
1082 1673 5
1082 2961 5
1082 4352 5
1082 3710 3
1082 1954 5
1082 7251 5
1082 1387 3
1082 8422 3
1082 1734 5
1082 167 1
1082 6983 5
1082 5149 5
1082 673 5
1082 265 5
1082 1542 5
1082 8823 5
1082 5004 5
1082 8388 5
1082 1639 5
1082 6568 5
1082 4725 5
1082 732 5
1082 1977 5
1082 9248 5
1082 762 5
1082 268 5
1082 9421 4
1082 6394 5
1082 1217 4
1082 975 3
1082 84 5
1082 1027 5
1082 2537 5
1082 3090 5
1082 5093 5
1082 4099 5
1082 9422 4
1082 276 5
1082 9423 5
1082 3555 2
1082 1988 5
1082 4995 5
1082 210 5
1082 196 5
1082 1760 5
1082 2929 5
1082 609 5
1082 1981 5
1082 9424 5
1082 6131 4
1082 3269 5
1082 1317 5
1082 1689 4
1082 3284 5
1082 2846 4
1082 9425 5
1082 4817 5
1082 7523 5
1082 9282 4
1082 8037 4
1082 1275 2
1082 9426 5
1082 286 5
1082 4743 5
1082 9297 5
1082 3739 5
1082 8389 5
1082 28 5
1082 4513 5
1082 1315 5
1082 4324 5
1082 792 5
1082 8383 5
1082 7121 5
1082 738 5
1082 120 5
1082 706 5
1082 4564 5
1082 5270 5
1082 1625 5
1082 739 5
1082 1709 5
1082 2147 5
1082 3084 3
1082 4981 5
1082 227 5
1082 5152 2
1082 704 5
1082 9264 5
1082 743 5
1082 217 5
1082 7413 5
1082 7420 5
1082 2424 5
1082 650 5
1082 1775 3
1082 4821 5
1082 829 5
1082 211 5
1082 309 5
1082 1278 5
1082 139 5
1082 1326 5
1082 3566 5
1082 4772 5
1082 716 5
1082 1991 5
1082 772 5
1082 2264 5
1082 5486 5
1082 3080 5
1082 9294 5
1082 20 5
1082 640 1
1082 1331 5
1082 5064 5
1082 1328 5
1082 4325 5
1082 9427 1
1082 8693 5
1082 1321 5
1082 216 5
1082 8425 5
1082 1395 5
1082 7474 5
1082 9428 5
1082 188 5
1082 7553 5
1082 4120 2
1082 242 5
1082 3285 5
1082 4688 5
1082 3140 5
1082 7235 5
1082 4370 5
1082 766 5
1082 4944 3
1082 2119 5
1082 1740 5
1082 3721 5
1082 927 5
1082 699 5
1082 747 5
1082 4980 5
1082 4982 5
1082 2042 5
1082 1343 5
1082 127 5
1082 1355 4
1082 9429 5
1082 722 5
1082 4702 5
1082 3268 5
1082 1314 5
1082 9430 5
1082 5249 5
1082 178 5
1082 3711 2
1082 840 5
1082 1993 2
1082 7557 5
1082 824 5
1082 2677 5
1082 741 5
1082 3963 5
1082 5791 5
1082 6202 5
1082 305 5
1082 7328 5
1082 8003 5
1082 9431 5
1082 900 5
1082 774 5
1082 4413 5
1082 755 1
1082 237 5
1082 5036 5
1082 3122 5
1082 4113 5
1082 1721 5
1082 7461 5
1082 1335 2
1082 9127 4
1082 2153 5
1082 1747 4
1082 9432 5
1082 313 5
1082 1408 5
1082 3658 5
1082 7710 5
1082 4715 5
1082 6665 5
1082 1352 5
1082 4369 5
1082 7819 5
1082 1978 5
1082 841 5
1082 757 5
1082 3556 5
1082 3270 5
1082 7757 5
1082 323 5
1082 837 5
1082 2751 5
1082 753 5
1082 787 5
1082 6357 4
1082 822 5
1082 1260 2
1082 1620 5
1082 5488 5
1082 222 5
1082 4988 5
1082 5433 5
1082 288 5
1082 7022 5
1082 1313 3
1082 1391 5
1082 1034 5
1082 97 5
1082 4281 5
1082 1682 5
1082 3594 5
1082 6076 5
1082 9352 5
1082 4371 5
1082 780 4
1082 9433 5
1082 827 5
1082 8785 5
1082 5206 5
1082 7567 5
1082 8638 5
1082 8034 5
1082 934 5
1082 2151 5
1082 1415 2
1082 712 3
1082 3529 5
1082 3666 5
1082 836 1
1082 1274 5
1082 312 5
1082 3263 5
1082 8878 5
1082 164 5
1082 3000 5
1082 832 5
1082 728 5
1082 726 5
1082 3435 5
1082 9120 5
1082 5409 5
1082 759 2
1082 4443 5
1082 8592 5
1082 846 5
1082 3146 5
1082 9434 5
1082 5481 5
1082 104 5
1082 258 5
1082 9435 5
1082 5079 5
1082 3266 5
1082 4825 5
1082 2632 5
1082 857 5
1082 925 5
1082 1753 5
1082 9347 5
1082 645 5
1082 9278 5
1082 7485 4
1082 9436 5
1082 9437 2
1082 3777 5
1082 4559 5
1082 785 5
1082 8932 5
1082 9438 5
1082 4066 5
1082 905 5
1082 124 5
1082 5124 5
1082 1060 5
1082 8289 5
1082 7992 5
1082 4828 5
1082 5815 5
1082 8857 5
1082 8468 4
1082 9439 5
1082 9440 4
1082 7248 5
1082 5220 5
1082 5859 5
1082 6441 5
1082 1516 5
1082 1052 5
1082 4218 5
1082 888 4
1082 9441 5
1082 9442 5
1082 125 5
1082 9443 4
1082 944 5
1082 979 5
1082 9444 4
1082 1349 5
1082 1013 5
1082 8033 5
1082 9445 4
1082 992 4
1082 1487 5
1082 9446 4
1082 1491 5
1082 9447 5
1082 963 5
1082 906 4
1082 5089 5
1082 8636 5
1082 9448 5
1082 5170 5
1082 964 5
1082 184 4
1082 9251 5
1082 4565 4
1082 8028 5
1082 9449 4
1082 9450 5
1082 1452 5
1082 3887 5
1082 977 5
1082 3250 5
1082 9451 5
1082 1039 5
1082 1468 5
1082 4716 5
1082 1037 5
1082 3717 5
1082 1028 5
1082 4883 5
1082 3085 4
1082 9452 5
1082 3796 5
1082 3590 4
1082 1075 5
1082 2499 5
1082 9453 5
1082 4083 5
1082 1093 5
1082 4633 3
1082 327 5
1082 8193 5
1082 2264 5
1082 3686 5
1082 3830 5
1082 994 5
1082 1572 5
1082 284 5
1082 2095 5
1082 1081 5
1082 9454 5
1082 1457 3
1082 1506 5
1082 9210 5
1082 1513 1
1082 9455 5
1082 9456 5
1082 1076 5
1082 55 5
1082 3884 5
1082 9429 5
1082 9094 5
1082 9457 5
1082 1067 5
1082 3755 5
1082 9458 5
1082 1104 5
1082 9459 4
1083 1395 5
1083 772 5
1083 8375 5
1083 712 5
1083 1775 5
1083 1331 5
1083 231 5
1083 9366 4
1083 1955 5
1083 706 1
1083 2939 5
1083 843 5
1083 1355 2
1083 297 5
1083 278 5
1083 738 5
1083 704 5
1083 739 5
1083 114 4
1083 762 5
1083 280 5
1083 7534 3
1083 710 5
1083 309 5
1083 309 5
1083 309 5
1083 9095 2
1083 313 5
1083 7561 5
1083 196 3
1083 211 5
1083 3555 1
1083 8042 5
1083 810 5
1083 3184 4
1083 753 5
1083 792 1
1083 759 1
1083 3711 1
1083 1998 1
1083 323 5
1083 824 5
1083 1335 2
1083 312 5
1083 1263 5
1083 1682 1
1083 1415 1
1083 251 5
1083 1391 5
1083 780 1
1083 1660 5
1083 9460 5
1083 827 5
1083 1275 1
1083 258 1
1083 1408 5
1083 1414 1
1083 728 1
1083 1260 1
1083 836 5
1083 1274 5
1083 774 5
1084 153 5
1084 4198 5
1084 2784 5
1084 7628 4
1084 3513 5
1084 7658 5
1084 7655 4
1084 9122 4
1084 3273 5
1084 4457 4
1084 2504 5
1084 699 5
1084 795 4
1084 244 4
1084 9461 5
1084 9462 5
1084 687 4
1084 5053 4
1084 9463 5
1084 4554 4
1084 2037 5
1084 1408 5
1084 323 5
1084 4025 5
1084 1912 5
1084 5154 5
1084 8416 5
1084 2264 5
1084 4062 5
1084 309 4
1084 1469 5
1084 6908 5
1084 3606 5
1084 1379 4
1084 7432 5
1084 4871 5
1084 9464 5
1084 8522 5
1084 8377 3
1084 54 5
1084 7461 5
1084 2968 3
1084 865 4
1084 4335 3
1084 2492 5
1084 4984 3
1084 7798 3
1084 4202 4
1084 3298 3
1084 1918 5
1084 5772 5
1084 9057 4
1084 9465 5
1084 4829 5
1084 1395 3
1084 8153 5
1084 258 3
1084 4356 4
1084 2558 4
1084 739 3
1084 6313 3
1084 7456 5
1084 4023 5
1085 288 5
1085 4262 5
1085 9180 5
1085 327 4
1085 1263 5
1085 1439 5
1085 323 2
1085 8310 5
1086 728 3
1086 656 1
1086 8973 5
1086 3000 5
1086 4688 3
1086 1535 2
1086 7738 4
1086 2778 5
1086 1774 2
1086 832 4
1086 766 5
1086 3993 3
1086 9269 4
1086 829 4
1086 258 4
1086 699 5
1086 3708 2
1086 309 4
1086 211 4
1086 4366 3
1086 1395 3
1086 217 2
1086 710 3
1086 1772 5
1086 312 4
1086 739 3
1086 1925 5
1086 28 4
1086 95 5
1086 2706 1
1086 9466 5
1086 6351 4
1086 726 3
1086 4844 2
1086 323 3
1087 1395 5
1087 4454 3
1087 4702 5
1087 5436 4
1087 4256 4
1087 4191 4
1088 4277 4
1088 5417 2
1088 9033 4
1088 309 5
1088 3250 3
1088 229 5
1088 8296 5
1088 9101 5
1088 6397 4
1088 9366 5
1088 197 3
1088 7534 5
1088 3044 5
1088 9467 5
1088 3610 5
1088 1960 5
1088 5163 4
1089 4655 5
1089 4895 5
1089 5339 5
1089 1410 4
1089 3565 5
1089 912 4
1089 6385 4
1089 4007 2
1089 7590 5
1089 337 5
1089 1895 4
1089 9033 4
1089 4595 5
1089 6178 4
1089 9468 2
1089 309 5
1089 5561 3
1090 2142 2
1090 9469 5
1090 1729 4
1090 7602 4
1090 9377 5
1090 5273 5
1090 9082 5
1090 4658 4
1090 5125 1
1090 7896 4
1090 4454 4
1090 9470 5
1090 7750 5
1090 9468 4
1090 274 2
1090 1744 4
1090 309 5
1090 9471 4
1090 5731 5
1090 173 4
1090 9472 5
1090 4300 4
1090 9174 5
1090 5620 1
1090 7746 5
1090 262 5
1090 2758 5
1090 3707 5
1091 2935 5
1091 174 4
1091 762 3
1091 9473 3
1091 4898 5
1091 9127 5
1091 8974 5
1091 728 3
1091 7478 5
1091 7551 5
1091 5572 5
1091 313 5
1091 2499 5
1091 164 5
1091 258 3
1091 312 3
1091 740 5
1091 1260 3
1091 9474 5
1091 309 3
1091 288 3
1091 1403 1
1091 5640 1
1091 896 5
1091 1042 5
1091 850 5
1091 3449 5
1092 3884 3
1092 1278 4
1092 196 1
1092 2703 5
1092 3435 5
1092 900 4
1092 3075 4
1092 309 4
1092 4552 5
1092 9381 4
1092 728 5
1092 4681 4
1092 4775 4
1092 4459 4
1092 276 3
1092 9475 4
1093 4771 5
1093 673 5
1093 695 3
1093 104 3
1093 3461 5
1093 4114 5
1093 3713 4
1093 7018 5
1093 2149 4
1093 9476 5
1093 683 5
1093 312 4
1093 694 5
1093 9477 5
1093 4800 3
1093 4102 5
1093 4677 4
1093 782 1
1093 276 4
1093 741 4
1093 6692 5
1093 9478 5
1093 8097 5
1093 258 4
1093 9479 5
1093 9480 2
1093 196 1
1093 1698 2
1093 313 5
1093 824 4
1093 4970 5
1093 323 4
1093 5129 5
1093 699 4
1093 3035 5
1093 1329 5
1093 309 5
1093 4079 4
1093 728 3
1093 884 5
1093 341 4
1093 438 1
1093 4782 4
1093 3275 4
1093 5112 5
1094 712 3
1094 2655 1
1094 3105 4
1094 6049 4
1094 309 1
1095 9481 5
1095 9482 3
1095 5221 4
1095 9483 2
1095 7250 5
1095 717 5
1095 1753 5
1096 8310 5
1096 9359 5
1096 3046 4
1096 9134 5
1096 1089 5
1096 5626 4
1096 9209 5
1096 423 4
1097 3161 5
1097 1948 1
1097 1578 4
1097 7131 4
1097 1574 4
1097 6282 5
1097 3638 4
1097 1403 1
1097 1828 4
1097 762 4
1097 1241 5
1097 2650 5
1097 9108 4
1097 276 5
1097 2701 5
1097 8761 5
1097 9192 5
1097 4074 1
1097 9258 5
1097 7548 4
1097 4898 5
1097 9484 4
1097 8118 5
1097 3270 5
1097 3115 4
1097 3166 1
1097 4682 4
1097 3824 3
1097 934 4
1097 2648 5
1097 1048 4
1097 5166 1
1097 1329 5
1097 9485 5
1097 2718 5
1097 3155 5
1097 4154 4
1097 9486 4
1097 9487 5
1097 1515 1
1097 4683 4
1097 9488 5
1097 9489 3
1097 3315 5
1097 1462 5
1097 3853 5
1097 5482 4
1097 3934 5
1097 3393 4
1097 1067 5
1097 917 1
1097 974 5
1097 1519 4
1097 9490 3
1097 4095 5
1097 9491 5
1097 3943 4
1097 9492 5
1097 4949 5
1097 5498 5
1097 9493 5
1097 9494 5
1098 762 5
1098 313 3
1098 3705 4
1098 4936 5
1098 902 5
1098 4508 1
1098 7935 5
1098 4264 5
1098 5107 5
1098 5095 5
1098 7800 5
1098 747 5
1098 4821 4
1098 7770 5
1098 28 3
1098 309 3
1098 9495 5
1098 6256 5
1098 8507 4
1098 3497 5
1098 3702 3
1098 740 3
1098 2832 3
1098 803 5
1098 3659 4
1098 5104 4
1098 2841 3
1098 996 4
1098 4275 2
1098 9496 4
1098 1002 5
1099 6360 1
1099 4740 5
1099 7982 5
1099 8563 5
1099 6884 5
1099 274 5
1099 6958 5
1099 4243 4
1099 5023 3
1099 4972 4
1100 196 5
1100 312 5
1100 7759 4
1100 2751 4
1100 1332 5
1100 4314 4
1100 258 5
1100 276 5
1100 828 4
1100 104 1
1100 3395 4
1100 3195 5
1100 4366 5
1100 4680 4
1100 63 5
1100 2497 5
1100 5069 4
1100 323 5
1100 4502 4
1100 738 5
1100 832 5
1100 2091 5
1100 3024 5
1100 3902 5
1100 9247 5
1101 258 4
1101 312 5
1101 1322 2
1101 309 5
1101 699 5
1101 728 4
1101 836 5
1101 1403 4
1101 678 5
1101 3140 5
1101 1420 5
1101 537 4
1101 9497 5
1101 256 5
1101 9498 2
1102 7801 5
1102 1939 5
1102 28 1
1102 1867 4
1102 4806 3
1102 9499 5
1102 728 5
1102 4149 5
1102 196 4
1102 1345 5
1102 2996 5
1102 309 5
1103 5943 4
1103 3335 3
1103 3017 5
1103 3294 1
1103 4296 5
1103 3195 5
1103 3698 2
1103 153 5
1103 6496 5
1103 4934 4
1104 574 1
1104 1607 5
1104 728 5
1104 8602 5
1104 766 3
1104 764 5
1104 4386 4
1104 8007 5
1104 2036 5
1104 4277 2
1104 9500 3
1104 2959 2
1104 977 1
1104 3849 1
1104 4568 1
1104 919 5
1104 9501 5
1104 9387 5
1104 1049 5
1104 9502 5
1105 9503 1
1105 7310 5
1105 309 2
1105 1994 5
1105 3315 5
1105 728 3
1105 6304 5
1105 857 5
1105 5209 5
1106 323 5
1106 6516 5
1106 9504 5
1106 258 5
1106 313 5
1106 5820 5
1106 6665 5
1106 753 5
1106 276 5
1107 8829 4
1107 309 5
1107 5156 3
1107 258 5
1107 706 5
1107 1441 4
1107 5370 4
1107 934 5
1108 1361 5
1108 4765 1
1108 1316 4
1108 9505 5
1108 6062 4
1108 8914 4
1108 97 5
1108 4535 4
1108 1292 5
1108 9506 4
1108 9507 5
1108 4557 5
1108 122 4
1108 9284 2
1108 7462 4
1108 5349 5
1108 4943 5
1108 6053 4
1108 4324 5
1108 6708 4
1108 59 5
1108 2904 5
1108 9508 5
1108 9294 3
1108 172 5
1108 738 4
1108 1982 3
1108 313 3
1108 4676 5
1108 759 3
1108 211 3
1108 257 5
1108 309 5
1108 9509 5
1108 914 4
1108 5432 5
1108 1939 5
1108 1721 5
1108 7738 5
1108 9402 5
1108 6079 5
1108 3954 5
1109 309 4
1109 305 4
1109 5513 5
1109 1419 3
1109 8087 1
1109 4417 5
1109 4417 5
1109 3450 5
1109 312 4
1109 1332 4
1109 9510 4
1109 747 5
1109 753 5
1109 832 5
1109 5443 4
1109 3611 5
1109 8399 1
1109 3322 5
1109 2687 4
1109 5811 5
1109 6939 5
1109 5490 2
1109 9511 3
1109 742 4
1109 3797 5
1109 2695 4
1109 9159 5
1109 3583 4
1109 3790 4
1110 9512 5
1110 6713 5
1110 1003 3
1110 1720 3
1110 9513 5
1110 8763 5
1110 5334 5
1111 3700 5
1111 8186 5
1111 4981 5
1111 157 5
1111 265 5
1111 1435 3
1111 7750 4
1111 8537 5
1111 8511 5
1111 6181 5
1112 9514 5
1112 2723 4
1112 740 5
1112 288 5
1112 706 5
1112 3575 5
1112 710 5
1112 8373 4
1112 2498 5
1112 719 4
1112 59 5
1112 8939 5
1112 309 5
1112 9515 4
1112 9516 5
1112 1939 5
1112 1604 5
1112 3935 5
1112 312 5
1112 323 5
1113 196 5
1113 323 5
1113 1982 5
1113 309 5
1113 1275 5
1113 7859 5
1113 9517 5
1113 735 5
1113 211 5
1113 3658 5
1113 3123 5
1113 5281 5
1114 1386 1
1114 9518 5
1114 3696 4
1114 4552 5
1114 4166 3
1114 3835 5
1114 6917 4
1114 3419 5
1114 4782 5
1114 5018 5
1114 5087 4
1114 4645 3
1114 5590 4
1115 8682 4
1115 5018 4
1115 4782 4
1115 9506 4
1116 5906 4
1116 9519 2
1116 20 5
1116 3356 4
1116 2047 5
1116 4433 5
1116 1719 5
1116 1939 5
1116 323 5
1116 9520 5
1116 4859 4
1116 3995 3
1116 9521 5
1116 4297 5
1116 792 5
1116 8912 5
1116 3986 3
1116 4698 5
1116 196 4
1116 1882 5
1116 7500 5
1116 250 3
1116 3216 5
1116 919 3
1116 2492 5
1116 706 5
1116 2048 5
1116 4058 4
1116 4552 3
1116 6688 5
1116 2091 5
1116 5306 5
1116 712 5
1116 734 5
1116 6259 5
1116 309 4
1116 3359 5
1116 6240 5
1116 2827 5
1116 771 2
1116 3263 5
1116 5026 4
1116 4502 5
1116 765 5
1116 3300 5
1116 8378 5
1116 1263 4
1116 4282 5
1116 5822 4
1116 4943 5
1116 1955 5
1116 276 4
1116 305 5
1116 5826 5
1116 327 3
1116 170 4
1117 8925 4
1117 9522 5
1117 4197 4
1117 9523 5
1118 2087 5
1118 2444 5
1118 644 5
1118 6895 4
1118 4106 5
1118 6353 5
1118 7055 4
1118 2714 5
1118 4697 3
1118 313 3
1118 9524 4
1118 2835 5
1118 2327 5
1118 8256 5
1118 7652 4
1118 7950 5
1118 5975 1
1118 9342 3
1118 8838 5
1118 5502 5
1118 5441 5
1118 217 3
1118 4340 4
1118 2645 5
1118 7750 4
1118 211 5
1118 7017 4
1118 4486 5
1118 6691 5
1118 5819 5
1118 1278 3
1118 948 5
1118 4821 5
1118 9525 3
1118 11 2
1118 7244 3
1118 6255 4
1118 76 4
1118 917 5
1118 105 4
1118 1328 5
1118 8538 5
1118 8153 5
1118 4723 2
1118 7805 5
1118 8124 4
1118 734 4
1118 1757 4
1118 1241 5
1118 3920 4
1118 8921 4
1118 4134 3
1118 717 5
1118 3230 4
1118 2119 5
1118 4086 5
1118 5350 5
1118 706 4
1118 2705 5
1118 312 3
1118 77 5
1118 2265 4
1118 3110 5
1118 7443 5
1118 1620 4
1118 8009 4
1118 727 5
1118 5180 5
1118 196 5
1118 6719 4
1118 4883 4
1118 258 5
1118 1678 5
1118 704 4
1118 7907 5
1118 8254 5
1118 1467 3
1118 8193 5
1118 5110 5
1118 9526 4
1118 735 5
1118 699 3
1118 2230 4
1118 5475 4
1118 4999 4
1118 762 5
1118 748 4
1118 732 3
1118 2708 4
1118 8910 5
1118 5099 4
1118 6936 1
1118 8185 2
1118 707 3
1118 323 5
1118 288 5
1118 309 3
1118 6684 5
1118 2667 4
1118 7938 5
1118 452 3
1118 6994 5
1118 4417 5
1118 720 3
1118 5309 5
1119 4088 5
1119 2668 4
1119 8065 4
1119 7984 5
1119 589 5
1119 774 5
1119 4107 5
1119 153 5
1119 9527 5
1119 4047 4
1120 1939 5
1120 309 3
1120 3397 4
1120 3488 4
1120 3146 5
1120 4023 5
1120 3857 3
1120 6391 4
1120 5018 4
1120 1377 4
1120 3812 4
1120 2135 3
1120 9136 5
1120 1047 4
1120 9528 4
1120 5606 4
1120 7712 4
1120 2558 3
1120 9529 5
1120 5346 5
1120 6080 4
1120 3615 3
1120 6372 3
1120 9530 3
1120 75 4
1120 263 3
1120 211 4
1120 4989 4
1120 9531 4
1120 9532 4
1120 9145 4
1120 8835 3
1120 728 3
1120 9533 3
1120 9276 3
1120 9534 4
1120 2730 4
1120 2678 4
1120 8367 3
1120 9535 4
1121 317 5
1121 146 5
1121 8628 5
1121 4499 5
1121 7254 4
1121 7251 4
1121 250 5
1121 837 5
1121 9309 5
1121 1641 2
1121 8030 5
1121 48 5
1121 158 5
1121 1638 5
1121 309 4
1121 70 4
1121 4796 5
1121 4208 4
1121 4769 5
1121 89 5
1121 3964 5
1121 5434 5
1121 4510 5
1121 8992 5
1121 4075 4
1121 2002 5
1121 8884 4
1121 2132 5
1121 4127 3
1121 706 5
1121 4447 4
1121 4434 4
1121 3024 5
1121 6049 5
1121 4131 4
1121 252 4
1121 280 5
1121 9536 4
1121 4529 5
1121 2827 5
1121 316 4
1121 9537 5
1122 1931 5
1122 1414 1
1122 3923 5
1122 1029 5
1122 4199 5
1122 258 4
1122 9538 5
1122 837 5
1122 792 4
1122 710 1
1122 217 4
1122 8685 5
1122 1276 5
1122 1278 4
1122 610 4
1122 211 2
1122 288 5
1122 3923 5
1122 1332 5
1122 704 4
1122 3465 2
1122 196 4
1122 104 5
1122 762 4
1122 323 4
1122 1395 3
1122 954 4
1122 5018 5
1122 313 4
1122 1049 4
1123 9378 5
1123 948 5
1123 732 5
1123 4673 4
1123 9247 5
1123 4399 4
1123 4392 4
1124 6175 4
1124 4093 4
1124 712 5
1125 105 5
1125 5000 5
1125 9539 4
1126 7298 5
1126 9540 5
1126 9414 5
1126 9116 4
1126 9541 4
1126 671 5
1126 7710 1
1126 6406 5
1126 7609 5
1126 5827 4
1126 650 5
1126 1278 4
1126 2655 5
1126 7365 5
1126 2143 5
1126 9542 5
1126 9305 4
1126 9452 5
1126 323 5
1126 258 1
1126 8419 5
1126 712 5
1126 35 4
1126 2629 3
1126 9543 5
1126 2551 5
1126 699 5
1126 716 5
1126 4134 5
1126 1747 5
1126 837 5
1126 5594 3
1126 104 3
1126 791 2
1126 5477 4
1126 2461 5
1126 740 1
1126 5026 4
1126 5119 5
1126 288 3
1126 312 5
1126 9544 5
1126 4980 5
1126 4982 1
1126 8943 5
1126 7657 5
1126 4433 3
1126 278 1
1126 9464 4
1126 4983 4
1126 4887 1
1126 8634 4
1126 1277 5
1126 313 3
1126 309 3
1126 8070 4
1126 710 3
1126 723 5
1126 5249 5
1126 196 5
1126 9545 5
1127 9546 4
1127 8026 4
1127 5357 4
1127 9547 3
1127 4155 4
1127 9548 3
1127 2715 5
1128 3447 4
1128 258 3
1128 5620 4
1128 7608 5
1128 5417 4
1128 7380 5
1128 3954 5
1128 8198 5
1128 9549 5
1128 309 3
1128 4641 5
1128 9550 5
1128 5797 3
1128 7799 5
1128 7567 5
1128 8054 5
1128 4361 4
1128 772 3
1128 820 5
1128 8535 5
1128 4674 4
1128 4243 4
1128 2931 4
1128 2737 4
1128 7241 4
1128 9330 5
1128 5953 3
1128 5135 4
1129 104 3
1129 1418 3
1129 4301 5
1129 217 5
1129 3149 4
1129 829 5
1129 309 5
1129 2901 5
1129 738 5
1129 1436 4
1129 9551 5
1129 4927 4
1129 281 5
1129 3814 5
1129 9552 4
1129 9553 4
1129 4021 4
1129 1876 5
1129 3905 5
1129 6148 5
1129 2230 4
1129 5036 4
1129 5113 4
1129 5529 5
1130 762 1
1130 4870 5
1130 6127 5
1130 1709 5
1130 1664 5
1130 1726 1
1130 84 5
1130 1428 5
1130 1439 5
1130 5206 3
1130 286 5
1130 1718 2
1130 4983 5
1130 4361 5
1130 9554 5
1130 288 5
1130 7049 5
1130 9523 5
1130 7455 4
1130 5991 4
1130 8021 5
1130 3173 5
1130 5036 4
1130 4957 4
1130 4275 5
1130 5004 5
1130 9555 5
1130 4233 4
1130 216 4
1130 9556 5
1130 4599 5
1130 5028 5
1130 2148 5
1130 4044 2
1130 1274 5
1130 3963 5
1130 1260 5
1130 975 5
1130 5628 5
1130 5328 5
1130 7255 5
1130 309 5
1130 1506 5
1130 1050 5
1130 9411 5
1130 5202 5
1130 5791 4
1130 712 5
1130 4059 3
1130 5249 1
1130 9557 3
1130 275 5
1130 5804 5
1130 1526 4
1130 9558 5
1130 820 4
1130 7601 5
1130 2737 5
1130 9559 5
1130 1032 5
1130 9560 4
1130 3498 4
1130 3193 2
1130 9561 5
1130 6651 5
1130 6076 4
1130 4884 4
1130 7685 4
1130 4792 5
1130 5029 4
1130 8982 5
1130 4394 4
1130 4723 4
1130 9562 4
1130 2754 5
1130 4673 2
1130 5058 4
1131 1476 1
1131 4037 4
1131 706 5
1131 7812 4
1131 1891 5
1131 668 5
1131 8713 5
1131 7205 5
1131 8357 5
1131 6038 4
1131 9563 4
1131 323 5
1131 1292 5
1131 889 1
1131 4368 2
1131 196 5
1131 4510 5
1131 2499 5
1131 5449 5
1131 276 5
1131 738 5
1131 3460 5
1131 9202 5
1131 761 5
1131 6213 5
1131 309 5
1131 8716 5
1131 7743 5
1131 4306 5
1131 9564 4
1131 4094 5
1131 9565 5
1131 9566 5
1131 5999 2
1131 4477 5
1131 4305 4
1131 6049 4
1131 3025 5
1131 9151 5
1131 4185 5
1131 5069 5
1131 4449 5
1131 9567 4
1131 9568 5
1131 9569 5
1131 8913 5
1131 9570 5
1131 717 5
1131 315 5
1131 4314 5
1131 857 5
1131 3550 5
1131 947 3
1131 3149 3
1131 3717 5
1131 8151 5
1131 8514 5
1131 9571 5
1131 5830 5
1131 9572 5
1131 327 5
1131 9573 5
1131 8495 4
1131 5467 4
1131 1516 5
1131 4220 3
1131 1492 5
1131 9574 5
1131 2091 5
1131 1010 5
1131 3819 5
1131 954 5
1131 934 5
1131 8074 4
1131 3446 4
1132 9196 4
1132 9575 4
1132 9576 5
1132 3166 5
1133 1673 4
1133 4915 5
1133 6913 5
1133 6787 4
1133 8628 5
1133 117 5
1133 772 4
1133 8896 5
1133 4661 4
1133 104 5
1133 829 5
1133 276 5
1133 9577 5
1133 258 3
1133 7076 4
1133 671 2
1133 1399 1
1133 174 4
1133 607 5
1133 7829 5
1133 4091 5
1133 9578 5
1133 59 4
1133 609 5
1133 640 1
1133 3022 4
1133 185 5
1133 9579 5
1133 6985 5
1133 1939 5
1133 9516 4
1133 3990 4
1133 9340 5
1133 1700 5
1133 5420 5
1133 7253 3
1133 3708 5
1133 5152 3
1133 3077 5
1133 217 4
1133 650 3
1133 8531 5
1133 1278 3
1133 9059 5
1133 251 4
1133 5477 5
1133 712 0
1133 9427 1
1133 1331 5
1133 2851 5
1133 3564 5
1133 9344 5
1133 3494 5
1133 4229 5
1133 313 5
1133 323 4
1133 1898 5
1133 4127 5
1133 1276 5
1133 5073 5
1133 5349 4
1133 9011 5
1133 70 5
1133 6005 3
1133 6256 5
1133 4078 5
1133 2929 2
1133 8523 5
1133 9033 4
1133 8146 4
1133 662 3
1133 5920 5
1133 699 3
1133 6684 5
1133 777 5
1133 3017 5
1133 8890 5
1133 5267 5
1133 6075 4
1133 1687 4
1133 8376 5
1133 4419 4
1133 5221 5
1133 1262 5
1133 278 3
1133 4296 5
1133 4445 5
1133 740 3
1133 1275 2
1133 5125 5
1133 4426 5
1133 5053 4
1133 318 5
1133 6453 5
1133 1753 5
1133 704 4
1133 710 4
1133 7357 5
1133 5037 5
1133 89 5
1133 755 1
1133 875 4
1133 9580 3
1133 8891 5
1133 312 5
1133 8129 5
1133 5276 5
1133 305 5
1133 309 4
1133 2978 5
1133 3959 5
1133 9581 5
1133 2827 5
1133 5814 5
1133 4698 1
1133 9582 5
1133 8068 5
1133 4053 5
1133 7602 4
1133 4795 5
1133 3393 4
1133 9379 5
1134 712 4
1134 5459 5
1134 196 5
1134 1301 4
1134 843 3
1134 9583 5
1134 3059 5
1134 686 4
1134 2710 4
1134 832 3
1134 5703 5
1134 1278 3
1134 1277 4
1134 9584 2
1134 1498 5
1134 9585 3
1134 8372 5
1134 723 5
1134 1317 3
1134 82 4
1134 766 5
1134 323 1
1134 312 5
1134 5588 5
1134 9586 4
1134 258 4
1134 9587 5
1134 4827 4
1134 3422 1
1135 8508 5
1135 9588 2
1135 7934 4
1135 710 5
1135 5028 4
1135 8802 4
1135 6215 5
1135 2158 5
1135 3447 4
1135 3985 4
1135 4969 5
1135 2758 4
1135 810 4
1135 3446 4
1135 4417 4
1136 5760 4
1136 5601 4
1136 7398 5
1136 9589 5
1136 3556 5
1136 4694 5
1136 5217 3
1136 9467 4
1136 1355 2
1136 7300 4
1136 1864 4
1136 4675 3
1136 7380 5
1136 9590 5
1137 7750 4
1137 1620 5
1137 9591 4
1137 75 5
1137 4988 1
1137 7710 5
1137 3575 4
1137 4203 5
1137 9506 2
1137 5459 5
1138 5461 3
1138 159 4
1138 5331 4
1138 738 3
1138 217 3
1138 4811 2
1138 1722 3
1138 28 3
1138 9592 4
1138 829 3
1138 322 5
1138 323 5
1138 309 5
1138 313 4
1138 3929 4
1138 5112 3
1138 9391 5
1138 7073 4
1138 5036 4
1138 3447 4
1138 9593 4
1138 9411 3
1138 4277 5
1139 9594 5
1139 6929 2
1139 3229 5
1139 7839 5
1139 5917 5
1139 6521 4
1139 2008 5
1139 9079 5
1139 6758 5
1139 1824 5
1139 7805 5
1139 7466 5
1139 7530 5
1139 8882 5
1139 6452 5
1139 6428 1
1139 50 5
1139 6252 5
1139 7629 5
1139 6254 5
1139 7171 5
1139 2075 5
1139 9078 5
1139 8907 5
1139 6465 5
1139 2204 4
1139 298 5
1139 4471 5
1139 1894 5
1139 7908 5
1139 8380 5
1139 5963 5
1139 2784 2
1139 1575 4
1139 8483 2
1139 3575 2
1139 6769 4
1139 4368 2
1139 342 5
1139 2001 4
1139 2487 2
1139 6618 5
1139 8690 5
1139 93 5
1139 7458 5
1139 2358 1
1139 4718 2
1139 253 5
1139 2101 5
1139 9595 1
1139 1877 5
1139 7796 5
1139 4459 4
1139 1918 5
1139 1795 5
1139 503 5
1139 8623 5
1139 796 5
1139 1153 5
1139 4744 5
1139 3435 5
1139 3436 5
1139 2774 5
1139 52 5
1139 7024 5
1139 200 5
1139 8885 4
1139 1585 5
1139 2766 4
1139 1892 4
1139 2823 5
1139 6518 5
1139 9596 5
1139 7676 4
1139 9597 5
1139 1885 4
1139 8715 5
1139 124 5
1139 2828 5
1139 5802 5
1139 1914 5
1139 2817 5
1139 97 5
1139 1996 5
1139 4447 5
1139 7596 5
1139 9481 5
1139 5651 5
1139 1912 5
1139 1895 5
1139 1909 5
1139 1049 4
1139 186 5
1139 205 5
1139 6496 4
1139 10 4
1139 4343 1
1139 3019 4
1139 9598 5
1139 9599 5
1139 8570 4
1139 2496 4
1139 1932 4
1139 5276 5
1139 4440 2
1139 248 3
1139 7759 2
1139 7022 5
1139 4660 4
1140 312 2
1140 3720 2
1140 288 4
1140 2844 5
1140 8256 4
1140 4995 1
1140 704 5
1140 5011 4
1140 4393 5
1140 1029 5
1140 4538 5
1140 5073 5
1140 1884 1
1140 732 5
1140 8187 4
1140 4875 5
1140 201 5
1140 7557 5
1140 8674 5
1140 6787 3
1140 4142 5
1140 8912 5
1140 3263 5
1140 112 5
1140 3216 5
1140 7664 5
1140 9600 5
1140 9601 5
1141 7295 5
1141 174 4
1141 9602 5
1141 689 5
1141 1479 5
1141 4610 5
1141 1408 5
1141 686 5
1141 2393 5
1141 217 5
1141 9603 5
1141 325 4
1141 7254 4
1141 9430 5
1141 4405 5
1141 4511 5
1141 997 5
1141 1619 5
1141 7468 2
1141 3093 5
1141 9604 5
1141 714 5
1141 932 5
1141 2686 5
1141 9516 1
1141 3711 1
1141 919 5
1141 4120 2
1141 1275 5
1141 706 5
1141 4943 5
1141 309 5
1141 9605 4
1141 9286 5
1141 2725 5
1141 6127 4
1141 9606 4
1141 1393 5
1141 8643 5
1141 8377 2
1141 1260 4
1141 8034 5
1141 1778 5
1141 1467 3
1141 2655 5
1141 3822 3
1141 8617 4
1141 3686 5
1141 1464 4
1141 1995 4
1141 2257 5
1141 5517 5
1141 8052 4
1141 1629 5
1141 9607 5
1141 207 3
1141 3476 2
1141 9608 5
1141 3276 5
1141 906 4
1141 824 5
1141 764 4
1141 9609 4
1141 1403 1
1141 9610 5
1141 9611 5
1141 4388 5
1141 1715 2
1141 1029 4
1141 2757 4
1141 1380 5
1141 2506 4
1141 7880 5
1142 5058 1
1142 6666 1
1142 8057 3
1142 3283 4
1142 305 3
1142 3686 1
1142 759 1
1142 2655 3
1142 738 2
1142 323 2
1142 8286 3
1142 7463 5
1142 772 5
1142 843 5
1142 258 3
1142 4419 4
1142 1406 1
1142 4629 2
1142 1441 2
1142 3949 2
1142 9612 3
1142 5631 1
1142 4759 4
1142 1458 2
1142 979 5
1142 1936 5
1142 574 3
1142 8316 4
1142 1459 5
1142 7571 4
1142 814 4
1142 9442 4
1142 9613 4
1142 975 4
1142 920 4
1142 7458 5
1142 298 4
1142 1450 4
1142 7466 5
1142 200 5
1142 9187 4
1142 4717 4
1142 978 3
1142 900 5
1142 171 5
1142 992 3
1142 9614 5
1142 934 5
1142 44 4
1142 1084 4
1142 9615 2
1142 5318 1
1142 2045 1
1142 9616 4
1142 221 5
1142 9617 4
1142 8520 4
1142 7431 4
1142 9618 4
1142 9400 5
1142 186 5
1142 1454 4
1142 294 4
1142 124 4
1142 23 4
1142 4275 2
1142 9619 5
1143 1699 5
1143 9620 5
1143 4197 5
1143 5041 3
1144 2144 5
1144 4487 4
1144 9464 4
1144 9621 5
1144 5735 3
1144 312 5
1144 258 3
1144 3556 5
1144 735 5
1144 5023 5
1144 728 3
1144 75 5
1144 844 5
1144 305 3
1144 313 5
1144 309 5
1144 2257 5
1144 3849 1
1145 5272 5
1145 4027 4
1145 2827 5
1145 9590 4
1145 6646 5
1146 6165 3
1146 1806 2
1146 9622 5
1146 9623 5
1146 4972 4
1146 323 5
1146 8043 5
1146 9624 5
1146 9625 5
1146 9626 5
1146 239 2
1146 3524 4
1146 4860 5
1146 4215 5
1146 4598 5
1146 4815 5
1146 9627 5
1146 4335 2
1146 9628 5
1146 4691 5
1146 702 4
1146 3102 5
1146 8745 5
1146 9267 5
1146 3686 5
1146 4023 5
1146 8292 5
1146 9629 5
1146 9630 3
1146 5424 2
1146 1402 5
1146 2936 5
1146 4286 5
1146 8930 3
1146 9619 5
1146 9631 5
1146 4558 4
1146 7438 5
1146 3252 3
1146 9632 5
1147 1360 5
1147 5047 4
1147 5018 5
1147 4163 5
1147 3663 1
1147 9633 5
1147 3046 5
1147 8474 5
1147 4734 5
1147 3131 2
1147 9634 2
1147 2419 4
1147 9635 2
1147 1355 5
1147 5224 3
1147 9636 4
1147 1382 5
1147 9637 3
1147 2695 5
1147 4256 3
1147 6148 5
1147 5735 5
1147 4165 4
1148 26 4
1148 3507 5
1148 1718 4
1148 7735 4
1148 3168 5
1148 5053 5
1148 3575 4
1148 2737 5
1148 7253 4
1148 328 4
1148 201 5
1148 7917 4
1148 4673 4
1148 5023 5
1148 9638 3
1148 239 5
1149 8937 5
1149 762 5
1149 60 4
1149 216 5
1149 787 5
1149 3720 4
1149 258 5
1149 832 5
1149 6004 4
1149 159 5
1149 196 5
1149 934 5
1149 739 4
1149 9639 4
1149 8984 5
1149 2842 4
1149 7750 4
1149 9640 5
1149 9641 5
1149 63 4
1149 309 5
1149 712 4
1149 323 4
1149 4702 5
1149 312 4
1149 9027 4
1149 834 5
1149 9467 5
1150 304 5
1150 9642 3
1150 5664 3
1150 9643 4
1150 5271 4
1150 5613 4
1150 8702 5
1150 4125 4
1150 6087 4
1150 5797 4
1150 1884 1
1150 245 5
1150 734 5
1150 4185 4
1150 9579 4
1150 8587 5
1150 5349 5
1150 153 4
1150 306 4
1150 5071 2
1150 774 4
1150 3739 5
1150 9644 3
1150 239 4
1150 5594 5
1150 999 5
1150 8628 5
1150 9645 5
1150 9646 5
1150 1380 5
1150 3320 5
1150 309 3
1150 5901 5
1150 3019 2
1150 5249 3
1150 3025 3
1150 9647 4
1150 3985 4
1150 4673 4
1151 313 4
1151 829 5
1151 3395 5
1151 6202 5
1151 7634 4
1151 9360 1
1151 772 5
1151 9377 4
1151 5036 4
1151 706 5
1151 728 5
1151 1346 5
1151 3586 5
1151 739 5
1151 8939 5
1151 766 5
1151 258 5
1151 9648 5
1151 3667 5
1151 7534 5
1151 6060 4
1151 7576 5
1151 3448 5
1151 6112 4
1151 4723 2
1151 5334 5
1151 4694 5
1151 756 5
1151 7850 5
1151 1047 5
1151 4044 4
1152 713 2
1152 1029 5
1152 4862 4
1152 3720 4
1152 734 5
1152 258 5
1152 5093 4
1152 665 5
1152 1275 1
1152 5004 3
1152 323 1
1152 751 1
1152 8105 4
1152 724 5
1152 4418 1
1152 9649 4
1152 6053 4
1152 574 2
1152 887 5
1152 309 5
1152 313 4
1152 780 3
1152 3918 5
1152 5405 4
1153 4652 1
1153 4085 3
1153 6972 5
1153 4803 5
1153 6721 4
1153 3394 4
1153 699 3
1153 3549 4
1153 745 4
1153 934 4
1153 9283 5
1153 7701 4
1153 9650 5
1153 9651 5
1153 1275 2
1153 734 5
1153 5543 2
1153 4120 3
1153 5153 1
1153 9652 4
1153 3667 5
1153 837 5
1153 164 5
1153 1320 4
1153 4890 5
1153 7555 4
1153 1456 5
1153 322 5
1153 4933 5
1153 3444 4
1153 2978 3
1153 7333 1
1153 4332 3
1153 5030 2
1153 4359 5
1153 3962 5
1153 5257 3
1153 7550 5
1154 1332 5
1154 6835 5
1154 196 3
1154 4324 3
1154 744 4
1154 2815 5
1154 1278 1
1154 4806 5
1154 795 5
1154 802 4
1154 8490 4
1154 808 4
1154 810 4
1154 5026 4
1154 7952 5
1154 4017 5
1154 1403 1
1154 945 4
1154 154 5
1154 8476 4
1154 704 2
1154 732 1
1154 309 1
1154 3245 4
1154 8755 3
1154 9653 4
1154 9654 5
1154 9655 4
1154 9364 5
1154 9624 4
1154 9656 4
1154 5610 4
1154 2715 5
1154 5049 5
1154 4568 3
1154 4058 4
1154 3768 4
1154 3627 2
1154 9657 4
1154 4055 4
1155 196 5
1155 1982 5
1155 9658 4
1155 5073 5
1156 112 5
1156 4496 4
1156 6057 5
1156 3000 5
1156 588 5
1156 276 5
1156 740 5
1156 4121 5
1156 4010 5
1156 323 5
1156 309 5
1156 309 5
1156 313 5
1156 9659 5
1156 3666 4
1156 5007 4
1156 7264 4
1156 7551 5
1156 274 5
1156 4239 3
1156 4772 5
1156 705 5
1156 1939 5
1156 4343 4
1156 2005 5
1156 802 5
1156 9660 4
1156 3713 5
1156 9661 4
1156 4324 4
1156 5620 1
1156 7541 5
1156 726 5
1156 774 5
1156 104 5
1156 1241 5
1156 6400 4
1156 704 5
1156 9655 5
1156 992 5
1156 1003 5
1156 5549 4
1156 9662 5
1156 728 5
1156 850 5
1156 5657 5
1156 5284 5
1156 3263 5
1156 2046 5
1156 3602 5
1156 164 4
1156 873 5
1156 9663 5
1156 211 4
1156 5830 5
1156 5200 5
1156 1902 5
1156 3606 5
1156 9217 4
1156 857 5
1156 9447 4
1156 1765 5
1156 8493 3
1156 191 4
1156 9081 4
1156 2257 5
1156 9664 4
1156 1383 5
1156 9665 4
1156 4426 5
1156 977 5
1156 9666 5
1156 9667 5
1156 1357 5
1156 4825 5
1156 321 5
1156 4019 4
1156 2048 4
1156 948 5
1156 9668 5
1156 9444 4
1156 9669 5
1156 974 4
1156 4558 5
1156 7583 4
1156 9385 5
1156 9670 5
1156 9671 4
1156 9672 4
1156 3746 5
1156 4703 5
1156 6702 5
1156 7425 5
1156 2701 4
1156 5404 5
1156 9452 4
1156 9673 4
1156 284 4
1156 2010 4
1156 8505 4
1156 3620 2
1156 4414 4
1156 8501 3
1156 1012 4
1156 9674 4
1156 955 5
1156 3272 4
1156 9675 5
1156 4935 3
1156 1018 4
1156 919 4
1156 5222 4
1156 4683 4
1156 968 4
1156 925 4
1156 5296 3
1156 3064 4
1156 1075 4
1156 5392 5
1156 8610 4
1156 8488 4
1156 9676 4
1156 6707 4
1156 1960 5
1156 5985 4
1156 8074 4
1156 3934 4
1156 8681 5
1156 9088 4
1156 4345 3
1156 4791 3
1156 3315 4
1156 1048 4
1156 8494 4
1156 2757 4
1156 8988 4
1156 4365 5
1156 5000 4
1156 9677 5
1156 9678 1
1156 1049 4
1156 4095 5
1156 5355 4
1156 9679 4
1157 4038 4
1157 6366 5
1157 3402 2
1157 9680 5
1157 7632 3
1157 3720 4
1157 1894 4
1157 3263 4
1157 4477 4
1157 5095 5
1157 1832 4
1157 211 5
1157 7255 5
1157 2996 4
1157 306 4
1157 9373 3
1157 3533 5
1157 2913 4
1157 9681 3
1157 5772 5
1157 120 4
1157 3997 5
1157 5011 5
1157 1663 5
1157 4454 5
1157 9682 4
1157 7342 5
1157 5252 5
1157 785 5
1158 9683 5
1158 6181 5
1158 309 5
1158 313 5
1159 258 5
1159 772 5
1159 741 5
1159 309 5
1159 288 1
1159 3533 5
1159 312 5
1159 759 3
1159 196 5
1159 6954 5
1159 704 5
1159 712 5
1159 1403 1
1159 211 4
1159 728 5
1159 6021 5
1159 1939 5
1159 3465 5
1160 759 3
1160 4056 4
1160 1413 3
1160 9684 1
1160 276 3
1160 4681 3
1160 728 1
1160 6045 5
1160 211 1
1160 309 1
1160 766 4
1160 4932 1
1160 739 3
1160 4049 5
1160 772 3
1160 1691 4
1160 4093 5
1160 1316 5
1160 1332 4
1160 5550 2
1160 7669 4
1160 323 5
1160 1088 1
1161 3230 5
1161 8882 2
1161 7395 3
1161 4309 5
1161 8001 5
1161 309 3
1161 8378 5
1161 9685 5
1161 8904 5
1161 107 5
1161 8546 5
1161 196 3
1161 5614 4
1161 9686 3
1161 9687 3
1161 7449 5
1161 2031 5
1161 4887 3
1161 4313 5
1161 2145 4
1161 3594 3
1161 8380 5
1161 5865 5
1161 9339 5
1161 5256 3
1161 157 4
1161 220 5
1162 288 5
1162 9688 2
1162 4756 5
1162 4043 2
1162 4947 4
1162 9689 3
1162 1403 1
1162 312 5
1162 6709 4
1162 9342 5
1162 3262 5
1162 843 5
1162 3088 5
1162 728 3
1162 4231 5
1162 731 5
1162 1901 3
1162 466 5
1162 2338 2
1162 4865 5
1162 309 5
1162 9690 5
1162 759 3
1162 2919 5
1162 9363 5
1162 9100 4
1162 8572 5
1162 4701 5
1162 313 5
1162 4275 3
1163 7750 5
1163 1435 5
1163 1765 4
1163 5004 4
1163 254 5
1163 292 5
1163 4982 5
1163 3122 4
1163 4984 5
1163 5606 5
1163 5054 2
1163 4513 4
1163 2933 5
1163 4980 5
1163 9691 4
1163 5113 4
1163 6434 5
1163 1411 4
1163 7449 4
1163 5248 4
1163 11 4
1163 4985 5
1163 173 4
1163 1641 4
1163 1743 5
1163 8009 4
1163 6075 4
1163 9464 5
1163 2669 4
1163 8984 4
1163 104 5
1163 3606 5
1163 734 5
1163 309 1
1163 5249 4
1163 7250 5
1163 4723 4
1163 5033 4
1163 5433 4
1163 7461 4
1163 7632 5
1163 105 5
1163 280 5
1163 2705 4
1163 5416 5
1163 1757 4
1163 7472 5
1163 5199 4
1163 7561 5
1163 201 4
1163 1682 5
1163 824 5
1163 6665 5
1163 1352 5
1163 313 4
1163 305 5
1163 6954 4
1163 4192 4
1163 3098 3
1163 7842 5
1163 6112 5
1163 4883 5
1163 7570 5
1163 837 5
1163 5036 4
1163 4098 3
1163 757 3
1163 133 1
1163 2937 5
1163 9692 5
1163 9432 4
1163 783 5
1163 4949 5
1163 9506 4
1163 6782 4
1163 9693 5
1163 7978 4
1163 9167 5
1163 8672 4
1163 8898 4
1163 9694 4
1164 2817 5
1164 1332 5
1164 889 3
1164 77 2
1164 3843 5
1164 4981 5
1164 2148 5
1164 7946 5
1164 9695 5
1164 9381 5
1164 164 5
1164 5786 5
1164 3720 4
1164 4017 5
1164 4702 5
1164 9696 5
1164 7461 5
1164 4192 1
1164 1583 5
1164 4887 1
1164 7768 5
1164 4045 5
1164 787 5
1164 728 5
1164 8071 4
1164 4989 4
1164 7241 4
1164 4006 5
1164 4134 4
1164 2737 5
1164 305 5
1164 2736 5
1164 309 5
1164 75 5
1164 8511 5
1164 7486 5
1164 9697 1
1164 9382 5
1164 5113 5
1164 3383 5
1164 2931 2
1164 6568 5
1165 6286 4
1165 7717 5
1165 2837 3
1165 3959 4
1165 4091 4
1165 7575 5
1165 4982 3
1165 5091 5
1165 2904 5
1165 8377 4
1165 104 1
1165 9643 5
1165 3923 5
1165 9231 1
1165 4511 3
1165 2939 5
1165 8482 5
1165 8596 5
1165 5818 5
1165 4599 3
1165 8151 5
1165 723 5
1165 5576 5
1165 811 4
1165 2832 2
1165 4954 4
1165 4928 5
1165 312 5
1165 2732 4
1165 309 5
1165 4444 4
1165 309 5
1165 8170 4
1165 5613 4
1165 1366 5
1165 5601 5
1165 9698 2
1165 313 5
1165 4875 4
1165 9095 4
1165 9435 5
1165 4399 4
1165 9699 4
1165 5504 3
1165 3849 1
1165 2005 5
1166 323 5
1166 792 5
1166 4932 1
1166 104 5
1166 712 5
1166 741 4
1166 766 5
1166 309 5
1166 211 5
1166 309 4
1166 313 4
1166 738 5
1166 3263 5
1166 728 3
1166 9700 1
1166 1403 1
1166 4275 5
1166 4629 1
1167 4046 5
1167 8531 5
1167 9287 5
1167 8660 4
1167 5566 3
1167 4040 5
1167 5276 5
1167 8890 5
1167 728 3
1167 4510 5
1167 1583 5
1167 5350 5
1167 7557 5
1167 4324 5
1167 4864 5
1167 8674 3
1167 4426 5
1167 6073 5
1167 309 5
1167 309 5
1167 7751 5
1167 9471 5
1167 4296 5
1167 4094 5
1167 3721 5
1167 302 5
1167 3707 5
1167 982 5
1167 3360 5
1167 4445 4
1167 8673 5
1167 8627 5
1167 4502 4
1167 4863 5
1167 3066 5
1167 7176 5
1167 1029 5
1167 9701 5
1167 323 3
1167 3683 4
1167 1052 4
1167 9438 5
1167 9702 2
1168 2895 3
1168 8190 4
1168 934 4
1168 9596 5
1168 3958 4
1168 9180 4
1168 673 5
1168 174 3
1168 1278 3
1168 2145 1
1168 1981 3
1168 594 5
1168 881 5
1168 4213 5
1168 313 2
1168 6387 1
1168 217 3
1168 896 3
1168 3932 5
1168 5278 3
1168 8646 5
1168 6213 5
1168 2852 1
1168 20 4
1168 278 3
1168 288 5
1168 4333 4
1168 1403 1
1168 323 1
1168 9703 5
1168 104 3
1168 6620 1
1168 9704 3
1168 305 3
1168 9097 4
1168 5617 1
1168 3110 5
1168 4717 5
1168 8198 4
1168 6396 5
1168 8097 5
1168 4088 4
1168 9370 5
1168 5440 5
1168 2701 5
1168 5000 3
1168 5218 5
1168 7746 4
1169 194 5
1169 8977 5
1169 1354 5
1169 9705 3
1169 1315 5
1169 4981 5
1169 1886 5
1169 1604 5
1169 1652 5
1169 9305 5
1169 3586 5
1169 3146 5
1169 1619 5
1169 1004 5
1169 6566 5
1169 5053 5
1169 9706 5
1169 9639 5
1169 953 5
1169 5433 5
1169 201 5
1169 9707 5
1169 9469 5
1169 9687 5
1169 5027 5
1169 1427 5
1169 309 4
1169 9708 2
1169 1750 5
1169 7026 5
1169 309 5
1169 740 5
1169 5224 5
1169 5826 2
1169 320 5
1169 6483 5
1169 2848 5
1169 9686 5
1169 4192 5
1169 165 5
1169 105 5
1169 5819 4
1169 9182 5
1169 258 1
1169 7490 5
1169 1642 5
1169 312 4
1169 7551 5
1169 4371 5
1169 7553 5
1169 2846 5
1169 865 5
1169 288 2
1169 313 5
1169 8211 5
1169 4788 4
1169 5048 5
1169 6332 5
1169 4629 1
1170 309 5
1170 309 5
1170 164 5
1170 4496 5
1170 211 5
1170 1316 5
1170 3263 5
1170 726 5
1170 8733 5
1170 8435 5
1170 873 5
1170 9663 4
1171 5379 5
1171 4417 5
1171 4531 4
1171 5379 5
1172 196 1
1172 759 4
1172 1368 1
1172 313 1
1172 258 5
1172 706 5
1172 276 5
1172 312 5
1172 738 5
1173 6700 5
1173 6300 5
1173 436 2
1173 8341 2
1173 7268 5
1173 9709 5
1173 1601 1
1173 9563 4
1173 4277 4
1173 5098 5
1173 5032 5
1173 8749 5
1173 9710 3
1173 9564 5
1173 3465 5
1173 313 5
1173 3123 5
1173 1558 4
1173 8570 4
1173 5429 3
1173 740 5
1173 9711 4
1173 6182 5
1173 723 5
1173 9369 5
1173 5967 5
1173 8384 5
1173 3822 5
1173 3000 5
1173 3475 5
1173 9712 4
1173 9075 5
1173 744 2
1173 1350 5
1173 4720 5
1173 5069 5
1173 8136 5
1173 323 1
1173 9713 5
1173 732 5
1173 232 4
1173 283 3
1173 6440 3
1173 62 5
1173 309 4
1173 438 4
1173 5203 4
1173 9714 4
1173 1275 1
1173 5819 5
1173 9715 5
1173 5266 4
1173 211 3
1173 5087 2
1173 9716 5
1173 9314 5
1173 843 3
1173 2980 3
1173 766 3
1173 9580 4
1173 5771 5
1173 2961 4
1173 985 5
1173 3446 4
1173 3339 4
1174 728 3
1174 3395 5
1174 2128 2
1174 3723 5
1174 5248 4
1174 5556 5
1174 1351 4
1174 2744 5
1174 6620 1
1174 7072 5
1174 1664 5
1174 7472 5
1174 1756 3
1174 280 5
1174 7469 5
1174 1706 5
1174 6568 5
1174 4208 5
1174 6434 5
1174 6055 2
1174 4599 5
1174 9717 5
1174 7568 5
1174 4454 5
1174 1816 5
1174 1718 2
1174 8004 3
1174 178 5
1174 69 5
1174 240 5
1174 320 5
1174 9421 5
1174 75 5
1174 128 5
1174 9081 4
1174 6075 5
1174 230 5
1174 4940 4
1174 313 3
1174 9718 5
1174 323 5
1174 77 5
1174 4978 5
1174 1316 5
1174 4192 5
1174 7106 5
1174 316 3
1174 293 5
1174 3465 5
1174 4053 5
1175 1773 5
1175 759 5
1175 727 5
1175 913 1
1175 6596 2
1175 6028 5
1175 780 5
1175 8724 5
1175 574 1
1175 1775 5
1175 2469 4
1175 1873 5
1175 4247 1
1175 1703 4
1175 9119 4
1175 323 5
1175 755 5
1175 1332 5
1175 8119 4
1175 9719 5
1175 9378 5
1175 671 3
1175 7982 5
1175 4076 5
1175 7573 3
1175 4758 1
1175 695 1
1175 9720 4
1175 728 5
1175 1774 1
1175 4377 4
1175 95 5
1175 5808 5
1175 1328 5
1175 219 5
1175 1335 1
1175 1639 5
1175 7719 5
1175 792 5
1175 1943 1
1175 734 5
1175 5805 5
1175 741 5
1175 1408 5
1175 740 1
1175 735 5
1175 1275 1
1175 6048 4
1175 5028 4
1175 6251 5
1175 775 1
1175 859 5
1175 1395 5
1175 5837 5
1175 1399 1
1175 305 5
1175 4681 5
1175 645 5
1175 1638 5
1175 1049 5
1175 309 4
1175 312 1
1175 28 5
1175 2655 1
1175 8124 4
1175 4561 2
1175 710 3
1175 2744 5
1175 757 5
1175 105 4
1175 2145 5
1175 9721 5
1175 3270 5
1175 2947 4
1175 8389 5
1175 8557 5
1175 4098 1
1175 9722 4
1175 3533 1
1175 251 5
1175 772 5
1175 7309 5
1175 5603 5
1175 4513 5
1175 843 5
1175 7563 5
1175 706 5
1175 9471 5
1175 6100 2
1175 716 5
1175 3450 5
1175 5487 5
1175 6192 4
1175 832 3
1175 2846 4
1175 738 5
1175 732 3
1175 7443 5
1175 321 5
1175 1352 5
1175 1004 4
1175 280 5
1175 5238 1
1175 704 1
1175 9537 5
1175 1643 1
1175 2973 4
1175 8804 4
1175 712 5
1175 9723 4
1175 829 5
1175 104 5
1175 6577 5
1175 762 5
1175 7751 5
1175 1682 5
1175 7685 5
1175 9707 4
1175 118 5
1175 751 1
1175 258 1
1175 1403 1
1175 9724 5
1175 1414 1
1175 6524 5
1175 1383 5
1175 7416 5
1175 3555 1
1175 1045 4
1175 74 3
1175 196 5
1175 753 4
1175 1715 4
1175 3110 5
1175 3936 3
1175 927 5
1175 170 2
1175 8097 5
1175 8904 5
1175 288 4
1175 276 5
1175 1042 5
1175 4093 2
1175 313 5
1175 1049 5
1176 5605 4
1176 7401 3
1176 6035 5
1176 5763 5
1176 5069 5
1176 3913 5
1176 1386 5
1176 712 5
1176 1682 2
1176 3949 4
1176 4417 5
1176 1419 1
1176 2754 5
1176 4826 5
1176 3950 5
1176 3315 4
1176 1060 5
1177 1537 5
1177 2526 4
1177 7931 3
1177 8723 5
1177 628 2
1177 5854 5
1177 632 4
1177 7520 5
1177 643 4
1177 3627 4
1177 1331 5
1177 196 5
1177 1963 4
1177 1852 4
1177 1733 4
1177 3236 3
1177 1665 5
1177 1926 5
1177 9725 5
1177 7481 5
1177 740 3
1177 832 3
1177 673 3
1177 3075 5
1177 1219 5
1177 5750 5
1177 1974 3
1177 337 5
1177 3961 5
1177 1903 5
1177 8583 4
1177 1774 5
1177 704 4
1177 7027 4
1177 7938 5
1177 2655 4
1177 5581 4
1177 772 5
1177 6755 4
1177 671 3
1177 4319 5
1177 1988 3
1177 1054 4
1177 9726 4
1177 650 5
1177 323 1
1177 5449 4
1177 28 3
1177 9727 5
1177 8816 4
1177 9283 5
1177 7055 5
1177 1312 4
1177 792 3
1177 1978 5
1177 312 3
1177 694 5
1177 1395 5
1177 1278 5
1177 276 5
1177 1467 4
1177 4552 4
1177 288 5
1177 1902 5
1177 9637 4
1177 712 5
1177 8043 2
1177 5425 2
1177 5427 5
1177 9728 5
1177 1442 5
1177 735 3
1177 1275 1
1177 1832 4
1177 2048 5
1177 258 5
1177 1366 4
1177 5347 4
1177 4611 4
1177 8602 3
1177 3263 5
1177 852 4
1177 5620 4
1177 4478 4
1177 3880 4
1177 1436 4
1177 4798 5
1177 8295 4
1177 104 4
1177 5073 5
1177 9729 4
1177 8872 5
1177 8479 5
1177 3000 5
1177 1881 3
1177 3803 5
1177 762 1
1177 6946 5
1177 8434 5
1177 759 3
1177 8445 5
1177 4707 4
1177 1403 1
1177 9730 5
1177 9731 4
1177 1408 5
1177 9732 1
1177 2009 5
1177 9733 4
1177 9734 4
1177 4645 5
1177 8486 5
1177 59 5
1177 164 5
1177 829 4
1177 9735 3
1177 4699 4
1177 3750 3
1177 9736 4
1177 925 5
1177 7445 5
1178 6877 5
1178 7738 5
1178 4823 5
1178 1395 5
1178 759 5
1178 919 5
1178 9401 5
1178 305 5
1178 1729 5
1178 7728 5
1178 699 5
1178 4107 5
1178 854 5
1178 8983 5
1178 177 5
1178 5819 5
1178 5254 5
1178 5570 5
1178 740 5
1178 3453 5
1178 1403 1
1178 706 5
1178 3586 5
1178 232 5
1178 1332 5
1178 3711 5
1178 3840 5
1178 1275 5
1178 1263 5
1178 848 5
1178 278 5
1178 7251 5
1178 780 5
1178 4987 5
1178 9620 5
1178 734 5
1178 173 5
1178 3562 5
1178 9737 5
1178 727 5
1178 9013 5
1178 735 5
1178 94 5
1178 738 5
1178 9014 5
1178 6434 5
1178 732 5
1178 9501 5
1178 5240 5
1178 2947 5
1178 739 4
1178 105 5
1178 4529 5
1178 276 5
1178 4346 5
1178 309 5
1178 216 5
1178 4208 5
1178 1408 5
1178 832 5
1178 704 5
1178 5270 5
1178 728 5
1178 792 5
1178 28 5
1178 1049 5
1178 891 5
1178 710 5
1178 741 5
1178 312 5
1178 829 5
1178 762 5
1178 313 5
1178 288 5
1178 104 5
1178 196 5
1178 712 5
1178 772 5
1178 323 5
1178 258 5
1178 327 5
1179 3428 4
1179 766 3
1179 3539 2
1179 5819 4
1179 9412 4
1179 5087 3
1179 3985 4
1179 3322 4
1179 978 4
1179 9298 5
1179 3208 5
1179 3127 5
1179 9738 5
1179 9739 5
1179 3656 5
1179 935 4
1179 9740 3
1179 6562 5
1179 1011 5
1179 966 5
1179 1480 1
1179 5579 3
1179 8681 5
1179 4030 4
1179 9210 3
1179 4784 1
1179 9741 4
1179 934 5
1179 857 5
1179 4787 5
1179 7331 3
1179 4634 5
1179 4638 5
1179 9742 3
1179 3943 5
1179 9665 4
1179 1509 4
1179 1067 5
1179 5228 5
1179 5377 5
1179 3954 5
1179 5609 5
1179 3469 5
1179 3822 5
1179 5226 5
1179 1411 5
1179 6612 4
1179 3801 5
1179 3617 5
1179 9743 5
1179 5524 4
1179 2413 4
1179 3422 5
1179 3121 3
1179 4597 4
1179 4630 4
1179 3625 5
1179 514 5
1179 9744 5
1179 9745 5
1179 9140 5
1179 5392 5
1179 9746 5
1179 9747 4
1179 9748 5
1179 9749 5
1179 3784 5
1179 2749 4
1179 9674 5
1179 1021 5
1180 9450 4
1180 7558 4
1180 4759 4
1180 13 5
1180 6985 5
1180 79 5
1180 2198 4
1180 1395 5
1180 706 1
1180 738 3
1180 829 5
1180 2188 1
1180 647 5
1180 9712 4
1180 5138 4
1180 568 4
1180 9750 4
1180 7535 4
1180 2049 4
1180 9751 5
1180 2399 4
1180 8974 5
1180 3147 5
1180 2857 4
1180 1165 2
1180 4927 5
1180 9752 4
1180 440 3
1180 307 5
1180 140 5
1180 1189 3
1180 772 1
1180 278 5
1180 1774 5
1180 9753 5
1180 9596 5
1180 8422 5
1180 487 5
1180 7208 4
1180 3843 5
1180 5143 2
1180 3416 5
1180 1783 3
1180 9456 4
1180 2979 1
1180 832 5
1180 196 4
1180 9754 4
1180 673 3
1180 732 5
1180 6490 3
1180 762 4
1180 549 3
1180 7511 4
1180 1988 5
1180 6192 3
1180 4553 5
1180 6722 5
1180 694 4
1180 960 5
1180 9755 4
1180 4278 5
1180 9756 4
1180 246 5
1180 704 4
1180 741 1
1180 2421 5
1180 9757 5
1180 167 5
1180 699 5
1180 9304 5
1180 934 4
1180 59 5
1180 9758 5
1180 984 5
1180 2655 5
1180 4262 5
1180 7684 4
1180 8592 5
1180 689 1
1180 1454 5
1180 8477 5
1180 3656 5
1180 28 5
1180 641 5
1180 1278 4
1180 7550 5
1180 598 5
1180 1331 5
1180 1992 5
1180 712 5
1180 6332 5
1180 258 5
1180 3151 3
1180 759 1
1180 288 2
1180 734 5
1180 792 5
1180 7707 4
1180 7527 4
1180 313 5
1180 3458 4
1180 5650 4
1180 2965 5
1180 3089 5
1180 780 5
1180 1386 3
1180 8323 5
1180 312 5
1180 323 5
1180 104 5
1180 1994 5
1180 276 5
1180 211 5
1180 7444 5
1180 3263 5
1180 1439 5
1181 77 5
1181 211 5
1181 1735 4
1181 7421 4
1181 9759 4
1181 254 5
1181 7230 5
1181 5838 4
1181 5349 4
1181 258 5
1181 4923 5
1181 4880 4
1181 5281 4
1181 4454 5
1181 2725 4
1181 8952 4
1181 5066 4
1181 310 5
1181 7608 4
1181 5560 4
1181 5561 4
1181 5992 4
1181 2705 4
1181 314 4
1181 4076 5
1181 105 5
1181 820 4
1181 1393 4
1181 7254 4
1181 3601 4
1181 122 4
1181 1625 4
1181 120 4
1181 94 4
1181 3107 4
1181 2736 4
1181 5603 5
1181 4962 4
1181 9760 2
1181 4984 4
1181 313 5
1181 1751 4
1181 299 4
1181 5156 5
1181 3586 4
1181 1468 4
1181 7241 5
1181 276 5
1181 6035 4
1181 1551 5
1181 2095 3
1181 1480 1
1181 4364 4
1181 2686 4
1181 981 4
1181 8785 4
1181 3105 5
1181 3111 4
1181 1369 4
1181 4094 5
1181 8390 4
1181 8144 4
1181 8391 4
1181 3323 4
1181 9761 4
1181 2698 4
1181 9762 5
1181 3126 3
1181 5350 4
1181 9763 4
1181 7563 5
1181 9395 5
1181 5734 4
1181 8040 4
1181 4514 4
1181 953 4
1181 6457 4
1181 42 5
1181 151 5
1181 9764 4
1181 5610 4
1181 9765 4
1181 9438 4
1181 5431 5
1181 9081 3
1181 1004 2
1181 9766 4
1181 5263 5
1181 9124 3
1181 4234 4
1181 9444 4
1181 925 4
1181 7507 5
1181 1877 4
1181 9437 4
1181 7463 4
1181 812 4
1181 1365 5
1181 8857 5
1181 9767 4
1181 9768 4
1181 9769 4
1181 124 5
1181 6336 4
1181 1349 4
1181 9770 4
1181 7248 5
1181 3800 2
1181 7683 5
1181 943 4
1181 3942 5
1181 9771 4
1181 978 5
1181 3927 4
1181 9772 4
1181 200 4
1181 8032 4
1181 643 4
1181 8495 4
1181 8682 3
1181 9773 4
1181 9100 4
1181 4436 4
1181 3666 4
1181 9676 4
1181 9774 5
1181 8565 4
1181 9443 2
1181 7466 5
1181 3756 4
1181 3151 2
1181 111 5
1181 9775 4
1181 9776 5
1181 7033 5
1181 4559 5
1181 1493 5
1181 8396 5
1181 9777 4
1181 9111 4
1181 6001 2
1181 985 5
1181 2675 5
1181 6019 5
1181 9778 5
1181 4634 4
1181 9779 1
1181 9780 5
1181 5239 5
1181 5636 4
1181 917 5
1181 9741 5
1181 5549 4
1181 9781 5
1181 1052 4
1181 9392 4
1181 1959 4
1181 5833 4
1181 9572 5
1181 9782 4
1181 5744 4
1181 9490 5
1181 947 4
1181 5507 4
1181 979 4
1181 8515 4
1181 9783 5
1181 1329 4
1181 9233 5
1181 814 5
1181 8033 5
1181 9447 3
1181 857 4
1181 5370 5
1181 934 4
1181 9141 4
1181 9784 4
1181 1776 5
1181 3297 4
1181 4712 3
1181 3941 4
1181 9785 4
1182 712 5
1182 772 5
1182 759 5
1182 1395 5
1182 258 5
1182 8613 4
1182 699 5
1182 1881 1
1182 832 5
1182 8258 3
1182 9786 4
1182 6380 4
1182 312 3
1182 305 5
1182 934 4
1182 3063 1
1182 309 5
1182 196 1
1182 309 5
1182 323 5
1182 2495 4
1182 4496 5
1182 211 5
1182 738 5
1182 4048 1
1182 1939 5
1182 3122 5
1182 5134 5
1182 9787 5
1182 4987 3
1182 4869 5
1183 9171 5
1183 6003 4
1183 2091 5
1183 992 2
1183 4079 5
1183 5983 5
1183 8722 5
1183 4026 5
1183 9788 3
1183 1349 5
1183 9672 5
1183 9789 4
1183 974 2
1183 857 5
1184 9790 4
1184 4655 5
1184 4510 4
1184 9791 3
1184 9599 5
1184 877 5
1184 262 5
1184 156 5
1184 3708 4
1184 5388 4
1184 9792 5
1185 8001 5
1185 1903 4
1185 7291 5
1185 6625 3
1185 673 2
1185 3555 1
1185 2904 4
1185 5754 3
1185 1974 1
1185 3572 2
1185 9524 5
1185 4821 4
1185 9793 3
1185 174 5
1185 4096 5
1185 1296 5
1185 217 5
1185 650 5
1185 1278 4
1185 4395 2
1185 313 3
1185 1274 5
1185 323 3
1185 1902 3
1185 3000 5
1185 4726 4
1185 28 5
1185 610 3
1185 901 3
1185 5603 2
1185 710 5
1185 772 4
1185 759 4
1185 814 5
1185 288 3
1185 8468 3
1185 734 5
1185 104 1
1185 1403 3
1185 775 5
1185 3093 3
1185 6351 5
1185 4388 3
1185 6535 5
1185 732 5
1185 305 5
1185 4681 3
1185 3455 5
1185 309 3
1185 712 2
1185 1366 5
1185 740 5
1185 735 5
1185 3093 4
1185 992 2
1185 753 5
1185 755 1
1185 7295 5
1185 762 5
1185 780 5
1185 1275 3
1185 934 5
1185 59 5
1185 8261 5
1185 832 5
1185 8965 5
1185 196 5
1185 4829 1
1185 3263 5
1185 5661 2
1185 1335 3
1185 211 5
1185 4465 1
1185 1456 3
1185 7406 5
1185 312 1
1185 9794 4
1185 5611 4
1185 923 1
1185 3315 3
1185 171 3
1185 4717 3
1185 7463 5
1185 4759 5
1185 9795 3
1185 979 5
1185 896 5
1185 6403 4
1185 4902 5
1185 6005 4
1185 9767 4
1185 8719 4
1185 934 4
1185 4673 1
1185 3475 4
1185 7682 3
1186 734 5
1186 288 5
1186 843 5
1186 309 5
1186 889 3
1186 728 5
1186 4825 5
1186 8947 5
1186 122 4
1186 258 1
1186 3606 4
1186 1395 5
1186 782 1
1186 2655 1
1186 1945 5
1186 1475 5
1186 4944 3
1186 7406 5
1186 1419 1
1186 722 5
1186 1329 5
1187 4280 5
1187 8495 5
1187 780 5
1187 4048 1
1187 1332 5
1187 5608 5
1187 3465 4
1187 211 5
1187 4203 5
1187 4588 5
1187 5129 5
1188 9796 5
1188 1382 4
1188 9797 5
1188 9798 4
1188 1637 5
1188 9799 5
1188 6332 4
1188 3972 5
1188 1439 4
1188 8947 5
1188 2725 4
1188 9800 4
1188 8654 5
1188 4804 5
1188 3820 5
1188 4080 5
1188 5592 5
1188 2264 5
1188 1870 5
1188 327 4
1188 1400 5
1188 925 5
1188 5205 4
1189 196 5
1189 288 5
1189 309 5
1189 258 5
1189 149 5
1189 459 5
1189 3459 4
1189 934 5
1189 3793 5
1189 3533 5
1189 761 5
1189 6139 5
1189 104 5
1189 756 4
1189 8655 5
1189 4984 4
1189 1377 5
1189 728 5
1189 7472 5
1189 5570 5
1189 3867 3
1189 2095 5
1189 4723 5
1189 824 5
1189 766 5
1189 843 5
1189 9054 4
1189 4216 5
1189 5544 5
1189 1332 4
1189 3770 5
1189 7842 5
1190 2980 5
1190 4187 4
1190 7982 2
1190 4308 4
1190 907 5
1190 4542 5
1190 706 5
1190 1620 4
1190 2702 4
1190 5785 2
1190 287 5
1190 4940 2
1190 1332 5
1190 6075 4
1190 9801 5
1190 9652 4
1190 309 5
1190 2669 4
1190 5004 4
1190 712 5
1190 9015 5
1190 312 5
1190 2506 2
1190 843 5
1190 9802 5
1190 4883 5
1190 1674 5
1190 766 5
1190 2145 5
1190 104 5
1190 5430 5
1190 323 5
1190 288 5
1190 728 5
1190 216 5
1190 5640 1
1191 934 5
1191 9167 5
1191 3667 5
1191 3749 5
1191 1682 5
1191 4401 5
1191 104 5
1191 824 5
1191 1757 5
1191 728 5
1191 7750 5
1191 832 5
1191 7449 5
1191 766 5
1191 843 5
1191 4272 5
1191 1363 5
1191 5156 5
1191 1985 5
1191 5063 5
1191 3943 5
1191 9803 5
1192 309 4
1192 706 5
1192 5785 4
1192 4674 4
1192 9182 5
1192 1377 4
1192 9804 4
1193 2767 5
1193 5874 4
1193 1767 5
1193 522 5
1193 7804 4
1193 7282 5
1193 6827 5
1193 1884 1
1193 1164 5
1193 1216 5
1193 529 5
1193 1693 5
1193 8396 5
1193 1665 5
1193 762 5
1193 309 5
1193 1626 4
1193 2482 3
1193 3773 5
1193 837 5
1193 565 3
1193 2647 2
1193 2280 4
1193 3970 4
1193 1945 5
1193 4375 2
1193 2352 5
1193 4103 4
1193 1312 3
1193 5080 5
1193 1258 5
1193 3392 4
1193 152 5
1193 5032 4
1193 9805 4
1193 713 1
1193 9126 3
1193 2655 5
1193 1417 5
1193 792 5
1193 7588 4
1193 5229 4
1193 8540 4
1193 5070 3
1193 6644 3
1193 5018 2
1193 4383 2
1193 4380 2
1193 5811 4
1193 4156 5
1193 9806 5
1193 9807 4
1193 1280 5
1193 2723 2
1193 2733 4
1193 9808 4
1193 8911 5
1193 6939 1
1193 5543 3
1193 3895 5
1193 5249 5
1193 4681 5
1193 1637 5
1193 7925 4
1193 2885 2
1193 740 4
1193 3762 5
1193 6075 1
1193 1740 5
1193 2920 5
1193 3099 4
1193 3131 4
1193 5731 4
1193 3556 5
1193 4417 5
1193 4274 5
1193 3594 5
1193 5228 4
1193 9809 4
1193 7564 4
1193 728 4
1193 7375 5
1193 2632 4
1193 9810 1
1193 4551 5
1193 3313 4
1193 1422 4
1193 104 4
1193 4074 3
1193 9811 5
1193 313 3
1193 8894 5
1193 312 5
1193 5640 3
1193 829 2
1193 211 4
1193 1350 5
1193 5315 5
1193 3449 5
1194 2173 3
1194 3759 3
1194 2388 5
1194 2285 3
1194 7921 1
1194 8079 3
1194 7942 1
1194 374 3
1194 8354 4
1194 1252 4
1194 2326 4
1194 2366 3
1194 2362 3
1194 2170 4
1194 4475 4
1194 1131 3
1194 441 4
1194 422 3
1194 1136 4
1194 1148 3
1194 8569 3
1194 4925 3
1194 6274 3
1194 459 4
1194 651 3
1194 8077 4
1194 6270 1
1194 6940 3
1194 9068 3
1194 1156 3
1194 414 5
1194 529 4
1194 3225 3
1194 618 4
1194 2223 4
1194 2217 3
1194 2428 3
1194 1543 5
1195 9048 5
1195 6220 3
1195 5898 2
1195 1529 5
1195 7280 5
1195 595 5
1195 581 4
1195 529 5
1195 6519 4
1195 1866 5
1195 6553 4
1195 3045 3
1195 1239 5
1195 469 4
1195 1170 5
1195 9812 4
1195 2118 3
1195 2325 3
1195 2237 4
1195 3773 5
1195 534 4
1195 2197 4
1195 6744 4
1195 5958 4
1195 6596 4
1195 2434 4
1195 2261 3
1195 400 4
1195 1796 5
1195 2539 4
1195 7144 4
1195 2076 3
1195 3622 5
1195 481 4
1195 9813 4
1195 368 3
1195 7942 1
1195 2238 1
1195 2285 3
1195 2291 3
1195 2258 3
1195 2178 5
1195 9814 5
1195 1166 4
1195 8060 4
1195 9813 3
1195 2218 3
1195 1298 3
1195 1128 4
1195 6594 1
1195 2177 1
1195 2177 4
1195 2309 5
1195 1031 5
1195 9815 4
1195 1251 3
1195 2443 4
1195 2190 3
1195 8341 4
1195 2272 4
1195 2200 2
1195 2484 3
1195 6027 5
1195 6679 4
1195 436 3
1195 2211 2
1195 4893 3
1195 2392 5
1195 6024 1
1195 2533 4
1195 6608 5
1195 2118 4
1195 2358 3
1195 4209 4
1195 6920 3
1195 2250 5
1195 2353 5
1195 4620 5
1195 4071 5
1195 9816 4
1195 2224 4
1195 2180 2
1195 2912 4
1195 433 5
1195 675 4
1195 1136 5
1195 9817 2
1195 2641 3
1195 3535 2
1195 2405 4
1195 565 4
1195 2420 3
1195 3146 4
1195 5129 4
1195 2638 3
1195 4837 2
1195 1278 4
1195 1312 4
1195 4818 5
1195 3979 3
1195 4548 3
1195 515 4
1195 2727 4
1195 6939 4
1195 3805 3
1195 1382 5
1195 1363 4
1195 9155 3
1195 3046 4
1195 488 4
1195 4383 3
1195 8347 3
1195 3696 1
1195 2277 4
1195 3501 4
1195 8235 2
1195 4552 4
1195 1339 5
1195 3506 1
1195 4156 2
1195 2654 5
1195 9818 3
1195 4781 5
1195 4375 3
1195 409 3
1195 539 3
1196 9642 1
1196 5874 5
1196 2548 4
1196 6368 4
1196 6079 5
1196 2494 5
1196 7774 5
1196 1821 5
1196 2009 5
1196 2651 5
1196 3063 1
1196 2872 3
1196 7646 5
1196 9819 5
1196 945 4
1196 3000 5
1196 6178 4
1196 1860 5
1196 7326 4
1196 7408 4
1196 7393 5
1196 4889 1
1196 8157 4
1196 9537 5
1196 2512 4
1196 7537 5
1196 4301 5
1196 1877 5
1196 327 2
1197 6410 4
1197 6563 4
1197 7811 5
1197 9081 4
1197 1691 4
1197 9077 5
1197 6321 5
1197 9820 5
1197 6987 4
1197 4501 5
1197 6567 3
1197 7908 5
1197 6904 1
1197 1005 2
1197 6750 5
1197 4326 5
1197 6604 5
1197 2837 5
1198 8051 3
1198 710 4
1198 312 1
1198 6084 4
1198 6451 5
1199 8302 5
1199 7 3
1199 5885 2
1199 8422 4
1199 6243 4
1199 3100 3
1199 8863 3
1199 7112 2
1199 6806 5
1199 437 5
1199 1262 5
1199 7780 5
1199 1286 4
1199 1725 5
1199 4533 3
1199 1165 3
1199 7474 5
1199 2744 5
1199 6915 4
1199 3206 3
1199 763 4
1199 1459 4
1199 9821 3
1199 5457 5
1199 9822 4
1199 772 5
1199 182 5
1199 4669 4
1199 6984 5
1199 8783 4
1199 1560 3
1199 5081 3
1199 7559 4
1199 6134 4
1199 2050 4
1199 38 5
1199 7194 3
1199 5815 4
1199 1569 3
1199 5603 4
1199 9823 5
1199 760 3
1199 1354 4
1199 6578 5
1199 7636 4
1199 6813 4
1199 1922 4
1199 729 3
1199 4824 4
1199 832 5
1199 2999 4
1199 9824 4
1199 922 3
1199 4722 5
1199 5042 5
1199 9825 4
1199 9826 4
1199 5749 4
1199 6669 4
1199 8359 4
1199 812 5
1199 2019 5
1199 9827 4
1199 5361 5
1199 9201 5
1199 9828 5
1199 934 4
1199 9829 1
1199 4032 5
1199 8396 5
1199 4588 1
1199 9830 5
1199 9831 5
1199 3193 4
1199 1516 4
1199 2152 2
1199 1365 5
1199 1457 1
1199 933 4
1199 978 3
1199 1506 5
1199 9832 5
1199 814 5
1199 3059 5
1199 900 5
1199 977 3
1199 9833 4
1199 1013 4
1199 8654 5
1199 9099 4
1199 8362 5
1199 4917 1
1199 3943 4
1199 6970 3
1199 5738 4
1199 9834 5
1200 6216 4
1200 2533 5
1200 6222 5
1200 1254 5
1200 2192 4
1200 2218 3
1200 1117 5
1200 1556 4
1200 356 3
1200 1564 4
1200 2237 4
1200 1118 2
1200 2528 3
1200 9583 4
1200 7345 4
1200 6149 5
1200 5878 4
1200 1657 3
1200 7703 3
1200 6854 2
1200 7031 3
1200 3730 4
1200 6323 5
1200 6177 4
1200 1818 5
1200 2592 5
1200 9510 3
1200 2321 4
1200 1124 3
1200 6678 5
1200 2167 4
1200 373 2
1200 7260 4
1200 8701 5
1200 3408 5
1200 5428 5
1200 7371 4
1200 6729 5
1200 7447 4
1200 3301 5
1200 2332 1
1200 6933 5
1200 9835 3
1200 2180 5
1201 6168 5
1201 6217 5
1201 7222 2
1201 4863 5
1202 6340 1
1202 3224 5
1202 1534 5
1202 8143 3
1202 1909 5
1202 6563 4
1202 6727 4
1202 5892 5
1202 4360 5
1202 9836 4
1202 7810 1
1202 3314 4
1203 3037 2
1203 1237 5
1203 7132 5
1203 1278 3
1203 9837 4
1203 5356 4
1203 2880 4
1203 4583 4
1203 4779 3
1203 1236 3
1203 4951 5
1203 9838 5
1203 8091 3
1203 4780 4
1203 3372 4
1203 6209 5
1203 9839 4
1203 772 4
1203 4582 4
1203 3504 4
1203 9840 3
1203 9841 4
1203 4586 3
1203 9228 2
1203 8852 4
1203 3245 3
1203 8363 5
1203 9226 4
1203 2927 3
1203 4581 4
1203 7760 3
1203 6863 4
1203 9842 4
1203 3235 4
1203 5688 5
1203 8597 4
1203 1307 4
1203 1301 4
1203 6141 5
1203 9843 4
1203 2879 2
1203 9844 5
1203 9845 5
1203 2029 2
1203 5495 5
1203 7349 5
1203 3860 5
1203 9846 5
1203 3125 5
1203 5460 5
1203 4691 5
1203 8317 5
1203 1395 4
1203 832 5
1203 9847 5
1203 5606 5
1203 3863 5
1203 5468 5
1203 4670 5
1203 4592 4
1203 9848 4
1203 9849 5
1203 9850 5
1203 9851 5
1203 4720 4
1203 5371 5
1203 9852 3
1203 313 2
1203 9853 5
1203 9854 5
1203 9855 5
1203 9856 4
1203 8130 5
1203 9543 3
1203 9857 3
1203 9858 4
1203 8869 4
1203 4003 4
1203 7887 5
1204 2729 5
1204 9029 4
1204 1905 5
1204 404 4
1204 9859 5
1204 415 4
1204 8870 4
1204 8328 5
1204 2285 4
1204 3688 4
1204 9860 5
1204 5923 5
1204 9861 5
1204 6902 5
1204 9862 5
1204 3447 3
1204 8132 5
1204 8444 5
1204 6128 4
1204 2175 2
1204 9611 4
1204 2689 3
1205 9863 4
1205 6605 5
1205 2370 4
1205 2260 5
1205 2322 1
1205 3958 5
1205 8592 5
1205 8186 5
1205 1834 1
1205 2270 5
1205 2283 4
1205 1174 5
1205 6976 5
1205 462 4
1205 8620 4
1205 454 5
1205 4521 5
1205 1129 1
1205 2417 1
1205 1856 4
1205 1163 5
1205 482 5
1205 2175 2
1205 403 5
1206 6474 4
1206 6473 5
1206 2232 3
1207 5936 5
1207 4667 4
1207 7071 4
1207 5875 4
1207 9864 5
1207 7130 3
1207 7776 5
1207 6467 4
1207 3212 5
1207 8634 2
1207 8017 2
1207 7677 5
1207 1597 5
1207 6778 4
1207 2908 5
1207 5971 3
1208 1543 3
1208 7107 3
1208 1561 4
1208 8214 5
1208 1332 5
1208 1563 5
1208 6327 5
1209 204 5
1209 1547 5
1209 1819 4
1209 7778 4
1209 6929 3
1209 7997 4
1209 6257 4
1209 4446 5
1209 3670 3
1209 3400 4
1209 5950 5
1209 8900 5
1209 5179 4
1209 1926 4
1209 7201 5
1209 9865 4
1209 5968 5
1209 5258 5
1209 7594 4
1209 3549 5
1209 8145 5
1209 3735 5
1209 206 5
1209 5901 4
1209 8548 3
1209 4303 5
1209 2440 5
1209 1916 5
1209 7509 3
1209 7781 3
1209 199 4
1209 1651 2
1209 3731 5
1209 8531 4
1209 9866 4
1209 6786 3
1209 8365 4
1209 6048 5
1209 2819 5
1209 8971 5
1209 5574 5
1209 3044 5
1209 5384 5
1209 1633 3
1209 609 4
1209 7756 2
1209 6333 5
1209 7391 4
1209 8190 4
1209 4117 5
1209 3361 3
1209 4864 5
1209 153 5
1209 8673 4
1209 4131 5
1210 1236 5
1210 1110 4
1210 9867 5
1210 1112 5
1210 6649 3
1210 1275 1
1210 738 5
1210 480 5
1210 359 4
1210 9868 4
1210 313 1
1210 2997 5
1210 2265 5
1210 1128 5
1210 3037 5
1210 5704 5
1210 1395 5
1210 494 4
1210 502 4
1210 2834 5
1210 726 4
1210 7367 5
1210 1132 5
1210 2233 5
1210 6873 5
1210 7346 5
1210 9048 5
1210 2630 5
1210 6189 5
1210 3513 5
1210 1125 4
1211 6516 4
1211 276 2
1211 1 4
1211 5952 5
1211 5941 5
1211 6327 3
1211 7423 5
1211 7036 5
1211 8297 5
1211 6177 3
1211 706 5
1211 6482 5
1211 616 3
1211 746 5
1211 8944 5
1211 992 1
1211 3922 3
1211 9869 3
1211 7609 5
1211 1813 5
1211 3365 4
1211 7670 2
1211 3909 5
1211 2513 2
1211 2218 3
1211 2192 5
1211 379 5
1211 4506 4
1211 6076 4
1211 9000 4
1211 7826 5
1212 9870 2
1212 1498 1
1212 333 4
1212 2448 5
1212 5193 3
1212 2315 2
1212 8818 2
1212 7343 4
1212 9871 4
1212 621 5
1212 330 4
1212 6865 3
1212 1183 4
1212 2182 1
1212 6843 5
1212 3381 5
1212 8818 4
1212 2325 2
1212 7825 4
1212 371 4
1212 416 4
1212 7182 3
1212 5878 3
1212 1114 4
1212 1148 1
1212 2987 5
1212 1301 1
1212 480 3
1212 7199 2
1212 9872 4
1212 454 4
1212 345 2
1212 514 3
1212 7010 3
1212 3878 5
1212 5908 4
1213 4486 5
1213 313 5
1213 2639 5
1213 4907 4
1213 9844 5
1214 1536 3
1214 2250 3
1214 9873 5
1214 7509 4
1214 8190 5
1214 3316 5
1214 7626 5
1214 2061 4
1214 9874 3
1214 6889 5
1214 624 3
1214 6556 5
1214 6541 3
1214 7314 5
1214 2066 3
1214 1567 1
1214 2255 4
1214 4752 3
1214 309 3
1214 4047 4
1214 6114 4
1214 9875 2
1214 2126 5
1214 8320 4
1214 2303 3
1214 8974 5
1214 1604 5
1214 7255 4
1214 8074 4
1214 7061 4
1214 2794 5
1214 8016 3
1214 8618 2
1214 830 5
1214 4476 5
1214 3356 1
1214 1931 4
1215 3403 5
1215 1165 4
1215 879 5
1215 6946 5
1215 5706 5
1215 3895 5
1215 459 4
1215 2316 4
1215 826 4
1215 8426 5
1215 4893 5
1215 2572 4
1215 7825 4
1216 4653 4
1216 1945 5
1216 2421 2
1216 936 4
1216 642 3
1216 1796 5
1216 2250 4
1216 766 3
1216 3520 5
1216 309 3
1216 9876 5
1216 802 4
1216 5300 4
1216 1682 5
1216 9697 3
1216 827 5
1216 805 4
1216 857 4
1216 9877 5
1216 143 4
1216 816 5
1216 957 5
1216 269 3
1216 1103 4
1216 860 5
1216 1020 5
1216 950 4
1216 4664 3
1216 862 5
1217 4666 5
1217 6430 5
1217 1674 5
1217 1126 5
1217 6933 5
1217 3661 5
1217 3338 4
1217 1196 4
1218 2101 4
1218 6280 5
1218 9079 5
1218 9878 5
1218 1819 4
1218 2179 4
1218 5440 5
1218 3319 5
1218 1860 5
1218 8581 4
1218 2071 3
1218 3045 1
1218 4228 5
1218 1822 5
1218 5955 3
1218 6128 4
1218 4931 5
1218 2274 4
1218 10 5
1218 7784 5
1219 5617 3
1219 6688 1
1219 1948 1
1219 8306 4
1219 5516 5
1219 408 5
1219 9879 1
1220 9880 3
1220 475 4
1220 9881 4
1220 428 4
1220 2168 5
1220 118 3
1220 1132 1
1220 623 1
1220 7239 3
1220 8241 5
1220 606 5
1220 6674 5
1221 2510 3
1221 1016 4
1221 2198 4
1221 8058 5
1221 2534 4
1221 1556 4
1221 349 5
1221 6671 4
1221 618 4
1221 2526 3
1221 2948 3
1221 2200 4
1221 2210 3
1221 2212 4
1221 5875 1
1221 2217 3
1221 9753 3
1221 7941 2
1221 722 5
1221 6599 3
1221 6859 5
1221 2256 4
1221 2317 4
1221 7825 3
1221 7960 3
1221 1118 4
1221 6554 3
1221 2084 3
1221 2299 3
1221 2302 4
1221 5076 5
1221 3459 4
1221 422 2
1221 3033 5
1221 5138 5
1221 8309 3
1221 2999 5
1221 2332 1
1221 8360 5
1221 9882 3
1221 2258 4
1221 2678 4
1221 9883 5
1221 408 3
1221 2469 4
1221 2381 3
1221 2384 3
1221 2403 3
1221 2401 4
1221 1308 5
1221 399 5
1221 2374 3
1221 9884 3
1221 9885 4
1221 9886 2
1221 9887 5
1221 2989 1
1221 2990 3
1221 2991 2
1221 2992 3
1221 2993 2
1221 422 2
1221 2379 3
1221 7921 2
1221 392 3
1221 1797 4
1221 9888 5
1221 6585 4
1221 8249 5
1221 3876 4
1221 403 4
1221 8818 3
1221 3441 3
1221 620 5
1221 8898 5
1222 6550 4
1222 991 4
1222 9889 4
1222 7858 4
1222 7343 5
1222 944 1
1222 6769 4
1222 1231 5
1222 1550 5
1222 661 4
1222 309 4
1222 843 4
1222 5866 5
1222 6109 4
1222 6330 4
1222 2056 4
1222 368 4
1222 2407 4
1222 6391 5
1222 2321 3
1222 9823 5
1222 2662 4
1222 4842 5
1222 8077 4
1222 1088 5
1222 4494 5
1222 2083 4
1222 1650 4
1222 4206 4
1222 1775 5
1222 728 4
1222 1854 4
1222 6120 5
1222 4995 4
1222 7182 4
1222 3185 2
1222 5878 4
1222 9890 4
1222 6843 5
1222 548 5
1222 6223 5
1222 7272 3
1222 7924 4
1222 5730 5
1222 7270 5
1222 3639 5
1222 9891 5
1222 4599 3
1222 3411 4
1222 5759 5
1222 1564 5
1222 7098 5
1222 2005 4
1222 5961 4
1222 1174 5
1223 5866 4
1223 8139 4
1223 6084 5
1223 6089 4
1223 3311 3
1223 6087 4
1223 7680 4
1223 7022 2
1223 3720 4
1223 9892 5
1223 8544 4
1223 2636 5
1223 9893 4
1223 8437 5
1223 6107 4
1223 4134 3
1224 2990 2
1224 2991 1
1224 2992 3
1224 2993 3
1224 422 4
1224 2449 5
1224 489 4
1224 2565 3
1224 8934 2
1224 2396 2
1224 359 5
1224 9894 3
1224 2255 4
1224 6867 4
1224 5934 5
1224 6429 2
1224 1119 3
1224 624 2
1224 2341 2
1224 4698 4
1224 104 2
1224 1472 3
1224 1165 5
1224 2862 4
1224 9115 3
1224 371 4
1224 7964 3
1224 9895 2
1224 1167 2
1224 1113 2
1224 1114 2
1224 6742 3
1224 9896 2
1224 2513 3
1224 422 4
1224 1123 3
1224 1942 5
1224 388 5
1224 1163 5
1224 2225 2
1224 1561 5
1224 600 4
1224 7174 3
1224 7777 2
1224 601 5
1224 8082 2
1224 3132 3
1224 2200 2
1224 8051 4
1224 1125 5
1224 9897 3
1224 2864 4
1224 7941 2
1224 7825 3
1224 7390 2
1224 2173 3
1224 1580 3
1224 2866 2
1224 345 2
1224 5875 4
1224 6452 2
1224 7071 3
1224 4165 2
1224 469 3
1224 7942 3
1224 9898 5
1224 329 3
1224 7629 2
1224 6690 2
1224 6613 3
1224 383 3
1224 1215 2
1224 2075 2
1224 9078 1
1224 8159 1
1224 2237 5
1224 4671 4
1224 2254 2
1224 6728 2
1224 6822 4
1224 1218 2
1224 1248 4
1224 5781 4
1224 7221 5
1224 7873 2
1224 933 3
1224 8114 4
1224 7636 2
1224 5887 3
1224 1128 5
1224 7725 2
1224 2309 3
1225 8749 5
1225 1733 4
1225 7391 3
1226 1781 5
1226 8178 5
1226 6530 5
1226 6475 5
1226 5859 5
1226 9899 4
1226 6293 4
1226 1395 4
1226 1561 5
1226 8990 5
1226 7069 1
1226 6769 5
1226 543 4
1226 1864 5
1226 6055 1
1226 680 5
1226 2557 4
1226 2373 5
1226 7809 5
1226 5931 5
1226 2460 3
1226 2391 4
1226 7127 5
1226 9900 5
1226 1826 5
1226 5871 4
1226 6091 5
1226 29 5
1226 6937 5
1226 309 3
1226 1926 5
1226 3147 5
1226 2136 5
1226 2061 5
1226 1312 5
1226 9506 4
1226 615 5
1226 1745 3
1226 1552 5
1226 8547 2
1226 3998 5
1226 6250 5
1226 6647 5
1226 9713 2
1226 6512 4
1226 8021 2
1226 677 5
1226 252 3
1226 6810 3
1226 7091 5
1226 6893 4
1226 5559 5
1226 3997 5
1226 6381 4
1226 1615 3
1226 3686 5
1226 644 5
1226 750 5
1226 9284 2
1226 643 5
1226 8291 5
1226 1691 5
1226 1917 5
1226 5737 1
1226 2940 5
1227 5695 5
1227 3816 4
1227 1013 4
1228 2180 5
1228 8694 5
1228 2860 5
1228 4450 5
1228 7937 4
1228 2298 5
1228 429 5
1228 2303 3
1228 1826 5
1228 2564 4
1228 9863 5
1228 2161 4
1228 2363 4
1228 2250 3
1228 256 4
1228 6027 2
1228 2212 4
1228 2855 2
1228 1394 3
1228 8399 2
1228 2162 3
1228 462 4
1228 2210 3
1228 2244 4
1228 9164 3
1228 9901 4
1228 6113 4
1228 6554 4
1228 1796 4
1228 6539 4
1228 2221 4
1228 7976 3
1228 6341 3
1228 2163 3
1228 571 5
1228 2118 4
1228 618 2
1228 2222 2
1228 7098 4
1228 7825 3
1228 2469 4
1228 2948 4
1228 6599 3
1228 2183 4
1228 1556 3
1228 1119 4
1228 2277 5
1228 2192 4
1228 392 3
1228 2310 5
1228 469 4
1228 5930 5
1228 4301 5
1228 2186 1
1228 7968 4
1228 5529 4
1228 496 4
1228 458 5
1228 2288 5
1228 6222 5
1228 1230 5
1228 2534 4
1228 528 5
1228 2197 5
1228 421 5
1228 2238 2
1228 9902 5
1228 5469 5
1228 2640 4
1228 2498 3
1228 9903 5
1228 2224 2
1228 2547 4
1228 2258 3
1228 638 3
1228 527 5
1228 9904 3
1228 265 4
1228 9905 5
1228 3871 1
1228 2723 5
1228 2227 4
1228 9882 3
1228 2260 4
1228 5379 5
1228 6678 4
1228 4257 2
1228 364 5
1228 7344 5
1228 4952 5
1228 576 4
1228 393 3
1228 421 4
1228 384 5
1228 584 5
1228 6779 3
1228 9904 3
1228 445 4
1228 3506 1
1228 7863 5
1228 5413 5
1228 7521 5
1228 1132 4
1228 6680 4
1228 6149 5
1229 1567 2
1229 8527 3
1229 2959 3
1229 2469 5
1230 591 5
1230 4652 1
1230 1275 5
1230 3561 5
1230 1541 5
1230 6932 4
1230 3583 5
1230 5939 4
1230 9906 5
1230 2510 2
1230 8081 4
1230 6732 5
1230 8338 4
1230 1759 2
1230 1557 4
1230 329 4
1230 404 4
1230 1255 5
1230 9907 5
1230 1561 5
1230 2389 4
1230 457 4
1230 2221 4
1230 2207 4
1230 2254 4
1230 9753 4
1230 6591 3
1230 4838 4
1230 2223 5
1230 1171 3
1230 2332 2
1230 1815 5
1230 3047 5
1230 488 3
1230 2216 3
1230 2118 4
1230 1194 4
1230 3834 4
1230 2416 5
1230 2398 5
1230 7363 5
1230 2215 5
1230 1312 5
1230 1280 5
1230 1922 4
1230 1299 4
1230 1694 4
1230 558 5
1230 9908 5
1230 2559 5
1230 932 4
1230 2557 4
1230 3132 5
1230 2346 5
1230 5409 4
1230 1516 1
1230 2451 2
1230 8760 4
1230 974 2
1230 2479 4
1230 6282 2
1230 9909 5
1230 968 3
1230 5579 4
1231 1274 5
1231 5193 4
1231 384 4
1231 560 2
1231 2294 3
1231 8050 2
1231 6671 4
1231 7396 4
1231 1343 5
1231 423 3
1231 5452 4
1231 8262 5
1231 1109 2
1231 8249 5
1231 331 1
1231 3387 5
1231 426 4
1231 3916 5
1231 1302 3
1231 762 3
1231 2207 3
1231 1536 3
1231 8201 5
1231 2367 5
1231 9404 5
1231 563 4
1231 371 4
1231 398 5
1231 1235 3
1231 427 3
1231 7236 4
1231 1796 5
1231 2348 5
1231 704 3
1231 9271 3
1231 832 5
1231 1189 5
1231 1122 3
1231 4628 5
1231 2251 5
1231 8409 5
1231 9725 5
1231 584 5
1231 5191 5
1231 2275 4
1231 5930 4
1231 511 3
1231 404 5
1231 459 4
1231 412 5
1231 579 4
1231 8250 5
1231 28 5
1231 276 3
1231 1976 3
1231 9466 5
1231 6381 4
1231 706 3
1231 5418 1
1231 673 3
1231 1546 5
1231 9910 4
1231 9911 5
1231 759 5
1231 1452 5
1231 1313 1
1231 8081 2
1231 544 5
1231 1278 5
1231 1222 4
1231 374 3
1231 2258 4
1231 5875 4
1231 1905 2
1231 604 5
1231 638 5
1231 542 1
1231 1876 1
1231 566 4
1231 826 4
1231 1295 5
1231 1214 2
1231 780 3
1231 2471 5
1231 741 5
1231 6433 2
1231 1650 5
1231 732 5
1231 580 5
1231 718 5
1231 104 4
1231 574 1
1231 1979 5
1231 1665 5
1231 309 5
1231 7636 3
1231 1412 5
1231 699 4
1231 1652 5
1231 4869 5
1231 610 3
1231 312 3
1231 3686 3
1231 4105 5
1231 1414 1
1231 122 3
1231 1673 4
1231 2693 1
1231 1594 5
1231 323 3
1231 974 1
1231 2655 2
1231 8552 4
1231 5000 4
1231 4642 5
1231 1575 4
1232 505 4
1232 517 3
1232 1171 5
1232 8276 4
1232 606 5
1232 7148 5
1232 8262 5
1232 6608 4
1232 8928 5
1232 702 2
1232 398 5
1232 7853 5
1232 7936 3
1232 1865 4
1232 9912 4
1232 6603 4
1232 5867 4
1232 1469 5
1232 2039 4
1232 2277 4
1232 9908 5
1232 6630 4
1232 366 4
1232 2163 3
1232 2225 3
1232 1805 3
1232 1111 5
1232 7937 4
1232 9895 2
1232 523 5
1232 2162 2
1232 1445 5
1232 3046 5
1232 9913 5
1232 2414 5
1232 2459 4
1232 2461 5
1232 7939 4
1232 1448 5
1232 6547 5
1232 8249 5
1232 7977 5
1232 3853 5
1232 7825 3
1232 582 5
1232 5160 5
1232 2268 4
1232 2211 4
1232 2296 3
1232 2252 5
1232 4781 5
1232 8410 4
1232 2376 5
1232 6504 5
1232 7075 5
1232 9048 5
1232 1498 4
1232 7591 5
1232 8837 5
1232 2222 3
1232 2928 5
1232 2223 4
1232 2297 5
1232 9812 4
1232 9304 5
1232 3142 5
1232 2313 4
1232 9914 5
1232 9915 5
1232 8077 4
1232 1216 5
1232 7319 5
1232 9916 5
1232 429 5
1232 2406 3
1232 2264 5
1232 9882 3
1232 742 3
1232 1803 3
1232 2380 4
1232 1707 4
1232 6729 4
1232 395 5
1232 2174 5
1232 1801 1
1232 7646 1
1232 1547 5
1232 4721 5
1232 7620 5
1232 2513 3
1232 6074 5
1232 2165 3
1232 9204 4
1232 7909 5
1232 9917 5
1232 2185 3
1232 9897 3
1232 3877 5
1232 2678 3
1232 2226 4
1232 8297 5
1232 8326 5
1232 2948 4
1232 2224 4
1232 9918 5
1232 2173 2
1232 1556 5
1232 3580 5
1232 9598 5
1232 2192 4
1232 9919 4
1232 1786 4
1232 6924 4
1232 5873 5
1232 1573 4
1232 8100 4
1232 4450 5
1232 2435 4
1232 6616 5
1232 2585 4
1232 332 4
1232 9894 3
1232 6605 4
1232 2267 2
1232 4250 3
1232 2328 4
1232 394 3
1232 349 4
1232 2855 4
1232 618 2
1232 6541 2
1232 1118 3
1232 6855 4
1232 7037 4
1232 1170 4
1232 2196 3
1232 2287 1
1232 1091 5
1232 3629 4
1232 898 4
1232 5522 5
1232 1261 5
1232 356 5
1232 386 4
1232 2080 3
1232 3422 5
1232 6637 4
1232 9868 3
1232 5211 5
1232 2337 3
1232 9583 4
1232 9920 2
1232 2217 2
1232 2212 4
1232 2309 4
1232 3038 4
1232 526 4
1232 5720 5
1232 8455 4
1232 3033 4
1232 102 5
1232 1901 4
1232 1405 5
1232 2451 4
1232 580 5
1232 1088 5
1232 2425 5
1232 2395 5
1232 2859 3
1232 1797 3
1232 3600 4
1232 1035 3
1232 529 5
1232 9921 5
1232 1925 5
1232 8741 4
1232 8213 3
1232 548 4
1232 2178 4
1232 4198 5
1232 2386 4
1232 8342 4
1232 638 5
1232 830 5
1232 2664 5
1232 2941 5
1232 1826 5
1232 7905 5
1232 6591 3
1232 2206 5
1232 5933 4
1232 8461 5
1232 1564 4
1232 4023 5
1232 478 3
1232 8141 3
1232 617 2
1232 9026 4
1232 4156 5
1232 9922 5
1232 407 5
1232 4532 5
1232 1842 5
1232 2373 4
1232 1150 4
1232 9923 5
1232 3059 5
1232 4777 5
1232 2448 4
1232 1121 2
1232 6628 4
1232 2120 3
1232 361 2
1232 2473 2
1232 9924 5
1232 436 2
1232 1138 2
1232 1152 3
1232 2209 5
1232 6677 3
1232 1159 3
1232 9911 5
1232 2288 4
1232 2374 4
1232 1831 2
1232 2415 3
1232 1083 4
1232 7025 3
1232 2293 5
1232 1847 4
1232 2105 3
1232 1144 3
1232 5722 4
1232 2285 3
1232 6556 5
1232 5955 4
1232 7924 5
1232 2371 2
1232 1295 4
1232 3676 3
1232 351 2
1232 5759 5
1232 8122 3
1232 2179 3
1232 1253 3
1232 6020 4
1232 2331 3
1232 3842 4
1232 1905 4
1232 6653 4
1232 7784 5
1232 578 5
1232 4718 3
1232 18 3
1232 2050 4
1232 6867 2
1232 1825 5
1232 2216 3
1232 2240 3
1232 2391 4
1232 6519 4
1232 8619 4
1232 3379 5
1232 6545 4
1232 8168 4
1232 2351 4
1232 8401 4
1232 7144 2
1232 571 5
1232 575 4
1232 9888 5
1232 3417 4
1232 4258 2
1232 486 3
1232 719 4
1232 2340 4
1232 9925 5
1232 4549 4
1232 3383 4
1232 8819 4
1232 2505 5
1232 1597 5
1232 2571 3
1232 9926 5
1232 2880 2
1232 1832 4
1232 377 5
1232 9315 5
1232 2197 5
1232 2623 2
1232 9118 2
1232 3386 3
1232 1792 4
1232 2365 3
1232 2357 3
1232 8313 3
1232 1451 5
1232 3402 4
1232 6047 4
1232 6607 5
1232 2544 4
1232 3653 3
1232 8346 2
1232 515 4
1232 3441 3
1232 399 5
1232 1131 3
1232 1125 4
1232 6270 1
1232 2233 3
1232 420 4
1232 9927 5
1232 7817 5
1232 1347 4
1232 1181 4
1232 2536 4
1232 7962 5
1232 8451 2
1232 9928 4
1232 6599 3
1232 1249 2
1232 2084 2
1232 1187 3
1232 7968 3
1232 2317 4
1232 374 4
1232 2607 3
1232 3411 5
1232 9929 4
1232 7967 3
1232 1749 4
1232 6866 3
1232 392 4
1232 582 3
1232 2316 4
1232 6201 4
1232 405 3
1232 1254 3
1232 498 3
1232 2112 4
1232 1133 1
1232 558 4
1232 1184 4
1232 3650 4
1232 3981 4
1232 2314 3
1232 2076 3
1232 7976 4
1232 5698 3
1232 6592 4
1232 357 3
1232 1858 3
1232 379 4
1232 2346 2
1232 385 4
1232 2249 4
1232 2539 3
1232 4279 4
1232 2399 5
1232 6428 1
1232 8158 4
1232 8539 5
1232 8060 5
1232 2325 4
1232 8079 4
1232 6329 4
1232 9813 5
1232 627 5
1232 4608 5
1232 2300 3
1232 9930 3
1232 401 5
1232 6145 5
1232 7286 4
1232 1744 4
1232 1298 3
1232 3289 3
1232 2383 4
1232 6915 4
1232 9931 5
1232 355 4
1232 2255 5
1232 8338 3
1232 9932 4
1232 3535 1
1232 1248 4
1232 5208 4
1232 567 5
1232 8069 3
1232 2099 4
1232 1394 3
1232 2335 4
1232 1141 2
1232 602 3
1232 6544 5
1232 2311 4
1232 1122 5
1232 2370 3
1232 586 4
1232 482 5
1232 9904 1
1232 6850 5
1232 1373 3
1232 2434 4
1232 3574 3
1232 1210 5
1232 1082 4
1232 2160 5
1232 659 4
1232 2159 5
1232 1265 4
1232 3377 2
1232 1213 5
1232 458 5
1232 3603 3
1232 4269 3
1232 1053 4
1232 9061 4
1232 9933 4
1232 1054 5
1232 1481 4
1232 2587 4
1232 2656 4
1232 2398 4
1232 2404 2
1232 363 5
1232 2564 5
1232 550 5
1232 3391 5
1232 491 4
1232 6940 2
1232 5490 5
1232 9068 4
1232 8412 4
1232 6943 4
1232 1876 3
1232 2572 5
1232 2115 4
1232 5248 3
1232 7969 3
1232 1132 5
1232 9934 3
1232 9390 5
1232 2320 4
1232 2323 5
1232 560 4
1232 2281 4
1232 1449 5
1232 2262 4
1232 408 5
1232 2400 4
1232 418 5
1232 1694 5
1232 2324 5
1232 2519 4
1232 1787 5
1232 3857 1
1232 8339 5
1232 1167 4
1232 4273 3
1232 2468 3
1232 3451 3
1232 6655 4
1232 7501 3
1232 457 4
1232 373 4
1232 8078 4
1232 4475 3
1232 1873 4
1232 2449 5
1232 2455 5
1232 446 3
1232 6658 3
1232 3574 3
1232 428 4
1232 2542 4
1232 8920 4
1232 2434 4
1232 2181 4
1232 2446 3
1232 1505 4
1232 6662 5
1232 1095 3
1232 8307 4
1232 3398 3
1232 4381 5
1232 8282 5
1232 4938 4
1232 1147 4
1232 2567 3
1232 2408 4
1232 3789 4
1232 9935 4
1232 8869 4
1232 3423 4
1232 2375 4
1232 9936 3
1232 8834 4
1232 608 4
1232 2407 4
1232 1836 4
1232 1162 3
1232 1198 5
1232 3132 4
1232 4249 1
1232 2235 5
1232 2471 5
1232 1157 4
1232 7100 4
1232 9060 5
1232 8310 5
1232 3350 3
1232 3486 3
1232 9937 4
1232 456 3
1232 2235 5
1232 3039 5
1232 2524 4
1232 3868 4
1232 442 3
1232 2327 3
1232 2164 4
1232 465 5
1232 5443 5
1232 6809 4
1232 2896 3
1232 2661 5
1232 3035 3
1232 475 3
1232 2682 4
1232 7816 5
1232 2411 4
1232 8626 2
1232 1238 3
1232 8235 2
1232 1246 1
1232 2503 4
1232 2432 3
1232 2894 4
1232 4163 4
1232 8774 4
1232 2355 5
1232 9938 2
1232 3137 3
1232 9939 4
1232 3146 4
1232 3146 5
1232 3617 5
1232 867 4
1232 773 3
1232 686 4
1232 2354 4
1232 4377 4
1232 7158 4
1232 2574 5
1232 4842 4
1232 9940 3
1232 2480 4
1232 1017 5
1232 2349 4
1232 8503 4
1232 2925 3
1232 152 4
1232 9941 4
1232 2137 4
1232 441 4
1232 2428 3
1232 435 4
1232 1902 5
1232 2463 4
1232 489 5
1232 8360 5
1232 2565 4
1232 1616 4
1232 8171 5
1232 2563 4
1232 333 4
1232 5590 4
1232 441 5
1233 5962 1
1233 7636 5
1233 7819 4
1233 2785 4
1233 7183 5
1233 2372 3
1233 5731 5
1233 48 5
1233 5134 5
1233 9787 5
1233 3219 5
1233 3639 5
1233 275 4
1233 3586 5
1233 9942 4
1233 7479 5
1233 2125 5
1233 3072 5
1233 1933 3
1233 2094 3
1233 7075 4
1234 1566 5
1234 2814 5
1234 5902 5
1234 4265 5
1234 9233 5
1234 5069 5
1234 7382 5
1234 6332 5
1234 6440 5
1234 4231 5
1234 9465 5
1234 9943 5
1234 2946 1
1234 1691 5
1234 4490 4
1234 5597 5
1234 9944 5
1234 891 5
1234 9945 1
1234 239 5
1234 5185 5
1234 6700 5
1234 1450 2
1234 9946 5
1234 992 4
1234 7192 5
1234 2558 5
1234 3801 5
1234 9947 5
1234 4784 5
1234 966 5
1234 4917 4
1234 857 5
1234 9802 5
1234 3589 5
1234 9948 3
1234 9431 4
1234 4673 1
1234 9949 5
1234 9950 5
1234 5226 5
1234 363 4
1234 1466 5
1234 3950 5
1234 906 3
1234 937 5
1234 934 5
1234 9951 5
1234 3054 5
1234 9952 5
1234 9651 5
1234 4787 5
1234 3907 5
1234 9953 4
1234 5530 5
1234 955 5
1234 9954 5
1234 1444 4
1235 2254 2
1235 9955 4
1235 6111 5
1235 6859 4
1235 8262 5
1235 6754 4
1235 3047 4
1235 6188 4
1235 2591 5
1235 3324 4
1236 6265 5
1236 7665 2
1236 6322 5
1236 1553 5
1236 4016 5
1236 2196 4
1236 4468 5
1236 8544 5
1236 4521 3
1236 1594 4
1236 7296 5
1236 7376 4
1236 6827 5
1236 1124 4
1236 6449 2
1236 843 4
1236 954 4
1236 6602 4
1236 1620 3
1236 1674 5
1236 4574 2
1236 2471 5
1236 2755 5
1236 1603 4
1236 4799 4
1236 6658 5
1236 468 4
1236 6839 4
1237 2307 4
1237 468 4
1237 1826 4
1237 7937 4
1237 1312 5
1237 8330 4
1237 1111 4
1237 1136 3
1237 2405 3
1237 2534 5
1237 1134 3
1237 1249 2
1237 341 4
1237 2180 5
1237 9956 4
1237 7027 5
1237 2200 3
1237 4541 4
1237 7099 1
1237 6028 4
1237 4319 5
1237 9003 3
1237 196 3
1237 383 2
1237 2249 3
1237 2472 3
1237 3264 4
1237 2260 2
1237 2396 5
1237 2645 3
1237 5209 5
1237 4156 3
1237 394 4
1237 3486 4
1237 1141 3
1237 2346 3
1237 459 4
1237 742 3
1237 7392 4
1237 513 5
1237 392 3
1237 8412 2
1237 6943 4
1237 2386 4
1237 622 4
1237 1218 4
1237 2479 4
1237 2406 3
1237 2580 3
1237 1132 4
1237 1185 4
1237 6613 2
1237 663 3
1237 9957 4
1237 2897 3
1237 8342 4
1237 9958 3
1237 3275 4
1237 9282 4
1237 3037 4
1237 5704 4
1237 4900 3
1237 9611 4
1237 515 5
1237 4914 5
1237 6571 3
1237 1238 4
1237 7967 4
1237 452 4
1237 474 5
1237 2294 3
1237 5528 4
1237 1876 4
1237 2558 4
1237 7396 4
1237 3942 3
1237 8287 4
1237 565 3
1237 8069 4
1237 2315 4
1237 5526 4
1237 542 3
1237 1813 5
1237 3154 4
1237 5480 4
1237 5480 3
1237 409 4
1238 1774 4
1238 6332 5
1238 5508 5
1238 326 5
1238 704 4
1238 678 3
1238 728 1
1238 1332 1
1238 4566 5
1238 3264 4
1238 842 5
1239 1650 5
1239 8936 5
1239 7216 5
1239 3057 5
1239 4498 5
1239 3170 5
1239 6355 4
1239 9232 5
1239 1998 1
1239 609 1
1239 7545 5
1239 258 4
1239 4905 4
1239 5513 5
1239 5238 2
1239 276 5
1239 1278 5
1239 1984 3
1239 3932 5
1239 196 5
1239 2082 4
1239 4161 4
1239 4078 5
1239 5795 4
1239 9959 5
1239 1921 5
1239 4675 2
1239 9960 5
1239 3251 5
1239 1049 4
1239 4557 4
1240 2461 5
1240 832 5
1240 5228 5
1240 5048 5
1240 5116 5
1240 152 5
1240 4885 5
1240 9621 5
1240 4554 5
1240 196 5
1240 759 5
1240 720 3
1240 323 5
1240 9273 5
1240 6666 5
1240 8091 4
1240 2461 5
1240 7478 5
1240 4289 5
1240 9961 4
1240 8863 5
1240 2659 5
1240 4779 2
1240 9962 5
1240 3542 5
1240 2671 5
1241 3256 5
1241 258 5
1241 832 5
1241 8442 5
1241 3655 4
1241 5592 5
1241 3647 2
1241 346 5
1241 7886 4
1241 2896 5
1241 288 3
1241 3444 4
1241 6375 3
1241 6837 4
1241 6930 4
1241 5696 2
1241 28 5
1241 9963 2
1241 778 3
1241 9603 5
1241 2236 3
1241 9964 3
1241 4376 4
1241 5680 5
1241 8063 4
1241 9965 5
1241 9785 1
1241 1070 5
1241 2561 4
1241 1310 3
1241 5442 4
1241 9966 5
1241 3702 5
1241 837 5
1241 4071 4
1241 3814 5
1241 1301 4
1241 3461 5
1241 699 5
1241 3146 3
1241 5789 5
1241 5034 5
1241 1332 4
1241 1312 3
1241 8873 4
1241 686 3
1241 9967 4
1241 9968 2
1242 217 3
1242 9293 5
1242 101 4
1242 734 5
1242 196 4
1242 1395 3
1242 4106 5
1242 323 4
1242 9962 4
1242 610 4
1242 7318 4
1242 706 4
1242 5069 3
1242 4185 4
1242 1477 3
1242 1719 4
1242 7419 4
1242 6078 4
1243 1042 5
1243 104 5
1243 772 5
1243 9324 3
1243 7302 5
1243 704 3
1243 1912 5
1243 9539 4
1243 7034 5
1243 1988 3
1243 3982 5
1243 8357 5
1243 1355 4
1243 217 3
1243 7614 4
1243 5698 4
1243 276 5
1243 5616 2
1243 313 4
1243 738 5
1243 4117 5
1243 211 3
1243 2885 5
1243 3747 4
1243 206 5
1243 2806 5
1243 5591 5
1243 5592 5
1243 868 1
1243 1395 5
1243 739 5
1243 1278 5
1243 734 5
1243 4508 2
1243 309 4
1243 216 1
1243 4709 4
1243 323 5
1244 9969 4
1244 8849 4
1244 258 5
1244 1352 5
1244 5174 5
1244 1275 1
1244 312 5
1244 4284 5
1244 4548 3
1244 313 4
1244 5703 5
1244 2747 5
1244 323 5
1244 9332 5
1244 720 3
1244 6999 5
1244 6998 5
1245 9970 5
1245 170 3
1245 6378 3
1245 6160 5
1245 842 5
1245 9971 5
1245 4934 5
1245 9972 2
1245 4001 1
1246 7228 5
1246 683 5
1246 728 2
1246 710 5
1246 3962 5
1246 9764 5
1246 312 5
1246 1275 1
1246 3682 5
1246 309 5
1246 2144 5
1247 9166 2
1247 740 5
1247 3517 2
1247 9973 5
1247 258 5
1247 9884 5
1247 1278 5
1247 741 5
1247 2831 4
1247 2352 3
1247 4255 5
1247 323 4
1247 699 3
1247 288 3
1247 8696 5
1247 9482 4
1247 9974 3
1247 2843 5
1247 583 5
1247 6145 4
1247 222 4
1247 5856 3
1247 4688 4
1247 9464 2
1247 312 5
1247 751 5
1247 154 4
1247 979 5
1247 843 4
1247 7526 5
1247 2655 1
1247 2842 3
1247 28 3
1247 7608 3
1247 6562 4
1247 278 1
1247 211 5
1247 3084 3
1247 4280 4
1247 9975 5
1247 196 5
1247 1709 2
1247 739 5
1247 4979 5
1247 6581 4
1247 704 3
1247 7342 5
1247 6692 4
1247 245 5
1247 1277 5
1247 4757 1
1247 6834 3
1247 732 3
1247 706 5
1247 9200 5
1247 759 1
1247 826 5
1247 2939 5
1247 728 5
1247 9976 4
1247 309 5
1247 7316 2
1247 2718 4
1247 6391 5
1247 1982 3
1248 8274 1
1248 3332 5
1248 9473 5
1248 1385 5
1248 9525 5
1248 8774 4
1248 451 2
1248 1837 5
1248 2189 4
1248 6148 3
1248 3264 5
1248 1298 3
1248 723 4
1248 5706 5
1248 7951 4
1248 1049 5
1248 312 3
1248 843 3
1248 1391 4
1248 2682 5
1248 9977 5
1248 313 4
1248 760 5
1248 610 4
1248 728 5
1248 1774 3
1248 8046 5
1248 5018 4
1248 739 4
1248 9404 4
1248 1748 5
1248 837 5
1248 1477 1
1248 732 3
1248 323 4
1248 934 5
1248 305 4
1248 1712 4
1248 1277 5
1248 7425 4
1248 3782 5
1248 4883 5
1248 5820 5
1248 6568 5
1248 1275 5
1249 9215 4
1249 9512 5
1249 252 4
1249 2643 5
1249 3497 4
1250 5279 5
1250 3525 5
1250 8143 5
1250 4237 4
1250 837 5
1250 1558 3
1250 4907 5
1250 3959 5
1250 9978 5
1250 4045 5
1250 7208 5
1250 2917 4
1250 2929 2
1251 337 3
1251 1901 4
1251 723 5
1251 5253 4
1251 2340 3
1251 2453 3
1251 2265 3
1251 312 3
1251 4552 4
1251 3448 4
1251 3151 3
1251 7567 2
1251 4845 4
1251 2938 4
1251 4900 3
1251 9979 5
1251 4840 2
1251 7940 2
1251 309 3
1251 5001 5
1251 313 4
1251 5241 5
1251 9980 5
1251 6757 4
1251 837 5
1251 2718 3
1251 2016 4
1251 9981 3
1251 537 3
1251 7507 5
1251 1325 3
1251 477 1
1251 1065 5
1251 4771 5
1251 5344 2
1251 2652 5
1251 8323 5
1251 6041 5
1251 9115 4
1251 1439 5
1251 2754 5
1251 1313 2
1251 9219 2
1251 4639 3
1251 9665 5
1252 258 5
1252 7644 4
1252 9264 5
1252 276 5
1252 7329 5
1252 762 5
1252 1328 5
1252 4396 5
1252 28 5
1252 1825 5
1252 7005 4
1252 6212 5
1252 4402 4
1252 309 5
1252 9982 5
1252 9983 5
1252 313 5
1252 4623 5
1252 9984 5
1252 7581 5
1253 1200 5
1253 9985 1
1253 728 3
1253 843 3
1253 829 4
1253 309 3
1253 9986 5
1253 4358 4
1254 704 3
1254 5005 5
1254 3313 3
1254 7966 5
1255 3400 3
1255 1965 5
1255 9987 5
1255 425 3
1255 9988 3
1255 559 3
1255 1710 5
1255 1278 4
1255 7645 5
1255 9301 4
1255 590 5
1255 5897 3
1255 4729 5
1255 3960 5
1255 6906 2
1255 4259 5
1255 4161 4
1255 5251 5
1255 6618 5
1255 4042 5
1255 9989 4
1255 2315 3
1255 8106 4
1255 3909 5
1255 4891 4
1255 9651 5
1255 9564 5
1255 714 5
1255 4021 4
1255 1949 5
1255 3936 4
1255 309 5
1255 9884 5
1255 4552 5
1255 1386 4
1255 2629 5
1255 2016 3
1255 112 5
1255 3985 3
1256 829 5
1256 712 5
1256 710 5
1256 772 1
1256 832 5
1256 706 5
1256 323 1
1256 288 5
1256 689 5
1256 843 5
1256 759 5
1256 258 4
1256 1976 5
1256 217 5
1256 276 5
1256 196 5
1256 104 1
1256 1981 4
1256 704 5
1256 2706 1
1256 738 4
1256 735 3
1256 1458 5
1256 28 4
1256 309 4
1256 1775 4
1256 734 5
1256 741 4
1256 699 4
1256 312 4
1256 2980 5
1256 313 5
1256 792 5
1256 732 5
1256 1395 5
1256 762 5
1256 1403 1
1256 5457 4
1256 7753 4
1257 3960 5
1257 8198 5
1257 6076 5
1257 134 5
1257 738 5
1257 312 5
1257 217 5
1257 288 5
1257 8891 5
1257 323 5
1257 7759 4
1257 258 5
1257 712 5
1257 6402 5
1257 3523 4
1257 739 5
1257 8773 5
1257 3022 5
1257 5864 5
1257 1278 5
1257 3320 5
1257 104 5
1257 4117 5
1257 8199 5
1257 8745 1
1257 837 5
1257 1682 5
1257 8839 5
1257 574 1
1257 1274 5
1257 1408 5
1257 276 5
1257 4802 5
1257 1260 5
1257 3971 5
1257 5150 5
1257 4688 5
1257 1629 5
1257 7800 5
1257 309 5
1257 3975 5
1257 65 4
1257 5967 3
1257 4196 4
1257 5306 3
1257 3195 4
1257 1876 4
1257 153 5
1258 7434 4
1258 7247 5
1258 1262 5
1258 4727 4
1258 1475 4
1258 723 5
1258 6535 4
1258 3556 5
1258 722 5
1258 5430 5
1258 9333 5
1258 6606 5
1258 6736 1
1258 1331 5
1258 9990 5
1258 2655 5
1258 1780 4
1258 313 5
1258 6515 4
1258 5295 4
1258 2969 5
1258 1313 1
1258 9991 5
1258 5181 5
1258 8258 1
1258 9992 3
1258 4853 5
1258 8291 4
1258 7682 5
1258 645 4
1258 4019 3
1258 3748 5
1258 934 5
1258 3788 4
1258 9993 5
1258 8747 1
1258 9994 5
1258 9995 5
1258 6923 5
1258 9996 4
1258 3934 5
1258 3619 4
1258 1515 5
1258 1515 2
1258 1102 1
1258 6752 5
1258 130 3
1258 9613 5
1258 3790 3
1258 3606 4
1258 8197 3
1258 622 3
1258 3275 4
1258 3617 5
1258 9997 4
1258 4334 5
1258 943 5
1258 5539 4
1258 5537 5
1258 2722 5
1258 9998 2
1258 9999 4
1258 4713 5
1258 1411 5
1258 789 5
1258 9375 4
1258 8745 5
1258 1520 2
1258 9758 5
1259 829 5
1259 1780 5
1259 6264 4
1259 8573 5
1259 7761 4
1259 1276 5
1259 216 5
1259 5037 5
1259 254 5
1259 323 5
1259 309 5
1259 732 5
1259 1395 5
1259 706 5
1259 196 5
1259 3726 4
1259 7112 5
1259 10000 4
1259 10001 5
1259 10002 4
1259 4049 2
1259 10003 4
1260 5597 5
1260 10004 5
1260 4009 4
1260 9617 5
1260 5738 5
1260 3764 4
1260 1439 5
1260 4600 5
1260 3623 5
1260 9853 5
1261 7525 5
1261 9339 5
1261 4075 4
1261 7540 5
1261 4436 4
1261 2849 5
1261 3960 1
1261 2924 5
1261 461 1
1261 4327 5
1261 3959 5
1261 4661 2
1262 258 1
1262 650 5
1262 312 5
1262 362 5
1262 3455 4
1262 4865 5
1262 1278 4
1262 4487 4
1262 5985 5
1262 5007 5
1262 1395 4
1262 728 1
1262 7328 1
1262 4208 5
1263 4815 4
1263 4694 4
1263 306 5
1263 6560 5
1263 10005 3
1264 8570 5
1264 7274 2
1264 734 4
1264 8476 5
1264 309 5
1264 4552 5
1264 8863 5
1264 2933 5
1265 258 4
1265 9333 3
1265 7429 4
1265 124 4
1265 985 5
1265 4932 1
1265 8784 4
1265 7523 5
1265 650 4
1265 123 5
1265 6173 5
1265 610 5
1265 4285 4
1265 550 4
1265 3269 3
1265 8861 3
1265 934 4
1265 4528 5
1265 645 3
1265 881 4
1265 782 1
1265 6124 1
1265 992 4
1265 114 2
1265 3265 4
1265 69 5
1265 246 4
1265 5149 5
1265 792 1
1265 7992 5
1265 735 1
1265 91 4
1265 4515 4
1265 326 5
1265 1773 1
1265 7295 5
1265 1278 5
1265 5797 5
1265 6641 3
1265 5805 2
1265 137 4
1265 863 1
1265 4086 4
1265 277 4
1265 7686 4
1265 7352 4
1265 643 5
1265 952 5
1265 3110 3
1265 706 5
1265 3358 4
1265 225 5
1265 7770 5
1265 7801 5
1265 219 5
1265 4911 5
1265 1516 5
1265 6568 5
1265 229 3
1265 732 5
1265 1260 1
1265 6457 5
1265 5664 5
1265 1040 5
1265 5815 4
1265 5095 3
1265 8891 5
1265 9345 5
1265 2702 5
1265 7147 5
1265 243 5
1265 196 5
1265 824 5
1265 7049 5
1265 7599 5
1265 1408 5
1265 7469 5
1265 212 5
1265 1989 5
1265 766 5
1265 3565 5
1265 740 3
1265 3741 1
1265 1332 1
1265 4935 5
1265 313 1
1265 5150 1
1265 704 4
1265 712 4
1265 312 5
1265 241 5
1265 9294 5
1265 9119 5
1265 288 5
1265 4758 1
1265 832 5
1265 741 4
1265 2351 5
1265 3502 4
1265 772 5
1265 104 4
1265 3974 3
1265 1316 5
1265 9421 5
1265 2655 4
1265 3083 4
1265 323 5
1265 1662 5
1265 165 5
1265 3272 4
1265 757 4
1265 293 4
1265 292 4
1265 259 5
1265 9460 5
1265 5154 4
1265 1343 4
1265 4448 5
1265 3270 4
1265 4688 4
1265 762 4
1265 4048 1
1265 1414 1
1265 3711 1
1265 1459 4
1265 5536 4
1265 8785 4
1265 2703 5
1265 4964 5
1265 1767 4
1265 977 5
1265 1997 5
1265 5030 5
1265 4511 5
1265 2706 1
1265 5617 2
1265 5093 1
1265 8480 5
1265 327 5
1265 5639 5
1265 1325 3
1265 780 5
1265 6673 3
1265 9985 1
1265 1415 1
1265 836 1
1265 3908 3
1265 4681 3
1265 7952 5
1265 305 5
1265 10006 3
1265 1660 5
1265 9737 4
1265 10007 5
1265 1314 5
1265 2669 5
1265 4982 1
1265 7247 5
1265 1274 5
1265 7048 4
1265 4459 5
1265 133 3
1265 1275 1
1265 2939 5
1265 751 3
1265 9040 5
1265 3555 3
1265 1410 4
1265 2827 5
1265 7861 3
1265 4006 4
1265 1328 5
1265 8894 3
1265 1403 1
1265 2091 4
1266 1395 1
1266 236 5
1266 9878 4
1266 323 2
1266 1458 4
1266 2091 3
1267 1741 5
1267 9209 4
1267 9380 5
1267 10008 3
1267 1452 5
1267 760 4
1267 1902 4
1267 10009 2
1267 9364 5
1267 729 4
1267 3877 5
1267 5049 4
1268 312 5
1268 829 5
1268 3173 5
1268 278 5
1268 4714 5
1268 3920 5
1268 9809 5
1268 4782 5
1268 4887 3
1268 1403 1
1268 320 5
1268 4681 5
1268 1944 5
1268 309 5
1268 740 5
1268 5113 2
1268 1637 5
1268 322 2
1268 1682 5
1268 8433 5
1268 5879 5
1268 719 5
1268 5555 5
1268 1316 4
1268 3606 5
1268 7472 5
1268 1923 5
1268 8696 4
1268 762 5
1268 741 5
1268 2978 3
1268 104 5
1268 10010 4
1268 3445 5
1268 5791 5
1268 9818 3
1268 10011 5
1268 10012 5
1268 4088 5
1269 709 5
1269 4932 1
1269 4023 4
1269 2461 5
1270 5840 5
1270 5357 5
1270 276 5
1270 610 1
1270 718 1
1270 712 4
1270 1506 3
1270 313 4
1270 704 4
1270 706 4
1270 258 4
1270 1395 4
1270 309 1
1270 772 4
1270 759 4
1270 312 4
1270 288 4
1270 843 3
1270 9636 4
1270 1262 5
1270 3993 5
1270 3000 5
1270 1260 1
1270 3084 1
1270 837 5
1270 2678 1
1270 7464 5
1270 2274 5
1270 2908 5
1270 5555 5
1270 5553 5
1270 4542 3
1270 4214 5
1270 991 5
1270 3606 5
1270 8615 3
1271 312 5
1271 740 5
1271 574 5
1271 712 5
1271 843 5
1271 3580 5
1271 1275 1
1271 28 5
1271 4495 5
1271 4627 5
1271 9871 4
1271 1201 5
1272 3529 4
1272 1277 4
1272 217 4
1272 276 5
1272 10013 5
1272 6487 1
1272 2453 4
1272 4094 5
1272 5771 5
1272 309 5
1272 3822 5
1272 7767 4
1272 3959 5
1272 5000 4
1273 4447 2
1273 3762 5
1273 2305 4
1273 10014 5
1273 8169 4
1273 709 5
1273 309 4
1274 1889 3
1274 741 5
1274 4073 2
1274 9106 4
1274 10015 4
1274 2298 4
1274 738 1
1274 6906 4
1274 4568 3
1274 174 3
1274 1403 1
1274 1317 5
1274 1960 4
1274 3559 4
1274 8583 4
1274 1240 1
1274 9123 4
1274 1477 1
1274 159 4
1274 866 5
1274 453 5
1274 6048 5
1274 8235 1
1274 10016 5
1274 326 5
1274 3265 5
1274 9056 5
1274 1989 3
1274 7980 5
1274 312 1
1274 1328 5
1274 8272 3
1274 8745 4
1274 4623 5
1274 9529 5
1274 9395 5
1274 4690 4
1274 59 5
1274 1343 5
1274 3526 4
1274 7569 2
1274 5011 4
1274 7046 4
1274 9127 4
1274 9427 1
1274 787 5
1274 8992 5
1274 4165 2
1274 10017 5
1274 8592 3
1274 3743 4
1274 4983 4
1274 4551 5
1274 9639 3
1274 211 4
1274 719 5
1274 7253 2
1274 4236 3
1274 10018 1
1274 780 3
1274 5570 5
1274 5175 5
1274 122 4
1274 4385 4
1274 5036 3
1274 2315 4
1274 762 3
1274 4734 3
1274 5692 4
1274 4613 4
1274 6676 3
1274 3723 5
1274 9642 1
1274 4113 5
1274 979 4
1274 8286 5
1274 5891 5
1274 1418 3
1274 9682 1
1274 716 5
1274 196 3
1274 5733 4
1274 1765 5
1274 954 4
1274 1420 1
1274 934 4
1274 1275 1
1274 4395 5
1274 1421 2
1274 104 3
1274 1415 1
1274 5539 5
1274 1414 1
1274 1408 5
1274 4348 3
1274 4945 4
1274 712 3
1274 1263 5
1274 10019 4
1274 836 1
1274 1422 3
1274 8952 4
1274 3263 4
1274 9772 4
1274 8160 3
1274 4135 5
1274 704 3
1274 9799 5
1274 5659 3
1274 7430 2
1274 3837 3
1274 829 3
1274 4429 4
1274 728 5
1274 1444 5
1274 10020 1
1274 459 5
1274 772 3
1274 1395 3
1274 832 3
1274 706 3
1274 8489 4
1274 288 3
1274 4962 5
1274 323 3
1274 867 5
1274 4325 2
1274 258 3
1274 9184 4
1274 313 3
1274 5811 5
1274 6939 4
1274 5983 3
1274 6215 5
1274 4862 4
1274 3252 4
1274 1501 1
1274 4829 3
1274 8993 4
1274 2718 4
1274 9336 3
1274 2701 5
1274 3136 5
1274 1413 3
1274 846 3
1274 10021 2
1274 3972 1
1274 4154 3
1274 9447 4
1274 943 4
1274 9150 5
1274 3151 3
1274 9173 4
1274 5638 4
1274 6332 3
1274 1486 5
1274 10022 1
1274 4631 4
1274 909 1
1274 4631 5
1274 1052 5
1274 4394 2
1274 3146 5
1274 640 1
1274 1501 3
1274 212 4
1274 3861 4
1274 10023 4
1274 3846 5
1274 1439 5
1274 6700 5
1274 7966 5
1274 10024 4
1274 10025 5
1274 3220 3
1274 5220 4
1274 3797 4
1274 4634 3
1274 4349 5
1274 952 5
1274 7546 3
1274 6086 3
1274 2009 5
1274 10026 3
1274 873 4
1274 1042 4
1274 4676 4
1274 1512 4
1274 10027 3
1274 1516 3
1274 8492 5
1274 5239 4
1274 10028 3
1274 1876 5
1274 8359 4
1274 988 4
1274 10029 4
1274 3615 4
1274 638 5
1274 10030 4
1274 947 3
1274 919 3
1274 5166 2
1274 3204 3
1274 10031 3
1274 10032 4
1274 4876 2
1274 1075 2
1274 967 4
1274 4920 5
1274 992 3
1274 9623 5
1274 961 5
1274 3156 4
1274 994 5
1274 3869 2
1274 4216 2
1274 2648 5
1274 10033 3
1274 3935 4
1274 5358 4
1274 10034 5
1274 8500 4
1274 1032 3
1274 10035 4
1274 8681 3
1274 1496 5
1274 619 1
1274 8249 4
1274 6688 5
1274 10036 5
1274 3389 5
1274 1061 2
1274 8505 5
1274 5313 5
1274 1013 3
1274 5313 5
1274 6696 4
1274 4019 2
1274 1060 3
1274 885 4
1275 10037 5
1275 8982 5
1275 1515 2
1275 773 5
1275 10038 2
1275 514 4
1275 1509 4
1275 3782 5
1275 4545 5
1275 924 5
1275 3782 5
1275 9743 5
1275 5606 5
1275 2648 5
1275 622 1
1275 2689 4
1276 196 5
1276 217 3
1276 710 4
1276 312 5
1276 258 4
1276 1277 5
1276 5662 5
1276 7824 5
1276 766 2
1276 309 3
1276 48 5
1276 719 5
1276 715 4
1276 946 4
1276 1037 5
1276 1102 5
1276 8314 5
1276 10039 5
1276 9951 5
1276 4851 5
1277 1403 1
1277 732 5
1277 832 3
1277 1260 2
1277 10040 1
1277 710 5
1277 1670 5
1277 712 5
1277 10041 5
1277 1029 5
1277 1274 5
1277 196 4
1277 3335 5
1277 735 4
1277 574 1
1277 309 5
1277 1263 4
1277 6332 5
1277 8356 5
1277 5030 5
1277 7046 4
1277 4056 5
1277 1030 5
1278 1301 5
1278 5999 1
1278 4041 4
1278 5590 5
1278 59 5
1278 4901 5
1278 3990 3
1278 6383 5
1278 5573 5
1278 3935 5
1278 8870 5
1278 900 5
1278 9084 4
1278 3089 5
1278 3194 5
1278 934 3
1278 7463 5
1278 7502 2
1278 9597 5
1278 8978 5
1278 4394 4
1278 978 3
1278 10042 5
1279 1940 5
1279 5219 5
1279 5648 5
1279 6192 5
1279 2651 5
1279 1665 5
1279 1673 5
1279 1278 5
1279 5451 5
1279 4933 5
1279 1998 5
1279 738 5
1279 6139 4
1279 1743 3
1279 322 4
1279 4036 5
1279 704 5
1279 671 4
1279 8653 5
1279 8937 5
1279 1275 4
1279 104 5
1279 684 4
1279 326 5
1279 792 5
1279 1395 5
1279 3469 5
1279 739 5
1279 217 5
1279 10043 5
1279 4402 5
1279 706 4
1279 8901 5
1279 1939 5
1279 732 5
1279 1331 5
1279 1682 5
1279 196 5
1279 313 3
1279 832 4
1279 712 4
1279 288 4
1279 4244 5
1279 323 5
1279 753 5
1279 829 4
1279 258 4
1279 762 5
1279 312 5
1279 211 5
1279 276 4
1279 772 2
1279 759 5
1279 3533 4
1279 4921 5
1279 740 5
1279 309 5
1279 5248 5
1279 5250 2
1279 5040 5
1279 7749 5
1279 4702 4
1279 8254 4
1279 5002 4
1279 9464 5
1279 4982 5
1279 4980 4
1280 323 5
1280 4640 5
1280 740 5
1280 309 5
1280 3978 4
1280 1332 4
1281 6138 5
1281 8382 3
1281 1673 5
1281 312 5
1281 258 3
1281 761 5
1281 741 3
1281 2149 5
1281 7549 5
1281 4981 4
1281 70 4
1281 7596 5
1281 829 3
1281 710 5
1281 6047 5
1281 313 5
1281 927 4
1281 276 5
1281 9344 4
1281 4935 4
1281 837 5
1281 7449 4
1281 712 5
1281 7567 5
1281 735 5
1281 2499 5
1281 3852 5
1281 7496 5
1281 4659 5
1282 762 3
1282 824 4
1282 759 3
1282 4865 5
1282 1774 4
1282 699 3
1282 2975 5
1282 837 5
1282 323 2
1282 104 1
1282 712 4
1282 710 1
1282 728 2
1282 276 2
1282 10044 5
1282 9472 5
1282 309 1
1282 1395 3
1282 10045 2
1282 4995 2
1282 258 3
1282 2082 3
1282 1735 5
1282 721 4
1282 1346 3
1282 9610 5
1282 2723 5
1282 4782 5
1282 3230 5
1282 1779 4
1282 3025 5
1283 2091 5
1283 3633 5
1283 1832 5
1283 4380 4
1283 6488 5
1284 309 5
1284 8802 5
1284 8186 5
1285 323 2
1285 3450 3
1285 6397 5
1285 28 3
1285 762 5
1285 699 5
1285 2939 5
1285 4412 5
1285 2655 1
1285 196 4
1285 4772 5
1285 3687 4
1285 1086 5
1285 728 3
1285 4426 5
1285 3270 5
1285 6202 5
1285 1432 3
1285 4518 1
1285 1332 3
1285 4 4
1285 5644 1
1285 1352 5
1285 309 5
1285 807 5
1285 10046 5
1285 4155 5
1286 6851 4
1286 3000 5
1286 1395 5
1286 8216 5
1286 4412 4
1286 4618 4
1286 4781 5
1286 2147 5
1286 7880 5
1286 5879 5
1286 4380 4
1286 5979 5
1286 2747 5
1286 1352 5
1286 837 5
1286 723 5
1286 762 3
1286 323 4
1286 306 4
1286 1773 3
1286 1988 5
1286 1775 3
1286 728 3
1286 3556 5
1286 712 3
1286 276 5
1286 1278 5
1286 313 3
1286 312 5
1286 4251 5
1286 288 3
1286 309 3
1286 7992 4
1286 7502 5
1286 3276 5
1286 3383 5
1286 5288 5
1286 4782 5
1287 8148 3
1287 10015 5
1287 2634 4
1287 9756 3
1287 3995 2
1287 1903 5
1287 323 5
1287 258 4
1287 9575 4
1287 734 5
1287 309 3
1287 6087 3
1287 1414 1
1287 1352 5
1287 1335 1
1287 4551 4
1287 731 4
1287 9502 5
1287 1275 1
1287 1311 3
1287 4901 4
1287 8446 5
1287 6249 4
1287 10047 5
1287 276 1
1287 9664 4
1287 751 5
1288 1156 3
1288 661 1
1288 8918 4
1288 288 3
1288 2684 4
1288 5706 5
1288 8943 4
1288 10048 4
1288 9859 5
1288 10049 4
1288 3481 4
1288 312 5
1288 1278 5
1288 2945 4
1288 10050 4
1288 10051 4
1288 1506 4
1288 10052 4
1288 2686 5
1288 3125 5
1288 196 1
1288 10053 4
1288 6108 5
1288 10054 4
1288 10055 4
1288 10056 4
1288 10057 5
1288 1982 5
1288 309 5
1288 10058 5
1288 2754 4
1288 10059 4
1288 4341 5
1288 4762 4
1288 10060 4
1288 4645 4
1288 1332 3
1288 5418 3
1288 2745 5
1288 991 5
1288 3144 5
1289 2971 4
1289 704 5
1289 4077 5
1289 4217 4
1289 3402 4
1289 312 4
1289 4380 4
1289 2461 5
1289 4258 4
1289 5008 5
1289 721 4
1289 4080 5
1289 4980 5
1289 3242 4
1289 5598 4
1289 3954 5
1289 2194 3
1289 2655 1
1289 323 4
1289 9706 5
1289 2936 4
1289 3123 4
1289 4820 4
1289 9415 4
1289 3913 4
1289 309 4
1289 1275 1
1289 10061 1
1289 1481 4
1289 713 1
1289 826 4
1289 5085 2
1289 4259 4
1289 3761 5
1290 665 1
1290 4225 5
1290 853 5
1290 5249 5
1290 4514 4
1290 3323 5
1290 477 5
1290 1395 3
1290 3666 2
1290 7750 4
1290 2655 1
1290 9444 4
1290 323 3
1290 194 4
1290 258 1
1290 943 4
1290 762 1
1290 10062 4
1290 1990 5
1290 9599 5
1290 712 5
1290 746 5
1290 728 5
1290 1515 4
1290 5060 5
1290 10063 5
1290 312 3
1290 95 5
1290 196 5
1290 2977 5
1291 814 4
1291 8581 5
1291 1137 5
1291 992 5
1291 10064 5
1291 10065 5
1291 1030 5
1291 174 4
1291 7831 3
1291 8107 5
1291 1939 5
1291 900 5
1291 305 3
1291 282 5
1291 917 4
1291 895 5
1291 3257 5
1291 10066 4
1291 4425 4
1291 2848 3
1291 1994 5
1291 689 5
1291 217 3
1291 650 5
1291 8460 5
1291 1278 5
1291 4755 3
1291 320 4
1291 2143 5
1291 196 3
1291 1927 5
1291 1882 5
1291 1326 5
1291 59 5
1291 48 4
1291 214 5
1291 10067 5
1291 712 5
1291 4225 4
1291 5256 3
1291 759 5
1291 7590 5
1291 239 5
1291 812 5
1291 9509 4
1291 5004 3
1291 3989 5
1291 716 5
1291 246 5
1291 1729 3
1291 9316 4
1291 1675 5
1291 7444 5
1291 56 5
1291 881 5
1291 7250 5
1291 3838 5
1291 1354 5
1291 1047 4
1291 2996 5
1291 288 4
1291 323 1
1291 258 5
1291 8808 5
1291 10068 5
1291 934 5
1291 6904 1
1291 1973 5
1291 4940 5
1291 1366 3
1291 839 5
1291 309 4
1291 9352 5
1291 4782 5
1291 9546 5
1292 953 5
1292 2119 4
1292 2132 5
1292 3720 5
1292 7601 5
1292 9287 5
1292 3018 4
1292 155 5
1292 4134 3
1292 125 5
1292 4440 2
1292 10069 5
1292 4934 5
1292 7524 3
1292 865 4
1292 309 3
1292 2736 4
1292 313 5
1292 1768 4
1292 196 3
1292 3476 5
1292 89 5
1292 1638 5
1292 6954 4
1292 320 5
1292 1743 5
1292 222 5
1292 306 4
1292 3658 5
1292 8255 5
1292 6381 3
1292 4091 5
1292 8515 5
1292 3686 3
1292 3606 5
1292 4131 4
1292 7585 5
1292 4935 4
1293 4463 4
1293 8879 3
1293 10070 3
1293 6666 4
1293 8462 5
1293 1316 5
1293 700 4
1293 10071 4
1293 10072 3
1293 1241 5
1293 8463 5
1293 2492 5
1293 821 3
1293 4265 2
1293 4120 1
1293 3757 5
1293 3173 5
1293 745 5
1293 4019 3
1293 9651 4
1293 846 5
1294 309 4
1294 8913 4
1294 4667 4
1295 258 5
1295 1515 2
1295 3193 5
1295 851 5
1295 4825 5
1295 7690 4
1295 9878 4
1295 6005 4
1295 3340 5
1295 9971 5
1295 10073 5
1295 7906 5
1295 95 5
1295 1070 5
1295 1515 1
1295 4726 4
1295 3999 5
1295 1403 1
1295 4782 5
1296 6755 4
1296 9721 3
1296 1304 1
1296 712 3
1296 9681 2
1296 7406 5
1296 278 1
1296 10074 5
1296 772 1
1296 1330 1
1296 734 5
1296 312 1
1296 8096 4
1296 732 1
1296 9766 4
1296 934 5
1296 323 1
1296 829 5
1296 713 1
1296 1419 5
1296 762 1
1296 104 1
1296 5251 3
1296 1368 5
1296 740 5
1296 1387 5
1296 1366 5
1296 1338 5
1296 1240 5
1296 309 1
1296 5001 4
1296 3477 5
1297 2655 1
1297 4984 5
1297 278 5
1297 1629 4
1297 9341 4
1297 8930 4
1297 710 5
1297 5026 5
1297 305 4
1297 1778 5
1297 309 4
1297 10075 4
1297 9899 5
1298 313 2
1298 775 1
1298 309 3
1299 2095 5
1299 4383 5
1299 4953 5
1299 5018 4
1299 1394 4
1299 3817 5
1299 1028 5
1299 2715 5
1299 10076 4
1300 2655 1
1300 1845 5
1300 650 5
1300 1278 5
1300 843 1
1300 276 4
1300 288 1
1300 217 5
1300 1314 3
1300 312 5
1300 772 5
1300 278 3
1300 4346 4
1300 2996 5
1300 7907 4
1300 8717 3
1300 196 5
1300 305 4
1300 4681 4
1300 258 4
1300 211 4
1300 4496 5
1301 5997 3
1301 5545 4
1301 8239 5
1301 9145 5
1301 6036 5
1301 8663 3
1301 4919 3
1301 4737 4
1301 2318 5
1301 4394 4
1302 4277 1
1302 1966 5
1302 1971 5
1302 167 5
1302 1979 5
1302 855 4
1302 775 5
1302 1986 3
1302 650 5
1302 104 5
1302 312 5
1302 6100 5
1302 1278 5
1302 712 5
1302 1991 5
1302 7473 2
1302 9722 2
1302 7296 5
1302 278 5
1302 7560 2
1302 8291 5
1302 734 5
1302 10077 5
1302 762 5
1302 1275 1
1302 258 5
1302 2939 3
1302 6381 2
1302 207 2
1302 5827 5
1302 735 3
1302 9567 1
1302 309 5
1303 3321 4
1303 1935 5
1303 1552 3
1303 4449 3
1303 7192 4
1303 1516 5
1303 7860 5
1303 3723 5
1303 9182 4
1303 2680 4
1303 10078 5
1303 3454 4
1303 1410 4
1303 9044 3
1303 5956 5
1303 149 5
1303 6109 1
1303 8057 5
1303 6476 5
1303 7804 5
1303 8116 3
1303 4394 3
1303 3027 4
1303 3220 5
1303 6072 4
1303 6965 5
1303 3687 4
1303 7547 5
1303 10079 1
1303 1981 5
1303 4303 2
1303 7541 4
1303 814 3
1303 7745 5
1303 10080 4
1303 5170 1
1303 217 1
1303 10081 5
1303 9411 3
1303 977 4
1303 8914 3
1303 4549 2
1303 5409 5
1303 201 3
1303 655 2
1303 165 2
1303 242 4
1303 3028 5
1303 5220 3
1303 8977 5
1303 4951 5
1303 3193 5
1303 10082 5
1303 2461 5
1303 3610 5
1303 5082 4
1303 9194 4
1303 278 5
1303 1734 1
1303 1756 4
1303 4930 3
1303 787 1
1303 3392 5
1303 3843 5
1303 5254 1
1303 10083 5
1303 7981 5
1303 9907 3
1303 5036 1
1303 10005 2
1303 7073 5
1303 2499 4
1303 6434 5
1303 7253 4
1303 1709 5
1303 7561 5
1303 1687 5
1303 122 5
1303 1370 5
1303 1638 5
1303 2678 1
1303 89 5
1303 769 4
1303 320 5
1303 2677 3
1303 7551 3
1303 1049 5
1303 3279 4
1303 728 5
1303 2715 4
1303 9318 5
1303 10084 5
1303 3666 4
1303 1052 4
1303 1669 5
1303 7165 4
1303 216 5
1303 1455 3
1303 1076 3
1303 5182 4
1303 8637 5
1303 925 5
1303 10085 5
1303 8198 5
1303 10086 5
1303 3912 1
1303 4974 4
1303 5845 2
1303 3435 5
1303 5825 4
1303 4588 2
1303 4903 2
1303 5617 4
1303 7126 5
1303 657 4
1303 10087 2
1303 934 3
1303 4977 5
1303 3439 5
1303 5776 1
1303 868 2
1303 8566 4
1303 4062 3
1303 3316 5
1303 9320 4
1304 1403 1
1304 686 2
1304 1016 4
1304 5939 5
1304 830 5
1304 1014 5
1304 6763 5
1304 553 4
1304 3686 4
1304 1035 5
1304 4251 5
1304 9271 5
1304 706 3
1304 3091 5
1304 9171 5
1304 10088 5
1304 3387 1
1304 3579 5
1304 309 4
1304 985 5
1304 9926 5
1304 5759 5
1304 10089 5
1305 309 5
1305 699 5
1305 4989 4
1305 312 5
1305 313 5
1305 3263 5
1305 1503 3
1305 5626 4
1305 5159 5
1305 1408 5
1305 9460 5
1305 448 4
1305 4496 5
1305 9425 4
1305 3586 4
1305 3000 5
1305 1674 5
1305 7450 5
1305 3305 4
1306 2614 5
1306 2622 4
1306 4311 4
1306 766 3
1306 735 1
1306 4381 3
1306 28 3
1306 4383 5
1306 312 3
1306 4165 2
1306 1391 5
1306 2936 4
1306 211 5
1306 722 5
1307 3659 4
1307 1650 4
1307 8170 5
1307 8814 3
1307 9896 5
1307 8119 4
1307 10090 4
1307 544 5
1307 8706 4
1307 5581 5
1307 8597 5
1307 6897 5
1307 2297 5
1307 3993 5
1307 3378 5
1307 4336 5
1307 3514 5
1307 751 4
1307 3188 4
1307 5517 5
1307 7055 5
1307 9283 5
1307 7545 5
1307 941 5
1307 6297 4
1307 2837 5
1307 539 3
1307 456 4
1307 6895 5
1307 1278 5
1307 2910 3
1307 9729 5
1307 1331 5
1307 739 5
1307 3359 3
1307 4552 5
1307 9727 5
1307 258 1
1307 365 5
1307 1604 4
1307 4340 5
1307 4821 5
1307 2835 5
1307 706 3
1307 4737 4
1307 2844 3
1307 309 3
1307 1467 5
1307 4887 4
1307 7555 5
1307 893 4
1307 3469 5
1307 9942 5
1308 1575 4
1308 8554 4
1308 350 5
1308 6115 4
1308 5986 4
1308 5729 5
1308 6023 4
1308 3693 4
1308 1828 4
1308 639 5
1308 5988 4
1308 2418 2
1308 1916 4
1308 7631 5
1308 6162 4
1308 3071 3
1308 486 4
1308 354 5
1308 1852 4
1308 759 5
1308 1962 5
1308 3144 5
1308 1972 3
1308 9121 4
1308 174 3
1308 8951 4
1308 3146 5
1308 305 4
1308 727 3
1308 686 3
1308 3263 4
1308 829 3
1308 1278 4
1308 909 1
1308 2833 5
1308 258 5
1308 3743 4
1308 9443 3
1308 3098 5
1308 104 5
1308 741 3
1308 928 5
1308 832 5
1308 901 4
1308 4737 5
1308 900 4
1308 322 5
1308 4301 5
1308 762 5
1308 4194 5
1308 3602 3
1308 843 5
1308 728 3
1308 10091 3
1308 6904 1
1308 323 5
1308 2139 3
1308 4985 2
1308 9433 3
1308 1733 2
1308 6068 3
1308 148 2
1308 5046 4
1308 10092 2
1308 978 3
1308 1998 1
1308 7721 3
1308 2759 3
1308 4192 4
1308 8660 3
1308 4493 5
1308 5248 3
1308 3595 4
1308 8861 3
1308 842 5
1308 312 5
1308 196 1
1308 5301 1
1308 6923 5
1308 10093 1
1308 979 4
1308 7630 5
1308 992 3
1308 7450 4
1308 211 5
1308 867 4
1308 127 1
1308 866 1
1308 9772 5
1308 9411 4
1308 985 5
1308 7248 5
1308 5480 5
1308 4274 3
1308 3230 5
1308 3577 5
1308 10094 1
1308 3949 1
1308 10095 3
1308 4049 2
1308 899 4
1308 10096 4
1308 8610 3
1308 974 3
1308 902 5
1308 8563 4
1308 857 4
1308 3777 4
1308 10097 1
1308 917 1
1308 862 5
1308 1691 5
1308 3076 2
1308 913 5
1308 3778 1
1308 3798 5
1308 10098 2
1308 1469 5
1308 5631 1
1308 9683 5
1308 10099 3
1308 3949 3
1308 4856 5
1308 7751 5
1308 934 5
1308 814 5
1308 1348 5
1308 4396 1
1308 8751 2
1308 10100 5
1308 3782 4
1308 1489 4
1308 994 4
1308 10101 1
1308 978 4
1308 2850 5
1308 10085 5
1308 3590 5
1308 4395 4
1308 7073 4
1308 10102 4
1308 4400 4
1308 3927 1
1308 1052 5
1308 3908 2
1308 3687 5
1308 5378 2
1308 10103 5
1309 7757 5
1309 772 5
1309 905 5
1309 8435 5
1309 3735 5
1309 104 5
1309 712 5
1309 309 5
1309 710 5
1309 7690 5
1309 305 3
1309 5250 5
1309 309 5
1309 3464 2
1309 309 5
1309 6913 5
1309 313 5
1309 6073 5
1309 4771 5
1309 2677 5
1309 5069 5
1309 5569 2
1309 9410 5
1309 9472 5
1309 7692 5
1309 5019 5
1309 858 5
1309 732 5
1309 2758 4
1309 4829 5
1309 1685 5
1309 5029 4
1309 787 4
1309 211 5
1309 4076 5
1309 1551 4
1309 1408 5
1309 4086 5
1309 10104 5
1309 6053 5
1309 10105 5
1309 785 4
1309 3953 5
1309 8129 5
1309 1709 3
1309 4144 5
1309 234 5
1309 5087 5
1310 10106 5
1310 5418 1
1310 751 3
1310 309 3
1310 10107 5
1310 5129 5
1310 5069 5
1311 1403 4
1311 5797 5
1311 278 5
1311 211 5
1311 8979 4
1311 104 5
1311 712 5
1312 5332 5
1312 9356 5
1312 3600 5
1312 5925 5
1312 10009 3
1312 5328 5
1312 4673 5
1312 2723 5
1312 5454 4
1312 4839 4
1312 452 3
1312 2996 5
1312 738 5
1312 211 5
1312 309 3
1312 10108 5
1312 3497 5
1313 3991 5
1313 3195 5
1313 258 4
1313 95 5
1313 5181 5
1314 9257 3
1314 1775 3
1314 728 5
1314 3505 5
1314 4120 5
1314 323 3
1314 5606 4
1314 762 5
1314 759 5
1314 288 5
1314 772 5
1314 276 5
1314 258 5
1314 5038 5
1314 706 5
1314 9137 5
1314 792 5
1314 10109 3
1314 196 5
1314 4582 4
1315 3993 5
1315 10110 4
1315 5608 5
1315 258 5
1315 323 1
1315 309 1
1315 4280 4
1315 276 1
1315 5209 5
1315 704 1
1315 4845 4
1315 706 5
1315 8088 5
1315 762 5
1315 9728 5
1315 1467 4
1315 5257 5
1315 10111 5
1315 4968 5
1316 3000 5
1316 10112 5
1316 2158 5
1316 313 5
1316 1629 5
1316 2939 5
1316 309 4
1316 3204 5
1316 8573 5
1316 5611 5
1317 886 5
1317 829 5
1317 312 5
1317 309 5
1317 1000 5
1317 258 5
1317 196 5
1317 2936 3
1317 4709 3
1317 5002 4
1317 826 5
1317 9733 4
1317 4420 4
1317 7194 5
1317 4361 5
1317 3209 5
1317 857 5
1318 112 5
1318 9336 3
1318 2330 5
1318 1988 5
1318 694 5
1318 4906 3
1318 678 2
1318 2193 4
1318 2245 5
1318 7817 5
1318 9283 5
1318 1452 5
1318 837 5
1318 4552 5
1318 714 5
1318 2910 3
1318 3289 4
1318 1792 3
1318 560 5
1318 9282 5
1318 2980 5
1318 5138 5
1318 2492 5
1318 8898 5
1318 5608 5
1318 9050 5
1318 3110 4
1318 7884 3
1318 8808 5
1318 2916 4
1318 9551 4
1318 719 5
1318 7940 5
1318 5248 4
1318 1990 5
1318 2393 5
1318 10113 5
1318 1363 3
1318 101 4
1318 710 5
1318 951 4
1318 8845 3
1318 258 5
1318 9290 3
1318 9881 5
1318 1510 4
1318 10114 4
1318 8492 5
1318 4627 5
1318 84 3
1318 9651 5
1318 377 5
1318 10115 5
1318 8369 3
1318 839 4
1318 1458 2
1318 706 5
1318 688 5
1318 222 4
1318 5036 1
1318 4880 4
1318 5543 4
1318 7253 5
1318 276 3
1318 9556 3
1318 201 3
1318 734 5
1318 712 2
1318 739 1
1318 900 3
1318 3586 4
1318 6950 3
1318 320 5
1318 4549 3
1318 1735 4
1318 3389 5
1318 4 5
1318 10116 5
1318 9214 4
1318 232 4
1318 6381 3
1318 4513 4
1318 2755 4
1318 857 4
1318 3623 3
1318 5199 4
1318 5249 1
1318 5811 4
1318 5603 5
1318 155 4
1318 198 4
1318 306 5
1318 10117 4
1318 92 3
1318 741 5
1318 728 4
1318 772 5
1318 4918 2
1318 704 3
1318 5570 5
1318 2051 2
1318 870 5
1318 719 5
1318 2257 4
1318 305 4
1318 9759 5
1318 5011 1
1318 3841 3
1318 6401 4
1318 740 3
1318 934 4
1318 309 2
1318 28 3
1318 309 3
1318 986 4
1318 9714 5
1318 738 1
1318 745 4
1318 732 1
1318 5172 5
1318 313 4
1318 288 5
1318 1395 1
1318 757 4
1318 323 5
1318 5820 5
1318 1391 5
1318 824 5
1318 312 5
1318 753 5
1318 766 5
1318 843 5
1318 954 4
1318 1332 3
1318 1352 5
1318 901 1
1318 1386 1
1318 9159 5
1318 3796 4
1318 1028 5
1318 8299 4
1318 9465 4
1318 3852 4
1318 10118 1
1318 5567 5
1318 9179 4
1318 474 2
1318 9876 4
1318 3216 5
1318 5446 1
1319 765 5
1319 734 5
1319 712 5
1319 10119 5
1319 1607 3
1319 1412 1
1319 288 5
1319 4988 5
1319 9127 4
1319 873 5
1319 1740 4
1319 1277 5
1319 2744 5
1319 276 1
1319 312 1
1319 991 5
1319 7773 5
1319 1706 5
1319 8577 5
1319 4785 5
1319 222 5
1319 8745 5
1319 246 5
1319 9900 2
1319 1411 4
1319 3913 4
1319 3595 1
1319 9620 5
1319 3585 4
1319 9330 5
1319 10120 5
1319 10083 5
1319 888 2
1319 10121 4
1319 3562 5
1319 5092 4
1319 8565 5
1319 3590 3
1319 977 3
1319 4521 5
1319 643 4
1319 1458 3
1319 4005 4
1319 10122 4
1319 3917 5
1319 3852 4
1319 3266 4
1319 7711 5
1319 286 5
1319 7933 1
1319 1884 1
1319 10123 4
1319 1426 5
1319 5096 5
1319 914 4
1319 315 5
1319 1450 3
1319 1004 2
1319 6068 5
1319 2838 4
1319 10124 2
1319 4436 4
1319 3763 5
1319 8362 5
1319 5478 5
1319 7559 4
1319 10125 5
1319 9778 5
1319 9138 5
1319 925 4
1319 4673 3
1319 6577 4
1319 920 4
1319 5159 4
1319 10126 5
1319 1457 3
1319 9763 3
1319 4386 4
1319 3798 3
1319 3623 4
1319 550 5
1319 1072 3
1319 5733 4
1319 10127 3
1319 3567 5
1319 10128 4
1319 10031 5
1319 3985 4
1319 9032 5
1319 7401 5
1319 3929 4
1319 9111 5
1319 8767 4
1319 4639 4
1319 2701 5
1319 6019 4
1319 978 4
1319 5466 5
1319 327 5
1319 3950 5
1319 1042 5
1319 814 5
1319 1052 5
1319 9665 4
1319 910 5
1319 9187 4
1319 9442 4
1319 992 5
1319 1051 5
1319 2095 5
1319 4135 4
1319 4354 4
1319 10129 4
1319 5184 4
1319 1097 4
1319 954 5
1319 105 5
1319 2376 5
1319 5468 5
1319 306 4
1319 5314 4
1319 1365 5
1320 1634 2
1320 673 4
1320 322 4
1320 3329 5
1320 7850 3
1320 5910 2
1320 2911 3
1320 2059 4
1320 5339 5
1320 488 4
1320 2936 5
1320 720 4
1320 686 4
1320 515 4
1320 7430 4
1320 10130 3
1320 2018 4
1320 1408 5
1320 174 3
1320 4159 4
1320 3427 5
1320 1939 5
1320 746 5
1320 8786 5
1320 5805 3
1320 3495 5
1320 10131 5
1320 712 5
1320 975 3
1320 4496 5
1320 9420 4
1320 276 3
1320 1477 3
1320 1733 4
1320 309 5
1320 9360 1
1320 2996 5
1320 10132 5
1321 738 4
1321 6868 4
1321 9721 5
1321 7516 5
1321 1988 5
1321 9757 5
1321 610 1
1321 10133 5
1321 196 5
1321 10134 5
1321 7923 5
1321 217 3
1321 1643 3
1321 1278 3
1321 276 5
1321 7317 3
1321 2968 1
1321 1314 5
1321 1395 1
1321 772 5
1321 739 5
1321 258 4
1321 278 1
1321 759 5
1321 2875 2
1321 4333 5
1321 734 5
1321 1993 1
1321 7655 4
1321 2906 4
1321 313 5
1321 757 5
1321 10135 5
1321 5418 1
1321 829 3
1321 4124 5
1321 9642 2
1321 309 2
1321 309 1
1321 3326 5
1321 4971 5
1321 1864 1
1321 10136 4
1321 10137 5
1321 762 3
1321 745 3
1321 1263 5
1321 288 1
1321 10138 5
1321 104 5
1321 952 5
1321 312 5
1321 308 4
1321 780 3
1321 4330 5
1321 4791 2
1321 1338 2
1321 997 4
1321 7435 5
1321 3081 5
1321 5154 5
1321 4098 5
1321 1350 5
1321 5644 1
1321 1274 5
1321 5887 5
1321 1385 5
1321 323 5
1321 237 3
1321 5030 2
1321 4496 1
1321 7895 5
1321 1067 5
1321 251 5
1321 2244 4
1321 1998 1
1321 8136 5
1321 832 2
1321 8700 4
1322 6277 4
1322 9017 1
1322 3905 4
1322 9536 2
1322 6275 4
1322 1444 3
1322 8357 3
1322 4706 5
1322 5331 3
1322 9334 2
1322 4686 4
1322 3539 2
1322 4156 5
1322 10139 5
1322 8272 5
1322 5035 4
1322 6375 5
1322 4005 4
1322 2936 4
1322 2938 4
1322 1723 5
1322 4507 4
1322 5226 2
1322 9148 5
1322 9001 3
1322 10140 1
1322 3231 1
1322 5001 5
1322 8273 5
1322 5057 4
1322 9354 4
1323 1004 3
1323 1395 3
1323 710 5
1323 6206 4
1323 217 3
1323 312 5
1323 105 4
1323 258 3
1323 288 3
1323 10141 4
1323 104 5
1323 5419 5
1323 271 4
1323 2095 4
1323 278 3
1323 210 3
1323 706 5
1323 1355 4
1323 7555 4
1323 3267 4
1323 9721 3
1323 239 4
1323 3490 4
1323 5018 4
1323 4088 5
1323 3849 1
1323 327 5
1323 723 5
1323 762 1
1323 1277 5
1323 9031 4
1323 1048 5
1323 7561 4
1323 1263 5
1323 9332 5
1323 1343 5
1323 9414 5
1323 734 5
1323 740 3
1323 201 4
1323 712 3
1323 759 1
1323 9002 1
1323 2651 5
1323 305 3
1323 574 1
1323 4887 4
1323 9435 5
1323 4863 5
1323 155 3
1323 832 5
1323 211 3
1323 1427 4
1323 1274 5
1323 2453 5
1323 1273 3
1323 9185 4
1323 9184 5
1323 9567 3
1323 829 5
1323 320 5
1323 772 1
1323 1780 4
1323 3024 4
1323 323 3
1323 196 5
1323 309 3
1323 309 3
1323 2715 5
1323 738 5
1323 10142 5
1323 6048 5
1323 843 3
1323 6035 4
1323 792 5
1323 84 4
1323 8757 5
1323 728 5
1323 2655 3
1323 3735 5
1323 5262 5
1323 4012 4
1323 5056 4
1323 3329 4
1323 313 3
1323 3476 5
1323 4103 3
1323 10143 5
1323 4558 5
1323 2498 4
1323 766 5
1323 3621 4
1324 1515 1
1324 10144 2
1324 891 4
1324 3713 5
1324 1467 4
1324 2996 4
1324 4265 5
1324 740 4
1324 8316 5
1324 7952 5
1324 6088 5
1324 323 3
1324 305 4
1324 6792 4
1324 10145 4
1324 1049 5
1324 4373 1
1324 5616 5
1324 313 4
1324 309 4
1324 7767 4
1324 7430 4
1324 755 1
1325 365 1
1325 4887 4
1325 5543 4
1325 759 5
1325 4105 5
1325 309 5
1325 4216 2
1325 5073 5
1325 4886 2
1325 713 1
1325 9714 4
1325 843 5
1325 3354 5
1325 2699 4
1325 5856 3
1325 9384 1
1325 1275 1
1325 4550 2
1325 9300 5
1325 9672 5
1325 5577 3
1325 5287 3
1325 2414 4
1325 9168 5
1325 9135 4
1325 126 5
1325 830 5
1326 10146 2
1326 4098 1
1326 1272 1
1326 7864 5
1326 4078 1
1326 1993 1
1326 780 3
1326 1214 4
1326 9373 2
1326 10147 3
1326 10139 5
1326 837 3
1326 323 3
1326 1682 1
1326 2629 1
1326 9870 1
1326 10045 1
1326 3284 2
1326 7520 4
1326 1355 1
1326 759 3
1326 1274 3
1326 104 3
1326 4287 1
1326 384 5
1326 610 1
1326 3506 1
1326 7872 2
1326 8983 5
1326 312 1
1326 730 5
1326 3270 1
1326 753 1
1326 1602 5
1326 1391 1
1326 1699 4
1326 5249 1
1326 4556 4
1326 288 1
1326 7817 3
1326 740 2
1326 722 5
1326 723 5
1326 1382 2
1326 9914 5
1326 305 1
1326 8315 2
1326 309 3
1326 4105 4
1326 2655 1
1326 10148 3
1326 309 3
1326 751 1
1326 445 4
1326 1260 1
1326 1275 1
1326 4597 5
1326 3621 3
1326 3607 1
1326 7863 5
1326 6968 5
1326 427 4
1326 2181 5
1326 1201 5
1326 690 5
1326 1266 3
1326 9334 1
1326 620 3
1326 826 4
1326 1377 2
1326 10149 3
1326 10150 3
1326 4164 5
1326 3757 1
1326 3680 5
1326 4776 4
1326 2615 3
1326 2613 4
1326 378 3
1326 3422 3
1326 8869 2
1326 1297 4
1326 1462 4
1326 1088 5
1326 1471 4
1326 3423 1
1326 7869 2
1326 8834 5
1326 5930 3
1326 1469 4
1326 10151 5
1326 9743 5
1326 3773 5
1326 8835 5
1326 4216 1
1327 313 5
1327 741 5
1327 5430 5
1327 309 5
1327 10152 5
1327 9480 5
1327 3958 5
1327 4496 5
1327 1366 5
1327 5036 5
1327 1332 5
1327 1733 2
1327 4075 5
1327 8179 5
1327 2737 4
1327 770 5
1328 10153 4
1328 5254 5
1328 8176 5
1328 305 5
1328 829 4
1328 309 3
1328 821 3
1328 312 4
1328 9313 5
1328 1275 2
1328 239 4
1328 4723 3
1328 666 4
1328 680 5
1328 10154 3
1328 8040 4
1328 1048 4
1328 9448 4
1328 697 4
1329 1395 3
1329 10100 2
1329 868 1
1329 8362 1
1329 913 3
1329 211 1
1329 196 5
1329 258 5
1329 762 1
1329 10155 5
1329 309 3
1329 731 3
1329 3000 5
1329 747 5
1329 10156 5
1329 28 3
1329 728 5
1329 10131 5
1329 313 5
1329 1352 5
1329 7855 4
1329 10157 4
1329 8952 5
1329 10158 4
1329 757 5
1329 6665 5
1329 7571 5
1329 3627 5
1329 5068 2
1330 8805 4
1330 9333 4
1330 735 3
1330 305 5
1330 309 4
1330 10159 5
1330 832 1
1330 313 4
1330 3025 2
1330 9762 5
1330 4929 5
1330 1029 5
1330 10160 5
1331 278 3
1331 4782 5
1331 258 3
1331 792 3
1331 772 3
1331 1277 5
1331 734 5
1331 323 4
1331 3198 5
1331 909 1
1331 712 3
1331 6383 5
1331 9369 5
1331 728 3
1331 5503 5
1331 4594 5
1331 832 3
1331 196 3
1331 843 3
1331 309 3
1331 276 4
1331 5077 5
1331 5805 5
1331 313 3
1331 751 1
1331 274 4
1331 5278 5
1331 3226 4
1331 2009 5
1331 6441 5
1331 5789 5
1331 3081 5
1332 2717 5
1332 4417 5
1332 10161 5
1332 327 2
1332 9809 5
1332 773 4
1332 9721 5
1332 1377 5
1333 2319 4
1333 5936 3
1333 6305 3
1333 7231 5
1333 4039 5
1333 7647 3
1333 4508 4
1333 7882 4
1333 7732 5
1333 2000 5
1333 2336 5
1333 6318 5
1333 5966 5
1333 4623 5
1333 6034 5
1333 4504 4
1333 1130 5
1333 7359 4
1333 3677 5
1333 2077 4
1333 2784 3
1333 7267 5
1333 10162 4
1333 2079 5
1333 5961 5
1333 4329 4
1333 7266 5
1333 6567 5
1333 5088 5
1333 6906 3
1333 2920 5
1333 8928 4
1333 3688 5
1333 6297 4
1333 4330 5
1333 803 4
1333 5091 5
1333 4158 3
1333 4331 2
1333 4023 5
1333 10163 4
1333 10164 4
1333 7627 4
1333 9651 5
1333 9524 5
1333 837 5
1333 4868 2
1333 10165 5
1333 288 5
1333 4020 3
1333 2683 3
1333 1832 3
1333 10166 4
1333 5534 4
1333 4904 5
1333 1335 3
1333 719 4
1333 3354 2
1333 7600 5
1333 10167 5
1333 4942 5
1333 762 5
1333 10168 5
1333 7660 4
1333 8258 4
1333 4181 5
1333 3959 5
1333 6367 5
1333 3228 5
1333 7823 5
1333 10169 5
1333 850 5
1333 5620 1
1333 744 4
1333 4333 4
1333 3915 4
1333 5766 3
1333 6516 5
1333 10170 5
1333 9974 4
1333 4808 5
1333 4408 3
1333 3081 4
1333 8487 4
1334 5119 5
1334 837 5
1334 6977 4
1334 28 3
1334 4117 5
1334 803 5
1334 7215 3
1334 4181 5
1334 309 3
1334 309 5
1334 323 5
1334 872 5
1334 1408 5
1334 5090 3
1334 7750 4
1334 7021 4
1334 5007 5
1334 3556 5
1334 322 5
1334 10171 4
1334 4870 3
1334 712 5
1334 9472 5
1334 1705 4
1334 7981 5
1335 3661 4
1335 258 5
1335 1277 5
1335 3978 1
1335 728 1
1335 2095 4
1335 721 3
1335 4715 4
1335 766 3
1335 3478 4
1335 312 2
1335 4782 5
1335 28 3
1335 739 1
1335 239 4
1335 104 1
1335 704 5
1335 3556 5
1335 8257 5
1335 706 1
1335 9491 5
1335 1395 5
1335 762 3
1335 1344 5
1335 2655 1
1335 740 4
1335 306 2
1335 288 1
1335 3746 3
1335 2633 5
1335 305 3
1335 3115 5
1335 309 5
1335 3498 4
1335 313 5
1335 2733 5
1335 712 5
1335 5257 4
1335 5218 4
1336 10085 4
1336 5248 4
1336 306 5
1336 4186 5
1336 312 4
1336 196 5
1336 288 5
1336 884 5
1336 728 5
1336 211 5
1336 4242 2
1336 3123 5
1336 237 4
1336 8290 5
1336 5805 4
1336 5037 5
1336 51 5
1336 5071 2
1336 10172 3
1336 5488 5
1336 1733 5
1336 8528 1
1336 3275 5
1336 1048 5
1337 309 5
1337 313 4
1337 312 4
1337 4187 5
1337 761 5
1337 574 1
1337 1395 5
1337 1106 4
1337 144 5
1337 5654 4
1337 323 4
1337 728 3
1337 1881 2
1338 112 5
1338 10019 5
1338 2169 5
1338 7253 3
1338 1414 1
1338 1664 5
1338 4599 2
1338 9294 5
1338 4985 3
1338 6566 3
1338 4239 4
1338 3555 1
1338 3270 5
1338 8004 4
1338 9708 1
1338 312 5
1338 728 5
1338 10173 5
1338 7565 4
1338 1241 5
1338 6055 2
1338 4454 5
1338 5600 3
1338 4886 4
1338 977 5
1338 3965 5
1338 1767 5
1338 4702 5
1338 4922 5
1338 251 5
1339 258 4
1339 3063 4
1339 9645 5
1339 278 1
1339 734 5
1339 8235 1
1339 384 3
1339 3084 1
1339 3485 2
1339 4019 4
1339 419 5
1339 252 5
1339 3805 5
1339 343 4
1339 706 4
1339 7655 5
1339 4165 5
1339 4259 5
1339 9065 5
1339 8168 5
1339 5106 4
1339 5102 5
1339 473 2
1339 879 1
1339 10174 5
1339 6708 5
1339 4760 5
1339 2095 5
1339 312 5
1339 4105 5
1339 1273 1
1339 6352 2
1339 323 5
1339 3263 5
1339 305 5
1339 7602 5
1339 3605 5
1339 313 5
1339 28 3
1339 196 5
1339 309 5
1339 772 1
1339 4944 1
1339 3735 5
1339 927 5
1339 5523 5
1339 4021 5
1339 178 3
1339 1335 5
1339 1816 5
1339 5703 5
1339 1275 1
1339 4243 3
1339 10175 5
1339 4558 5
1339 728 4
1339 1274 5
1339 4297 5
1339 5226 4
1339 9207 3
1339 712 5
1339 4889 5
1340 3284 5
1340 2142 3
1340 1909 5
1340 9251 4
1340 1263 5
1340 1393 4
1340 2047 5
1340 2851 4
1340 61 4
1340 105 4
1340 168 5
1341 4418 1
1341 4012 4
1341 288 5
1341 710 5
1341 704 5
1341 1766 5
1341 1979 5
1341 4982 4
1341 735 3
1341 762 5
1341 28 5
1341 323 3
1341 2832 4
1341 104 5
1341 9721 3
1341 309 5
1341 1747 3
1341 5349 4
1341 1260 1
1341 1275 1
1341 738 2
1341 313 5
1341 3000 5
1341 810 1
1341 1406 4
1341 5069 5
1341 7597 5
1341 2424 4
1341 9294 4
1341 7526 5
1341 148 3
1341 9480 4
1341 2686 5
1341 3606 4
1341 9314 5
1341 9611 4
1341 10176 5
1342 10094 2
1342 3000 5
1342 4987 5
1342 3263 5
1342 8965 5
1342 10177 5
1342 9900 4
1343 9961 4
1343 7480 5
1343 3586 5
1343 448 4
1343 10178 5
1343 2244 4
1344 3469 3
1344 738 5
1344 8714 4
1344 1403 2
1344 1988 5
1344 9286 4
1344 4044 4
1344 824 5
1344 1902 4
1344 7800 5
1344 1278 5
1344 4703 4
1344 3313 3
1344 1331 4
1344 9595 4
1344 4520 4
1344 5277 4
1344 4059 3
1344 4135 4
1344 5257 3
1344 3713 4
1344 8963 4
1344 8535 4
1344 4511 3
1344 741 4
1344 312 3
1344 305 5
1344 5159 4
1344 5602 4
1344 309 4
1344 309 5
1344 1029 4
1344 5309 1
1344 4805 3
1344 1425 4
1344 985 5
1344 574 1
1344 8332 4
1344 887 3
1344 1421 3
1344 9732 5
1344 5384 5
1344 1444 5
1344 10097 5
1344 5431 4
1344 1334 5
1344 3913 5
1344 772 1
1344 5404 4
1344 6664 3
1344 1408 5
1344 1414 1
1344 1357 5
1344 837 5
1344 1430 5
1344 3849 3
1344 912 4
1344 1420 3
1344 836 1
1344 9184 5
1344 8609 4
1344 276 1
1344 10101 4
1344 706 3
1344 857 3
1344 3985 4
1344 1978 5
1344 7559 5
1344 3446 2
1344 5242 2
1344 4826 4
1344 4788 4
1344 846 4
1344 732 4
1344 323 2
1344 8661 1
1344 4402 3
1344 3783 5
1344 1515 1
1344 9765 3
1344 7323 5
1344 10179 3
1344 4911 5
1344 10180 4
1344 10150 3
1344 4932 1
1344 4465 3
1344 10181 3
1344 5058 3
1344 3608 5
1344 9119 3
1344 4275 4
1344 1515 3
1344 10182 3
1344 4261 5
1344 10183 4
1344 979 5
1344 879 1
1344 1607 3
1344 909 1
1344 8169 4
1344 9808 4
1344 992 4
1344 897 3
1344 212 4
1344 1369 4
1344 3849 3
1344 934 5
1344 901 5
1344 5773 4
1344 952 4
1344 10184 4
1344 5643 5
1344 4829 5
1344 10185 4
1344 1513 1
1344 9337 4
1344 931 4
1344 3829 4
1344 3528 5
1344 5358 4
1344 6515 5
1344 8585 1
1344 3750 3
1344 9770 5
1344 4786 4
1344 3715 5
1344 7208 1
1344 9865 3
1344 9582 5
1344 7520 5
1345 477 5
1345 4072 1
1345 9716 4
1345 211 5
1345 3963 5
1345 323 4
1345 8075 5
1345 9300 5
1345 826 5
1346 4046 5
1346 8514 5
1346 10186 5
1346 128 5
1346 4847 5
1346 7354 5
1346 2257 4
1346 3450 2
1346 8415 4
1346 9508 5
1346 728 4
1346 1643 4
1346 4784 4
1346 8609 2
1346 5220 4
1347 3678 4
1347 6679 5
1347 4732 5
1347 4080 3
1347 239 1
1347 4380 5
1347 4383 3
1347 1049 5
1347 732 5
1347 3627 1
1347 305 5
1347 728 5
1347 5174 4
1347 320 4
1347 4900 3
1347 1408 5
1347 780 1
1347 309 5
1347 2705 5
1347 7328 1
1347 8519 3
1347 5000 5
1347 10187 4
1347 5113 5
1347 4091 5
1347 306 5
1347 821 5
1347 1958 2
1347 1260 5
1347 1275 1
1347 10188 4
1347 1001 5
1347 1982 5
1347 4805 4
1347 7734 3
1347 4550 5
1347 3923 5
1347 2093 4
1347 7323 5
1347 4825 5
1347 6332 3
1348 10041 4
1348 143 4
1348 2670 3
1348 4825 4
1348 1029 5
1349 710 3
1349 1260 2
1349 305 3
1349 9720 5
1349 309 5
1349 10189 5
1349 792 5
1349 738 5
1349 5036 4
1349 9351 5
1349 9660 4
1349 5513 5
1349 5910 4
1349 761 5
1349 7803 5
1349 323 5
1349 4770 5
1349 1263 5
1349 832 5
1349 784 3
1349 6588 5
1349 662 5
1349 211 4
1349 1004 4
1349 1275 2
1349 1982 4
1349 3959 5
1349 8796 5
1349 589 5
1350 650 5
1350 309 4
1350 313 4
1350 1740 5
1350 5644 1
1350 2153 5
1350 1395 5
1350 9013 5
1350 3710 5
1350 824 5
1350 722 5
1351 4117 5
1351 2030 5
1351 10190 5
1351 4904 5
1351 305 3
1351 5577 4
1351 3658 3
1351 10191 3
1351 4674 4
1351 719 5
1351 323 5
1351 9699 4
1351 3146 5
1351 832 4
1351 934 5
1351 276 5
1351 802 2
1351 5832 5
1351 761 5
1351 704 5
1351 5856 5
1351 312 5
1351 222 5
1351 3044 4
1351 69 4
1351 5823 4
1351 3566 5
1351 3913 4
1351 808 3
1351 9727 4
1351 2013 3
1351 837 5
1351 810 4
1351 1274 5
1351 7601 5
1351 10192 4
1351 4715 4
1351 211 3
1351 1275 1
1351 4689 5
1351 6304 5
1351 2045 2
1351 717 4
1351 9651 5
1351 10193 4
1351 713 1
1351 7861 5
1351 1757 5
1351 9410 4
1351 2655 1
1351 9223 4
1351 5783 4
1351 5558 4
1352 5219 4
1352 3983 4
1352 309 4
1352 309 4
1352 313 3
1352 323 5
1352 726 5
1352 704 5
1352 3469 4
1352 312 5
1352 9286 5
1352 2494 5
1352 77 5
1352 900 5
1352 10194 5
1352 3710 4
1352 753 5
1352 6676 2
1352 2693 1
1352 1414 1
1352 104 5
1352 772 5
1352 1415 5
1352 1275 5
1352 196 5
1352 792 4
1352 10195 5
1352 8777 4
1352 1467 3
1353 5333 5
1353 5804 5
1353 8873 1
1353 1526 5
1353 10058 5
1353 8070 5
1353 934 5
1353 4763 5
1353 1354 4
1353 7452 5
1353 5433 4
1353 1427 1
1353 2744 5
1353 1669 5
1353 1674 5
1353 5697 5
1353 7250 4
1353 308 5
1353 4162 1
1353 3581 5
1353 8255 4
1353 9491 5
1353 10196 5
1353 10197 5
1353 5270 5
1353 6080 4
1353 1380 4
1353 318 4
1353 4105 5
1353 4715 5
1353 836 1
1353 3126 5
1353 4988 1
1353 1743 4
1353 6665 5
1353 280 5
1353 6112 5
1353 48 5
1353 234 1
1353 4880 5
1353 775 1
1353 2705 4
1353 113 5
1353 5806 5
1353 5309 3
1353 10198 3
1353 5819 2
1353 3738 5
1353 3478 5
1353 323 5
1353 7726 5
1353 792 1
1353 1842 5
1353 20 5
1353 1352 5
1353 2931 5
1353 1393 3
1353 762 5
1353 312 5
1353 313 5
1353 843 5
1353 226 5
1353 2755 5
1353 787 1
1353 104 5
1353 8785 5
1353 1263 5
1353 5422 3
1353 306 1
1353 10011 5
1353 772 5
1353 728 5
1353 9217 1
1353 3593 5
1353 10199 5
1353 1998 1
1353 4292 3
1353 10200 5
1353 10201 3
1353 3498 5
1353 10202 5
1354 8099 4
1354 740 2
1354 286 5
1354 1395 5
1354 309 4
1354 759 5
1354 313 4
1354 3199 5
1354 1403 2
1354 974 4
1354 780 3
1354 211 2
1354 738 1
1354 1638 5
1354 2706 2
1354 1998 2
1354 5246 5
1354 2693 1
1354 8378 5
1354 196 2
1354 9515 4
1354 8 4
1354 9430 5
1354 6021 5
1354 310 5
1354 323 2
1354 4932 1
1354 762 4
1354 4232 5
1354 3533 5
1354 4880 5
1354 756 5
1354 5824 5
1354 10203 5
1354 7568 5
1354 4780 5
1354 6045 4
1354 773 5
1354 4043 5
1354 2836 5
1354 2844 5
1354 8091 4
1354 9366 5
1354 4582 4
1354 954 4
1355 9284 2
1355 4340 5
1355 9727 5
1355 1779 5
1355 4879 2
1355 326 5
1355 1396 4
1355 3836 5
1355 759 5
1355 2846 4
1355 28 5
1355 9233 4
1355 7395 1
1355 8434 5
1355 3251 4
1355 710 4
1355 740 5
1355 309 4
1355 323 5
1355 4372 5
1355 320 5
1355 6966 5
1355 1332 5
1355 10204 5
1355 3264 5
1355 6053 5
1355 4086 5
1355 125 5
1355 3199 5
1355 3270 5
1355 666 5
1355 4040 5
1355 837 5
1355 712 4
1355 762 2
1355 8787 5
1355 3469 1
1355 1660 5
1355 5000 4
1355 1408 5
1355 1263 5
1355 4334 3
1355 905 5
1355 761 5
1355 9411 1
1355 3283 5
1355 5781 5
1356 866 4
1356 795 2
1356 1319 5
1356 10042 3
1356 9346 4
1356 7499 5
1356 10205 1
1356 7471 2
1356 4268 5
1356 730 5
1356 6959 5
1356 10206 5
1356 927 5
1356 8430 5
1356 477 5
1356 10207 3
1356 453 4
1356 6392 2
1356 8152 5
1356 7905 5
1356 4489 4
1356 864 5
1356 10208 5
1356 10209 5
1356 4376 2
1356 3457 5
1356 10210 4
1356 3869 3
1356 782 1
1356 1452 5
1356 9662 5
1356 4932 1
1356 1061 4
1356 8570 2
1356 795 2
1356 1688 4
1356 10173 3
1356 7045 4
1356 4005 4
1356 25 5
1356 1048 2
1357 258 5
1357 4238 3
1357 10211 3
1357 10212 1
1357 772 5
1357 7166 3
1357 739 5
1357 196 5
1357 4613 4
1357 6727 5
1357 741 3
1357 5148 5
1357 650 5
1357 698 5
1357 4777 5
1357 8310 5
1357 1037 5
1357 3549 1
1357 4775 4
1357 738 5
1357 1395 5
1357 5171 1
1357 7192 5
1357 5307 5
1357 7466 5
1357 1718 3
1357 1356 5
1357 288 5
1357 735 5
1357 9120 5
1357 5409 5
1357 762 5
1357 5253 2
1357 7692 5
1357 6364 5
1357 4978 3
1357 2725 4
1357 10213 5
1357 305 5
1357 10214 5
1357 3975 5
1357 8718 5
1357 7458 5
1357 28 5
1357 309 5
1357 4024 5
1357 2348 5
1357 5693 5
1357 4760 5
1357 5350 5
1357 323 5
1357 706 5
1357 832 5
1357 3439 1
1357 3064 2
1357 313 5
1357 5344 1
1357 8796 5
1357 312 5
1357 9501 5
1357 1338 5
1357 1602 5
1357 10124 4
1357 8097 5
1357 10215 4
1357 1419 5
1357 1408 5
1357 9297 2
1357 2686 5
1357 4012 3
1357 3843 5
1357 728 1
1357 1494 1
1357 6137 2
1357 913 5
1357 211 4
1357 9345 5
1357 4000 5
1357 4187 5
1357 1275 5
1357 574 2
1357 766 5
1357 646 5
1357 5048 3
1357 843 3
1357 645 5
1357 960 5
1357 2754 5
1357 4083 2
1357 77 5
1357 7655 5
1357 4513 5
1357 3052 1
1357 5539 5
1357 8071 5
1357 8029 5
1357 5220 4
1357 1029 5
1357 6332 5
1357 827 5
1357 4957 5
1358 6402 4
1358 3474 4
1358 3118 4
1358 4795 4
1358 7216 5
1358 3325 4
1358 4697 3
1358 2608 5
1358 2359 4
1358 10216 3
1358 4029 4
1358 10217 4
1358 6456 4
1358 2742 5
1358 6895 4
1358 579 4
1358 4695 2
1358 10218 5
1358 6938 2
1358 3108 4
1358 773 4
1358 4854 4
1358 10219 3
1358 2740 4
1358 2717 4
1358 1042 4
1358 10220 4
1358 4412 4
1358 2461 5
1358 3264 4
1358 3383 2
1358 455 3
1358 4755 5
1358 985 5
1358 312 5
1358 7918 4
1358 1382 4
1358 2670 3
1358 10221 4
1358 4552 3
1358 2088 4
1358 7561 2
1358 811 4
1358 8284 2
1358 3827 4
1358 9498 5
1358 4686 4
1358 10222 4
1358 1339 5
1358 4473 5
1358 4999 2
1358 3451 2
1358 10223 3
1358 3945 1
1358 2729 2
1358 2675 5
1358 4380 4
1358 4257 1
1358 10224 4
1358 7981 5
1358 4966 3
1358 837 5
1358 10225 4
1358 4782 4
1358 714 5
1358 485 4
1358 8892 4
1358 8278 4
1358 1510 4
1358 839 5
1358 5303 2
1358 8206 4
1358 3836 4
1358 829 5
1358 941 5
1358 9066 4
1358 8220 4
1358 756 4
1358 10226 2
1358 860 5
1358 867 5
1358 5586 4
1358 10227 3
1358 2251 3
1358 2667 4
1358 2939 5
1358 7158 4
1358 2585 4
1358 6771 4
1358 9930 1
1358 309 5
1358 3862 3
1358 196 1
1358 9132 4
1358 762 5
1358 2611 4
1358 288 5
1358 313 5
1358 1439 5
1358 10228 4
1358 2348 4
1358 5528 4
1358 1629 4
1358 862 5
1358 3713 4
1358 10229 2
1358 8504 5
1358 2748 4
1358 8838 5
1358 4834 5
1358 1509 1
1358 1084 4
1358 8115 4
1358 3837 4
1358 1057 4
1358 875 3
1358 8243 5
1358 6145 4
1358 4305 3
1358 2689 4
1358 1029 4
1358 2612 3
1358 1715 4
1358 717 5
1358 2417 5
1358 10230 4
1358 10231 4
1358 3683 4
1358 10232 4
1358 4879 4
1358 9693 3
1358 2305 4
1358 10233 5
1358 1496 2
1358 7188 4
1358 1377 5
1358 5564 4
1358 143 4
1358 6749 5
1358 574 1
1358 5376 2
1358 5194 4
1358 10118 4
1358 2498 5
1358 1876 5
1358 1442 5
1358 1395 5
1358 3083 5
1358 954 4
1358 1414 1
1358 1275 1
1358 9188 4
1358 3435 4
1358 3764 5
1358 4005 5
1358 8295 3
1358 9790 5
1358 4660 5
1358 10234 4
1358 4675 1
1358 3781 2
1358 4932 1
1358 2244 5
1358 2274 5
1358 807 3
1358 856 1
1358 1518 4
1358 9411 3
1358 2710 4
1358 2614 4
1358 3617 5
1358 6935 5
1358 2230 5
1358 10235 1
1358 964 2
1358 5842 4
1358 5606 5
1358 10236 5
1358 10237 4
1358 5579 4
1358 10238 4
1358 2648 4
1358 10239 4
1358 6632 4
1358 304 5
1358 3777 4
1358 7664 4
1358 10240 4
1358 920 2
1358 10241 5
1358 5891 5
1358 5325 4
1358 5175 5
1359 278 5
1359 3575 4
1359 4782 5
1359 323 3
1359 735 3
1359 3375 5
1359 5249 5
1359 792 5
1359 1408 5
1359 1997 5
1359 843 5
1359 732 1
1359 9127 2
1359 1335 5
1359 251 5
1359 3125 5
1359 211 4
1359 1352 5
1359 814 5
1359 706 5
1359 1403 1
1359 901 5
1359 258 3
1359 4705 5
1359 1958 1
1359 313 5
1359 4977 5
1359 28 5
1359 2655 1
1359 2698 4
1359 723 5
1359 772 5
1359 4750 4
1359 10242 5
1359 5453 5
1359 1350 5
1359 5203 5
1359 3844 4
1359 1280 5
1360 9273 4
1360 1779 4
1360 313 3
1360 734 5
1360 740 5
1360 6688 4
1360 309 5
1360 4472 5
1360 196 5
1360 1275 3
1360 312 5
1360 5233 2
1360 1682 5
1360 728 2
1360 104 5
1360 1408 5
1360 7551 5
1360 1274 5
1360 5518 1
1360 10243 2
1360 5830 5
1360 9589 5
1360 2499 5
1360 9682 5
1360 1501 3
1360 5073 5
1360 9844 5
1360 4509 2
1360 886 2
1360 10244 4
1360 9662 5
1361 9274 4
1361 10245 5
1361 5041 5
1362 626 5
1362 3377 3
1362 2617 4
1362 2388 4
1362 1673 5
1362 10246 4
1362 2898 4
1362 9301 5
1362 9817 3
1362 3604 1
1362 9721 3
1362 1142 4
1362 1976 5
1362 4494 4
1362 704 5
1362 671 4
1362 535 4
1362 832 3
1362 1307 2
1362 2298 3
1362 2552 3
1362 6387 1
1362 2597 1
1362 908 4
1362 558 4
1362 1331 5
1362 2421 4
1362 7055 5
1362 288 5
1362 3293 5
1362 6895 3
1362 2655 1
1362 1278 5
1362 694 5
1362 706 3
1362 9635 1
1362 1362 4
1362 8590 5
1362 3289 4
1362 598 5
1362 3427 3
1362 4220 1
1362 4778 3
1362 712 4
1362 4838 4
1362 3520 4
1362 104 5
1362 714 5
1362 7551 4
1362 9369 4
1362 4841 4
1362 5054 4
1362 730 5
1362 449 3
1362 780 3
1362 4967 5
1362 5015 3
1362 8546 4
1362 734 5
1362 710 4
1362 9279 5
1362 2042 3
1362 4845 5
1362 1313 2
1362 5237 3
1362 4883 5
1362 792 4
1362 6936 1
1362 4900 4
1362 2667 4
1362 740 4
1362 9708 4
1362 312 4
1362 309 5
1362 4611 4
1362 2268 3
1362 2506 2
1362 313 5
1362 6075 4
1362 1604 3
1362 772 5
1362 762 5
1362 775 3
1362 2978 3
1362 741 4
1362 258 5
1362 5627 2
1362 1311 3
1362 8734 2
1362 1275 2
1362 28 3
1362 9818 5
1362 5030 5
1363 323 3
1363 9144 5
1363 843 1
1363 766 5
1363 1432 3
1363 9544 5
1363 9928 4
1363 934 5
1363 1357 5
1363 9140 5
1363 1365 5
1363 10058 4
1363 9142 5
1363 9139 5
1363 5460 5
1363 10247 3
1363 8606 5
1363 2095 5
1363 3801 4
1363 5506 5
1363 10055 4
1363 9491 5
1363 10248 4
1363 947 4
1363 10249 4
1363 3151 3
1363 1496 3
1363 3762 5
1363 1349 4
1363 9517 3
1363 10250 4
1363 6961 4
1363 10251 4
1363 10252 4
1363 1510 5
1363 9788 5
1363 7712 5
1364 4243 2
1364 3849 2
1364 7759 3
1364 706 2
1364 4694 4
1364 1293 4
1364 10253 4
1364 4044 4
1364 10254 5
1364 5814 4
1365 1226 1
1365 7207 1
1365 5006 4
1365 773 5
1365 4243 2
1365 3627 1
1365 867 5
1365 4429 2
1365 9496 5
1365 8797 5
1365 810 2
1365 5745 3
1365 9483 4
1366 1527 5
1366 1535 3
1366 9927 5
1366 4412 4
1366 10073 5
1366 4973 3
1366 1561 2
1366 604 5
1366 1979 5
1366 2081 3
1366 7285 4
1366 5254 1
1366 10255 4
1366 10039 4
1366 812 5
1366 10256 4
1366 10141 5
1366 258 5
1366 9125 4
1366 980 5
1366 287 4
1366 5226 5
1366 1402 1
1366 9105 4
1366 3093 4
1366 1973 5
1366 7157 4
1366 312 5
1366 722 5
1366 9700 1
1366 8646 5
1366 574 1
1366 4396 5
1366 1286 5
1366 934 4
1366 5042 5
1366 9691 3
1366 6764 2
1366 9789 3
1366 5311 5
1366 5183 2
1366 5318 2
1366 9583 5
1366 9911 5
1366 1006 5
1366 3060 5
1366 9186 4
1366 10257 4
1366 10143 5
1366 2731 4
1366 10258 4
1366 6774 5
1366 10259 4
1366 1105 4
1366 10260 3
1366 9674 3
1366 8481 5
1366 6921 5
1367 868 3
1367 4558 5
1367 10261 2
1367 9212 1
1367 7800 5
1368 9042 5
1368 704 5
1368 4598 5
1368 609 5
1368 759 5
1368 3546 5
1368 2148 4
1368 5017 5
1368 7992 4
1368 4557 5
1368 4564 5
1368 7935 5
1368 8667 4
1368 313 5
1368 8191 5
1368 5091 2
1368 843 5
1368 6457 5
1368 1278 5
1368 7223 4
1368 793 5
1368 2929 2
1368 1316 5
1368 258 5
1368 1046 4
1368 739 5
1368 706 5
1368 738 5
1368 309 5
1368 1399 5
1368 1395 5
1368 3935 5
1368 104 5
1368 7823 2
1368 4829 5
1368 4905 4
1368 805 5
1368 801 5
1368 800 2
1368 3464 5
1368 857 5
1368 712 5
1368 1682 3
1368 8490 1
1368 312 4
1368 1397 5
1368 837 5
1368 9127 4
1368 5638 5
1368 1421 2
1368 3712 4
1368 829 1
1368 4280 5
1368 10262 5
1368 3322 5
1368 4449 4
1368 5004 5
1368 276 1
1368 1396 2
1368 4933 4
1368 832 3
1368 323 4
1368 5266 5
1368 867 5
1368 3000 5
1368 3263 5
1368 5125 4
1368 281 3
1368 5797 5
1368 979 5
1368 3590 4
1368 1049 3
1368 6700 4
1368 233 2
1368 10263 5
1368 1852 5
1368 5808 5
1368 862 5
1368 5659 5
1368 5348 5
1368 1936 4
1368 919 4
1368 8647 5
1368 768 5
1368 4737 2
1368 1513 1
1368 913 3
1368 916 3
1368 284 5
1368 934 4
1368 3602 5
1368 923 5
1368 931 4
1368 1442 5
1368 5441 5
1368 5019 5
1368 7792 3
1368 1067 4
1368 5246 5
1368 9719 5
1368 5830 5
1368 8805 5
1368 5026 4
1368 9174 5
1368 10264 5
1368 4935 5
1368 1097 5
1368 95 5
1368 8198 5
1368 3335 5
1368 7033 5
1368 785 5
1368 4308 4
1368 8654 5
1369 4945 5
1369 113 5
1369 4715 4
1369 737 4
1370 309 5
1370 8380 2
1370 1395 3
1370 2257 5
1370 1313 2
1370 7395 3
1370 1275 1
1370 5116 5
1370 1997 5
1370 824 5
1370 1316 5
1370 9202 3
1370 5069 5
1370 1682 4
1370 832 5
1370 4823 4
1370 1263 5
1370 7710 4
1370 211 4
1370 4072 3
1370 6075 5
1370 1943 4
1370 747 4
1370 712 5
1370 9444 5
1370 875 4
1370 8662 4
1370 925 5
1370 4563 5
1370 5553 4
1370 4926 2
1370 5005 5
1370 5597 5
1370 10265 4
1370 1048 4
1370 867 5
1370 1462 5
1370 3954 5
1370 4788 5
1370 3954 4
1370 955 5
1370 465 5
1370 10266 5
1370 10267 5
1370 10268 4
1370 891 5
1370 10269 4
1370 3606 2
1371 1773 5
1371 695 5
1371 4105 5
1371 728 5
1371 2686 4
1371 10008 3
1371 3556 5
1371 323 5
1371 9392 3
1371 288 5
1371 2095 4
1371 1998 5
1371 761 5
1371 3056 5
1371 1958 1
1371 832 5
1371 934 4
1371 7486 5
1371 3592 5
1371 723 5
1371 738 5
1371 712 5
1371 3801 2
1371 10270 4
1371 8362 4
1371 9739 4
1371 312 5
1371 2945 5
1371 10271 2
1371 5985 5
1371 2944 5
1371 4634 4
1371 1365 5
1371 857 4
1372 313 5
1372 5028 5
1372 4599 5
1372 5769 3
1372 1395 5
1372 712 1
1372 713 1
1372 1408 5
1372 8041 4
1372 1414 1
1372 6771 5
1372 2655 1
1372 2962 5
1372 1335 1
1372 4870 5
1372 1728 5
1372 5027 5
1372 1997 5
1372 276 5
1372 7726 5
1372 824 5
1372 4775 5
1372 5829 5
1372 739 5
1372 10272 5
1372 5983 5
1372 7342 5
1372 3659 5
1373 4541 4
1373 1990 5
1373 4156 2
1373 3394 5
1373 983 1
1373 843 3
1373 278 5
1373 1403 1
1373 766 3
1373 1401 1
1373 712 4
1373 734 5
1373 323 5
1373 978 2
1373 5910 4
1373 1368 3
1373 309 5
1373 759 5
1373 309 5
1373 1275 1
1373 837 5
1373 741 5
1373 9651 5
1373 8927 1
1373 704 3
1373 104 3
1373 438 5
1373 829 1
1373 913 1
1373 7578 5
1373 2016 4
1373 196 4
1373 9411 4
1373 706 1
1373 740 5
1373 9735 4
1373 269 5
1373 2831 4
1373 258 5
1373 3895 4
1373 276 1
1373 8380 5
1373 3839 5
1373 3607 5
1373 3852 3
1373 312 3
1373 832 5
1374 840 5
1374 5036 2
1374 5781 4
1374 3796 5
1374 1442 5
1375 313 1
1375 843 1
1375 1314 5
1375 650 5
1375 734 5
1375 288 5
1375 973 5
1375 305 1
1375 309 5
1375 740 5
1375 258 5
1375 1736 5
1375 8486 5
1375 10273 4
1375 5148 4
1375 1275 1
1375 1506 5
1375 3115 5
1375 5850 5
1375 211 1
1375 3428 4
1375 9584 1
1375 6984 1
1375 2655 1
1375 5504 4
1375 3623 4
1376 312 5
1376 1352 5
1376 9359 4
1376 762 1
1376 1385 5
1376 3046 5
1376 1325 3
1376 1335 1
1376 3813 4
1376 2670 4
1376 1998 1
1376 5626 4
1376 1041 4
1376 5513 5
1376 5419 3
1376 127 5
1376 1332 4
1376 2340 5
1376 712 4
1376 211 5
1376 3041 5
1376 9038 4
1376 5519 4
1376 2714 3
1376 3687 4
1376 514 4
1377 827 5
1377 5349 5
1377 8537 5
1377 258 5
1377 5743 4
1377 71 5
1377 772 3
1377 757 3
1377 8997 5
1377 309 5
1377 740 3
1377 1403 1
1377 5173 5
1377 4117 5
1377 9181 3
1377 6139 5
1377 323 5
1377 328 5
1377 2195 5
1377 10274 5
1377 7241 5
1378 7821 2
1378 2003 4
1378 6317 3
1378 8996 5
1378 1606 3
1378 7957 4
1378 6786 4
1378 2057 3
1378 9869 5
1378 8704 5
1378 10171 5
1378 9001 2
1378 813 5
1378 6580 3
1378 7208 4
1378 258 4
1378 2598 4
1378 311 5
1378 8066 3
1378 6719 4
1378 7714 4
1378 2059 4
1378 8665 4
1378 1663 3
1378 9004 4
1378 8170 4
1378 2139 4
1378 9250 3
1378 8796 3
1378 3705 4
1378 1395 3
1378 104 3
1378 4909 3
1378 2030 4
1378 849 4
1378 4139 5
1378 644 5
1378 8258 4
1378 10275 5
1378 5011 3
1378 792 3
1378 1955 5
1378 869 4
1378 6075 4
1378 323 4
1378 772 1
1378 2840 5
1378 857 4
1378 5769 5
1378 735 4
1378 188 4
1378 8067 4
1378 3055 5
1378 309 1
1378 762 1
1378 309 4
1378 9376 5
1378 2711 5
1378 2848 4
1378 280 5
1378 313 5
1378 196 5
1378 75 4
1378 768 4
1378 8643 4
1378 1743 4
1378 5103 5
1378 5104 5
1378 5430 3
1378 1393 4
1378 788 5
1378 713 1
1378 3990 5
1378 6304 4
1378 5248 5
1378 3584 3
1378 312 1
1378 2038 5
1378 6409 4
1378 9426 4
1378 4978 3
1378 10276 4
1378 7923 5
1378 6886 5
1378 9641 5
1378 1408 5
1378 4313 4
1378 3325 5
1378 818 2
1378 819 5
1378 8103 4
1378 911 3
1378 6060 3
1378 7567 3
1378 9539 5
1378 5577 4
1378 1274 5
1378 3354 3
1378 7426 4
1378 4148 5
1378 5614 4
1378 8378 4
1378 211 4
1378 726 5
1379 3146 5
1379 2902 4
1379 4697 3
1379 10277 4
1379 2492 5
1379 3509 5
1379 4412 3
1379 7983 5
1379 5107 5
1379 4505 5
1379 4117 5
1379 3230 4
1379 850 4
1379 9976 5
1379 4295 4
1379 2257 5
1379 3571 5
1379 2758 5
1379 803 4
1379 9410 5
1379 9696 4
1379 9407 5
1379 6367 4
1379 810 5
1379 5181 4
1379 4321 4
1379 10278 1
1379 4847 4
1379 10279 5
1379 5349 4
1379 7752 5
1379 5789 4
1379 1753 5
1379 9599 5
1379 10280 4
1379 10281 5
1379 2833 4
1379 3325 5
1379 3228 5
1379 8513 4
1379 794 3
1379 9374 4
1379 8802 5
1379 9993 5
1379 5658 4
1379 10282 4
1379 7573 4
1379 1682 5
1379 10283 2
1379 4040 5
1379 10284 5
1379 9588 4
1379 8198 5
1380 3963 1
1380 925 4
1380 4944 2
1380 5620 3
1380 783 5
1380 1525 4
1380 4313 4
1380 2701 5
1380 8258 1
1380 4599 4
1380 211 4
1380 4203 4
1380 8032 3
1380 5006 3
1380 1933 5
1380 10285 5
1381 795 5
1381 4979 4
1381 802 4
1381 5576 5
1381 5622 4
1381 806 4
1381 808 5
1381 3658 4
1381 3588 5
1381 9652 2
1381 9475 5
1381 810 5
1381 154 5
1381 8902 2
1381 10286 3
1381 8476 3
1381 731 4
1382 5877 4
1382 9716 4
1382 8286 5
1382 4427 4
1382 1352 5
1382 710 5
1382 5350 5
1382 309 5
1382 10287 2
1382 766 3
1382 1060 5
1382 196 4
1382 832 5
1382 8136 4
1382 4903 4
1382 4772 5
1382 2655 1
1382 104 5
1382 728 4
1382 723 5
1382 843 3
1382 4280 4
1382 288 5
1382 762 4
1382 3000 5
1382 157 4
1382 211 5
1382 1415 1
1382 3263 5
1382 759 4
1382 1002 5
1383 288 4
1383 704 4
1383 312 1
1383 772 1
1383 10288 4
1383 5279 4
1383 4274 4
1383 10289 3
1383 258 3
1383 196 3
1383 276 4
1383 104 3
1383 5937 4
1383 1411 3
1383 5370 5
1383 638 4
1383 4216 2
1383 776 4
1383 802 4
1384 4117 5
1384 4368 4
1384 4186 5
1384 1263 5
1384 7709 5
1384 4987 4
1384 305 3
1384 744 5
1384 793 5
1384 104 5
1384 309 5
1384 10162 4
1384 9119 4
1384 323 5
1384 2091 5
1384 1275 1
1384 2978 3
1384 7956 5
1384 10290 4
1384 312 5
1384 1408 5
1384 2831 5
1384 10214 4
1384 3000 5
1384 4971 5
1384 9728 5
1384 803 4
1385 4105 5
1385 3990 5
1385 2611 4
1385 4182 4
1385 8137 5
1385 7823 5
1385 751 1
1385 3921 5
1385 7608 5
1385 6857 4
1385 7611 2
1385 2733 5
1385 793 5
1385 803 5
1385 4100 4
1385 777 5
1385 184 5
1385 1274 5
1385 10291 4
1385 832 5
1385 4322 4
1385 4086 5
1385 1275 1
1385 2633 4
1385 5766 5
1385 10292 4
1385 3562 5
1385 2759 4
1385 9448 3
1385 717 5
1385 9704 4
1385 810 5
1385 3351 3
1385 5007 4
1385 4414 3
1385 8387 4
1385 4333 4
1385 2824 5
1385 3568 5
1386 4755 4
1386 699 4
1386 829 3
1386 288 3
1386 48 5
1386 3270 5
1386 734 5
1386 1399 5
1386 751 5
1386 1274 5
1386 739 5
1386 2936 3
1386 741 1
1386 710 1
1386 8091 5
1386 738 3
1386 323 3
1386 4728 5
1386 1352 5
1386 6665 5
1386 1660 1
1386 1439 5
1386 4113 5
1386 2751 5
1386 2698 5
1386 704 5
1386 276 1
1386 824 5
1386 5800 5
1386 740 3
1386 775 5
1386 773 5
1386 8346 2
1386 2655 1
1386 731 4
1386 3427 5
1386 313 5
1386 706 5
1386 10293 5
1386 7564 5
1386 28 5
1386 3935 5
1386 759 5
1386 3985 4
1386 280 5
1386 3450 1
1386 1391 3
1386 934 5
1386 1393 3
1386 1682 5
1386 3873 5
1386 258 5
1386 1432 3
1386 792 4
1386 1397 5
1386 6456 3
1386 832 5
1386 104 1
1386 712 1
1386 1944 5
1386 7773 4
1386 10294 3
1386 1263 3
1386 1746 5
1386 772 4
1386 716 5
1386 312 5
1386 843 3
1386 3963 5
1386 1275 1
1386 5608 5
1386 732 5
1386 9584 1
1386 762 5
1386 5615 5
1386 1448 5
1386 1272 5
1386 1332 5
1386 1945 5
1387 309 5
1387 7842 5
1387 3267 5
1387 5982 5
1387 830 5
1387 2044 5
1387 312 5
1387 1408 5
1387 8224 5
1387 2846 5
1387 824 5
1387 9686 5
1387 7418 5
1387 9171 5
1387 6202 5
1387 222 5
1387 34 5
1387 837 5
1387 5608 5
1387 1410 4
1387 1277 5
1387 842 5
1388 732 1
1388 1408 5
1388 640 1
1388 6253 5
1388 9644 2
1388 276 5
1388 5521 4
1388 728 3
1388 759 3
1388 3322 5
1388 6828 5
1388 10295 5
1388 3263 5
1388 3041 5
1388 5304 5
1388 712 3
1388 10151 4
1388 10296 5
1388 4703 5
1388 9159 5
1388 10297 5
1388 9981 3
1388 10298 3
1388 8326 5
1388 748 5
1388 10171 5
1388 9743 5
1388 803 5
1388 3781 5
1388 9773 4
1388 1518 4
1388 852 5
1388 1497 4
1388 9498 5
1389 5629 5
1389 7449 5
1389 2939 5
1389 3843 4
1389 309 5
1389 740 3
1389 9858 5
1389 759 1
1389 6932 5
1389 1583 5
1389 28 5
1389 10233 5
1389 1757 5
1389 775 3
1389 312 5
1389 1350 5
1389 9584 1
1389 731 5
1389 2611 4
1389 722 5
1389 801 5
1389 4715 2
1389 837 5
1389 1277 5
1389 1417 5
1389 2613 3
1389 1682 3
1389 704 3
1389 762 5
1389 1397 3
1389 4723 4
1389 3834 5
1389 823 5
1389 258 3
1389 1997 5
1389 832 5
1389 1241 5
1389 8378 5
1389 1263 5
1389 772 1
1389 1423 3
1389 308 5
1389 1395 5
1389 1394 4
1389 1393 3
1389 288 5
1389 741 3
1389 2340 4
1389 2701 5
1389 4325 3
1389 2425 5
1389 3263 3
1389 323 5
1389 1712 5
1389 857 5
1389 313 5
1389 196 5
1389 726 5
1389 211 3
1389 6478 5
1389 222 4
1389 280 4
1389 4259 2
1389 2413 5
1389 3853 5
1389 979 4
1389 3566 5
1389 3041 5
1389 9485 5
1389 7976 5
1389 901 2
1389 2716 5
1389 3032 5
1389 2616 5
1389 10299 4
1389 2730 5
1389 3774 1
1389 4735 1
1389 3625 5
1389 6551 5
1389 2639 5
1389 902 4
1389 904 3
1389 900 5
1389 2668 2
1389 3777 5
1389 3778 4
1390 8989 4
1390 8597 4
1390 10300 5
1390 734 5
1390 4079 3
1390 4009 5
1390 730 5
1390 3507 5
1390 1355 4
1390 677 5
1390 759 1
1390 4075 4
1390 3993 5
1390 305 5
1390 1850 5
1390 9548 3
1390 309 5
1390 268 5
1390 8983 5
1390 5275 5
1390 4984 5
1390 900 5
1390 991 5
1390 313 5
1390 824 5
1390 665 5
1390 5418 1
1390 10301 5
1390 2673 4
1390 8538 5
1390 9460 5
1390 10192 3
1390 5791 5
1390 9551 4
1390 780 4
1390 6939 3
1390 7551 5
1390 10302 4
1390 1728 5
1390 829 5
1390 4945 4
1390 1982 5
1390 1260 1
1390 1335 5
1390 1604 5
1390 800 2
1390 934 4
1390 5190 3
1390 5093 5
1390 4715 5
1390 1397 5
1390 832 5
1390 9392 4
1390 8021 5
1390 9336 2
1390 1391 5
1390 753 5
1390 1403 1
1390 7469 5
1390 7584 4
1390 3122 5
1390 735 5
1390 1374 5
1390 4801 4
1390 2153 5
1390 706 1
1390 762 5
1390 865 5
1390 258 5
1390 1275 5
1390 1412 5
1390 312 5
1390 7834 2
1390 1263 5
1390 4978 4
1390 211 5
1390 196 5
1390 751 5
1390 1408 5
1390 4689 5
1390 4917 5
1390 843 3
1390 728 5
1390 6456 5
1390 10303 5
1390 993 1
1390 6332 4
1391 3187 3
1391 1785 4
1391 8183 3
1391 10304 4
1391 7810 4
1391 6540 2
1391 6285 4
1391 6951 4
1391 7983 3
1391 3457 4
1391 3658 2
1391 10305 4
1391 2325 4
1391 5084 5
1391 8547 3
1391 4496 5
1391 10306 4
1391 1648 4
1391 1306 1
1391 3461 4
1391 5073 5
1391 673 3
1391 934 3
1391 276 3
1391 651 5
1391 3440 5
1391 829 5
1391 5797 3
1391 8940 5
1391 762 4
1391 699 4
1391 1278 4
1391 1501 4
1391 712 5
1391 323 5
1391 1982 2
1391 706 2
1391 258 2
1391 741 3
1391 5250 3
1391 4072 2
1391 710 1
1391 1361 4
1391 309 5
1391 853 4
1391 1738 4
1391 740 5
1391 8741 4
1391 1274 5
1391 1414 1
1391 6127 3
1391 738 4
1391 5349 5
1391 4984 3
1391 3555 1
1391 8560 5
1391 726 5
1391 8785 3
1391 1049 2
1391 843 1
1391 735 5
1391 3000 5
1391 312 5
1391 7850 4
1391 3123 5
1391 10307 3
1391 844 3
1391 1994 5
1391 739 5
1391 862 4
1391 751 1
1391 211 5
1391 901 4
1391 759 5
1391 7567 4
1391 7484 3
1391 1450 2
1391 1403 2
1391 766 4
1391 3469 4
1391 832 5
1391 8052 4
1391 895 5
1391 196 5
1391 8286 3
1391 10308 3
1391 3085 5
1391 704 3
1391 288 1
1391 1431 3
1391 4745 1
1391 1409 5
1391 8355 5
1391 3913 4
1392 4872 4
1392 4526 5
1392 5791 4
1392 10309 4
1392 762 5
1392 5185 4
1392 1767 5
1392 1359 5
1392 287 5
1392 985 5
1392 790 5
1392 1709 5
1392 5003 4
1392 10310 5
1392 842 5
1392 795 3
1392 4313 5
1392 802 4
1392 3100 5
1392 4628 5
1392 806 4
1392 5357 5
1392 1302 4
1392 704 5
1392 808 4
1392 4549 4
1392 832 5
1392 1619 5
1392 1003 4
1392 810 4
1392 3498 5
1392 756 3
1392 5041 5
1392 8873 4
1392 9491 5
1392 1526 4
1392 9459 5
1392 2745 4
1392 3606 5
1393 10311 4
1393 7957 4
1393 1940 5
1393 8215 5
1393 2259 4
1393 6711 5
1393 7093 5
1393 9806 4
1393 309 5
1393 4850 2
1393 10312 4
1393 4571 4
1393 4772 2
1393 5215 5
1393 9536 4
1393 10313 5
1393 5385 5
1393 10314 5
1393 1335 5
1393 761 5
1393 9976 4
1393 4105 5
1393 4506 5
1393 312 5
1393 2698 4
1393 2655 1
1393 4117 5
1393 154 5
1393 5215 5
1393 10315 5
1393 3354 5
1393 5109 5
1393 1332 3
1393 5766 4
1393 10316 4
1393 8630 5
1393 864 5
1393 3195 5
1393 1380 5
1393 5026 5
1393 258 5
1393 7241 5
1393 1709 5
1393 313 3
1393 4280 5
1393 3016 5
1393 751 1
1393 1395 5
1393 4945 5
1393 1374 3
1393 2048 5
1393 6367 5
1393 717 5
1393 824 5
1393 8151 5
1393 9515 5
1393 8198 4
1393 3923 5
1394 759 5
1394 6682 5
1394 1260 1
1394 728 5
1394 832 5
1394 825 2
1394 9665 4
1394 7336 5
1394 211 4
1394 8378 4
1394 258 4
1394 10317 5
1394 3768 5
1394 1403 1
1395 210 5
1395 762 3
1395 6977 4
1395 699 5
1395 1939 5
1395 312 5
1395 712 5
1395 4599 4
1395 196 5
1395 276 5
1395 1395 5
1395 804 3
1395 10318 5
1395 740 5
1395 8258 4
1395 309 5
1395 825 4
1395 738 1
1395 5122 1
1395 10319 5
1395 4496 5
1395 1408 5
1395 1275 1
1395 5538 5
1395 5608 5
1395 5850 5
1395 4942 4
1395 8130 5
1395 8199 5
1395 9578 5
1395 9795 5
1395 6141 4
1395 10320 4
1395 9515 4
1395 10321 5
1395 5213 5
1395 10322 4
1396 4970 5
1396 1747 3
1396 7754 4
1396 211 5
1396 4770 5
1396 1411 4
1396 5014 5
1396 5275 5
1396 5597 2
1396 9720 5
1396 3529 5
1396 9993 5
1396 2759 5
1397 2953 5
1397 1749 5
1397 832 5
1397 9600 5
1397 8092 5
1397 9604 5
1397 5148 5
1397 104 5
1397 772 5
1397 234 5
1397 312 5
1397 4142 5
1397 313 5
1397 5558 5
1397 9124 5
1397 6568 5
1397 1499 5
1398 3123 5
1398 792 5
1398 759 5
1398 288 5
1398 832 5
1398 751 5
1398 276 5
1398 3969 5
1398 762 5
1398 313 5
1398 1939 5
1398 7406 5
1398 5073 5
1398 323 5
1398 4297 5
1398 196 1
1398 772 1
1398 5038 5
1398 10323 5
1398 9786 5
1398 7560 5
1398 4262 5
1398 3553 5
1398 5561 4
1398 728 3
1398 925 5
1398 4088 5
1398 211 5
1398 3320 5
1398 3000 5
1398 9174 5
1399 2005 5
1399 1008 5
1399 862 5
1399 7040 5
1399 622 5
1400 1733 4
1400 762 2
1400 2706 1
1400 829 4
1400 728 4
1400 8416 5
1400 5999 2
1400 7803 5
1400 3834 5
1400 706 4
1400 4935 5
1400 1944 3
1400 1332 4
1400 1414 1
1401 610 5
1401 104 5
1401 4129 5
1401 9089 5
1401 7482 5
1401 7423 5
1401 6606 5
1401 1963 4
1401 7890 4
1401 1328 5
1401 8646 5
1401 1658 5
1401 7467 4
1401 6328 5
1401 9756 4
1401 704 5
1401 9698 4
1401 2970 4
1401 8303 5
1401 671 5
1401 6683 5
1401 291 5
1401 7121 5
1401 6379 4
1401 2976 4
1401 3109 5
1401 7493 5
1401 312 5
1401 1316 5
1401 276 5
1401 751 5
1401 7438 4
1401 6131 5
1401 5249 5
1401 278 5
1401 2996 5
1401 1944 5
1401 710 1
1401 3097 5
1401 309 5
1401 5731 4
1401 313 5
1401 257 5
1401 196 5
1401 690 5
1401 6708 5
1401 5657 5
1401 6100 4
1401 1727 5
1401 3617 5
1401 59 5
1401 4886 2
1401 5809 5
1401 3555 1
1401 164 5
1401 4521 5
1401 1263 5
1401 6215 4
1401 2655 5
1401 3112 5
1401 1350 5
1401 3263 5
1401 258 5
1401 3984 5
1401 8133 5
1401 10324 2
1401 832 5
1401 2967 5
1401 8513 5
1401 1767 5
1401 2950 4
1401 923 4
1401 5013 4
1401 1412 5
1401 8732 5
1401 693 5
1401 3198 5
1401 692 4
1401 3128 5
1401 233 5
1401 9052 5
1401 9463 5
1401 7440 5
1401 10119 5
1401 1742 5
1401 3602 5
1401 2969 5
1401 5676 5
1401 691 5
1401 875 5
1401 8974 5
1401 2266 5
1401 4297 3
1401 1060 5
1401 3869 5
1401 9535 5
1401 638 5
1401 3579 5
1401 10325 3
1401 4561 5
1401 919 5
1401 5539 5
1401 3748 5
1402 1263 5
1402 7640 4
1402 7409 5
1402 4510 4
1402 4434 4
1402 3017 4
1402 5812 3
1402 295 4
1402 4929 4
1402 5901 3
1402 8454 4
1402 8579 4
1402 9791 4
1402 4366 5
1402 9906 4
1402 8658 5
1402 10133 4
1402 10326 2
1402 1964 5
1402 1309 4
1402 8880 5
1402 610 1
1402 9518 5
1402 641 5
1402 217 1
1402 704 1
1402 1278 1
1402 4755 5
1402 6570 2
1402 728 1
1402 3495 4
1402 1331 5
1402 10327 5
1402 832 5
1402 3010 4
1402 10179 2
1402 9350 4
1402 4159 5
1402 3606 4
1402 4782 3
1402 4908 4
1402 934 4
1402 8474 1
1402 10328 4
1402 305 4
1402 4542 5
1402 5204 3
1402 312 5
1402 309 1
1402 2655 1
1402 740 1
1402 6711 4
1402 1392 4
1402 3230 5
1402 4320 5
1402 9184 5
1402 9524 5
1402 843 5
1402 128 5
1402 775 1
1402 7286 3
1402 6763 5
1402 1516 4
1402 902 5
1402 1350 5
1402 7559 4
1402 1923 5
1402 211 5
1402 10329 4
1402 751 1
1402 9460 5
1402 5267 4
1402 1682 5
1402 7430 3
1402 1767 5
1402 6805 2
1402 759 5
1402 9177 5
1402 5038 5
1402 824 5
1402 10330 5
1402 5799 4
1402 1412 5
1402 10331 5
1402 9360 1
1402 827 5
1402 980 5
1402 9686 4
1402 4923 5
1402 5797 4
1402 313 1
1402 1415 1
1402 226 4
1402 836 1
1402 1276 5
1402 1670 4
1402 1939 5
1402 3645 4
1402 2651 5
1403 2244 3
1403 3085 5
1403 759 5
1403 3146 5
1403 3499 5
1403 8931 5
1403 832 5
1403 749 5
1403 727 4
1403 1520 4
1403 830 4
1403 3590 5
1403 3000 5
1403 276 5
1403 574 5
1403 4514 4
1403 10332 5
1403 4538 5
1403 5615 5
1404 7577 3
1404 4673 2
1404 5340 3
1404 5520 5
1405 4091 5
1405 539 4
1405 217 3
1405 7710 2
1405 1301 5
1405 1278 4
1405 10164 2
1405 276 4
1405 712 4
1405 9059 5
1405 4552 4
1405 10209 5
1405 104 3
1405 211 4
1405 706 3
1405 732 3
1405 323 4
1405 741 4
1405 309 4
1405 309 3
1405 1403 2
1405 257 3
1405 313 3
1405 1366 4
1405 837 5
1405 4142 4
1405 728 5
1405 231 4
1405 5073 4
1405 4351 5
1405 6174 4
1405 722 5
1405 5437 3
1405 960 4
1405 1408 5
1405 7554 4
1405 1604 5
1405 824 5
1405 782 1
1405 9537 4
1405 808 3
1405 2655 3
1405 3868 4
1405 1335 3
1405 9980 5
1405 8219 5
1405 5615 5
1405 751 3
1405 9460 5
1405 802 4
1405 848 3
1405 5007 3
1405 850 4
1405 1518 4
1405 4146 4
1405 3520 4
1405 4952 4
1405 5771 4
1405 879 1
1405 574 1
1405 3000 5
1405 10333 2
1405 10334 3
1406 740 3
1406 713 1
1406 808 5
1406 1277 4
1406 8468 5
1406 287 4
1406 1682 3
1406 762 1
1406 6304 5
1406 837 5
1406 4956 5
1406 1275 4
1406 5772 5
1406 313 5
1406 732 5
1406 211 4
1406 6367 5
1407 10335 4
1407 10336 4
1407 3749 3
1407 5370 5
1407 758 4
1407 5606 5
1407 10032 2
1407 10337 5
1407 3776 5
1407 3947 5
1407 1099 4
1407 10338 3
1407 5597 5
1407 3913 4
1407 5112 5
1407 2095 5
1408 4421 5
1408 732 3
1408 3025 3
1408 323 5
1408 7734 5
1408 309 5
1408 3435 5
1408 740 5
1408 9798 5
1408 6059 5
1408 4397 4
1408 7030 2
1408 1315 4
1408 7569 5
1408 3270 5
1408 1395 5
1408 843 3
1408 777 4
1408 712 5
1408 8294 5
1408 312 5
1408 761 5
1408 7192 4
1408 1240 1
1408 9281 4
1408 8295 4
1408 3044 3
1408 5597 4
1408 104 3
1408 4201 5
1408 832 4
1408 808 4
1408 8745 4
1408 5442 5
1408 810 3
1408 1397 5
1408 2062 4
1408 258 3
1408 196 5
1408 10339 4
1408 1001 5
1408 5118 4
1408 728 5
1408 913 4
1408 1399 1
1408 9317 5
1408 879 1
1408 1029 5
1408 10340 4
1408 3446 5
1409 3264 5
1409 3037 4
1409 1707 1
1409 832 5
1409 2634 5
1409 2600 4
1409 4511 3
1409 7952 5
1409 5757 4
1409 313 5
1409 196 5
1409 772 5
1409 258 5
1409 3276 4
1409 740 5
1409 309 5
1409 288 5
1409 732 5
1409 739 5
1409 759 5
1409 792 5
1409 6968 4
1409 154 3
1409 1332 5
1409 3592 1
1409 4117 5
1409 1278 5
1409 712 5
1409 1989 5
1409 10215 5
1409 2305 4
1409 710 5
1409 4954 5
1409 10341 5
1409 8302 5
1409 4870 4
1409 104 1
1409 1201 5
1409 5249 5
1409 312 5
1409 4840 3
1409 305 5
1409 1637 5
1409 309 5
1409 10342 3
1409 2689 4
1409 5177 5
1409 753 5
1409 3354 5
1409 1370 5
1409 2987 3
1409 960 5
1409 3865 5
1409 5800 5
1409 3385 5
1409 761 5
1409 3044 5
1409 9665 4
1409 8313 5
1409 9528 4
1409 4597 3
1409 3108 3
1409 640 1
1409 867 5
1409 10343 5
1409 10344 5
1409 1466 5
1409 3761 4
1409 8514 4
1409 4216 5
1409 2655 1
1409 1387 5
1409 808 5
1409 966 5
1409 802 5
1409 1067 5
1409 3288 5
1409 810 5
1409 3556 5
1409 5549 4
1409 1277 5
1409 3388 4
1409 8309 3
1409 1035 4
1409 7748 4
1409 1275 1
1409 9684 5
1409 5506 5
1409 323 5
1409 1408 5
1409 1414 1
1409 751 1
1409 10345 4
1409 4598 5
1409 4914 3
1409 1054 4
1409 7664 5
1409 5640 1
1409 6193 4
1409 2323 5
1409 8336 4
1409 8168 2
1409 9575 5
1409 3252 5
1409 3702 5
1409 6511 4
1409 846 4
1409 1400 5
1409 3806 4
1409 954 5
1409 7664 5
1409 5645 4
1409 848 5
1409 3758 5
1409 8670 5
1409 3595 1
1409 10023 5
1409 9677 4
1409 3275 4
1409 484 4
1409 3890 5
1409 3623 5
1409 9671 5
1409 9096 5
1409 9288 5
1409 3620 2
1409 5891 5
1409 5841 5
1409 10129 5
1409 3717 4
1409 128 5
1409 1876 5
1409 1450 4
1409 4787 5
1409 10346 2
1409 10347 5
1409 4634 5
1410 8208 4
1410 9499 4
1410 8376 5
1410 3925 1
1410 751 1
1410 1675 5
1410 1275 1
1410 858 4
1410 829 3
1410 54 3
1410 5829 1
1410 5435 2
1410 9214 4
1410 323 5
1410 3585 4
1410 1441 3
1410 10180 3
1410 3563 3
1410 4932 1
1410 913 5
1410 10348 5
1410 1029 3
1410 65 5
1410 919 5
1410 897 3
1410 10349 3
1410 3064 5
1410 5292 5
1410 1513 1
1410 5822 5
1410 9287 5
1410 768 5
1410 920 2
1410 10021 1
1410 10350 5
1410 10351 5
1410 5985 5
1410 1497 5
1410 4426 5
1410 4667 5
1410 1052 4
1410 3884 5
1410 5539 5
1410 5546 4
1410 7596 2
1410 930 4
1410 2257 5
1411 829 5
1411 1278 5
1411 4117 5
1411 5831 3
1411 2091 4
1411 10352 5
1411 3077 2
1411 309 5
1411 740 5
1411 2005 5
1411 3986 4
1411 2088 5
1411 998 5
1411 4736 4
1411 3987 5
1411 4360 5
1411 1370 5
1411 7253 4
1411 6886 5
1411 10353 4
1411 762 5
1411 6075 4
1411 10354 2
1411 155 4
1411 1275 1
1411 2158 5
1411 7562 5
1411 6983 5
1411 8021 3
1411 7829 5
1411 3314 5
1411 1848 5
1411 917 5
1411 774 4
1411 787 4
1411 4772 3
1411 813 5
1411 4859 5
1411 1393 5
1411 791 4
1411 4874 4
1411 5248 4
1411 798 4
1411 3990 4
1411 934 5
1411 7981 4
1411 1316 5
1411 6980 4
1411 806 4
1411 8446 5
1411 4715 5
1411 7615 5
1411 833 3
1411 173 4
1411 1380 5
1411 9340 5
1411 5441 5
1411 832 5
1411 1709 5
1411 5613 5
1411 7898 4
1411 3123 5
1411 3083 4
1411 2732 5
1411 1767 5
1411 323 5
1411 1939 5
1411 1403 1
1411 5558 4
1411 7052 4
1411 3269 4
1411 3272 1
1411 2497 4
1412 113 5
1412 6351 4
1412 4634 5
1412 4723 2
1412 1332 5
1412 735 4
1412 751 2
1412 104 5
1412 759 5
1412 323 5
1412 5600 5
1412 726 5
1412 211 5
1412 10274 5
1412 8893 5
1412 790 5
1413 712 4
1413 4999 3
1413 2461 5
1413 313 3
1413 3895 5
1413 5249 4
1413 735 3
1413 6214 5
1413 792 3
1413 309 3
1413 6087 4
1413 309 3
1413 309 3
1413 1604 5
1413 4538 5
1413 104 4
1413 500 4
1413 5132 2
1413 757 4
1413 312 4
1413 10355 4
1413 1335 1
1413 3450 2
1413 9556 4
1413 1374 3
1413 2655 2
1413 722 5
1413 3449 4
1413 8194 4
1413 6834 5
1413 5615 5
1413 1387 5
1413 1274 5
1413 10356 4
1413 323 5
1413 1682 4
1413 9589 4
1413 1643 2
1413 704 2
1413 9364 5
1413 8570 4
1413 1275 1
1413 837 5
1413 196 1
1413 9183 5
1413 3209 5
1413 211 5
1413 6524 3
1414 4551 4
1414 801 5
1414 10357 5
1414 728 5
1414 3748 5
1414 1437 4
1414 830 5
1414 9159 4
1414 2158 5
1414 3000 5
1414 8434 5
1414 9233 5
1414 3263 5
1414 323 5
1414 1406 4
1414 1403 1
1414 7992 5
1414 1332 5
1414 6370 5
1414 1263 4
1414 3063 1
1414 944 1
1415 2932 2
1415 4156 5
1415 2649 2
1415 8266 4
1415 493 2
1415 3131 5
1415 4417 5
1415 312 5
1415 832 5
1415 740 5
1415 1377 3
1415 196 5
1415 2980 5
1415 773 2
1415 3046 5
1415 737 4
1415 3387 3
1415 1363 5
1415 9818 3
1415 4551 4
1415 2634 2
1415 5519 3
1415 9510 4
1415 5627 3
1415 807 2
1415 5704 1
1415 885 1
1415 4819 5
1415 3834 5
1415 843 5
1415 5214 3
1415 1520 1
1415 1084 1
1415 2695 1
1415 9535 1
1415 4738 1
1415 826 5
1415 1352 5
1415 9584 1
1415 722 5
1415 258 1
1415 792 1
1415 728 1
1415 10076 2
1415 3417 5
1415 842 5
1415 2714 1
1415 867 1
1415 8317 5
1415 2718 4
1415 10358 2
1415 742 1
1415 459 5
1415 2514 1
1415 10359 5
1415 2720 5
1415 2194 4
1415 904 3
1415 10360 4
1415 1469 5
1415 7978 5
1415 8843 5
1415 3778 1
1415 2670 3
1415 3146 2
1415 7319 5
1415 2730 5
1415 2380 5
1415 8242 3
1415 9140 5
1415 8028 2
1415 9138 5
1415 4949 2
1415 10361 4
1415 4210 3
1415 2590 5
1415 7711 5
1415 9142 5
1415 2713 5
1415 5192 5
1415 3457 4
1416 4192 5
1416 3555 3
1416 874 5
1416 4745 1
1416 1695 5
1416 6053 5
1416 3658 5
1416 3964 2
1416 1335 3
1416 1699 5
1416 6718 4
1416 7309 5
1416 7751 5
1416 10083 4
1416 5204 4
1416 829 3
1416 9722 4
1416 1372 1
1416 211 5
1416 1260 1
1416 128 5
1416 215 5
1416 10362 4
1416 5073 4
1416 705 5
1416 5087 5
1416 871 4
1416 7741 4
1416 3231 4
1416 5121 1
1416 2973 4
1416 726 5
1416 10363 5
1416 1411 4
1416 323 3
1416 2833 4
1416 8745 5
1416 1263 5
1416 312 4
1416 8103 5
1416 1395 3
1416 6370 5
1416 836 3
1416 792 3
1416 762 3
1416 9700 1
1416 10210 3
1416 766 5
1416 4072 1
1416 774 5
1416 8258 1
1416 747 5
1416 10186 5
1416 5110 4
1417 728 3
1417 678 3
1417 9354 5
1417 735 5
1417 712 2
1417 1939 5
1417 288 5
1417 872 5
1417 313 5
1417 1274 5
1417 5073 5
1417 3000 5
1417 5239 5
1417 5564 5
1417 7141 5
1417 5409 5
1417 5276 5
1417 9219 5
1417 3022 4
1417 187 5
1417 10364 5
1417 1476 1
1417 1443 5
1417 925 5
1417 9438 5
1417 3108 5
1417 3275 5
1417 877 5
1417 9855 5
1417 1515 5
1417 1503 5
1417 9322 5
1417 8506 5
1417 7072 5
1417 9644 5
1417 7274 5
1417 8513 5
1417 5733 5
1417 1042 5
1417 3943 5
1417 3571 5
1417 1509 4
1417 9088 5
1418 10365 5
1418 7550 5
1418 5350 5
1418 10280 4
1418 258 5
1418 5004 4
1418 1746 5
1418 8999 5
1418 1263 5
1418 120 5
1418 3659 5
1418 9840 5
1418 227 4
1418 1258 5
1418 1604 5
1418 5159 5
1418 3733 3
1418 1420 1
1418 706 5
1418 5248 4
1418 5791 5
1418 9423 5
1418 5226 3
1418 5797 5
1418 6364 5
1418 10366 5
1418 10367 5
1418 5253 5
1418 8661 1
1418 5537 5
1418 8911 5
1419 4483 5
1419 678 5
1419 843 5
1419 1395 1
1419 762 5
1419 309 5
1419 913 5
1419 3123 4
1419 6093 5
1419 9592 5
1419 732 5
1419 761 5
1419 832 5
1419 1277 5
1419 104 3
1419 772 5
1419 704 5
1419 3125 5
1419 8646 5
1419 258 3
1419 1332 4
1419 211 4
1419 323 5
1419 934 4
1419 881 3
1419 706 4
1419 3005 5
1419 5122 1
1419 3683 3
1419 276 5
1419 915 5
1419 312 5
1419 899 4
1419 10368 5
1419 304 4
1419 153 4
1419 4745 5
1419 4673 1
1419 7338 5
1419 1477 1
1419 3606 5
1419 1506 5
1419 1029 3
1419 4661 5
1419 8610 4
1419 4828 5
1419 977 5
1419 868 5
1419 4297 4
1419 10369 5
1419 4932 1
1419 640 1
1419 897 1
1420 5838 4
1420 7440 5
1420 10094 5
1420 6614 5
1420 1515 1
1420 6370 5
1420 975 1
1420 732 5
1420 10370 5
1420 5615 5
1420 1457 5
1420 8664 5
1420 5343 5
1421 6538 4
1421 1949 3
1421 9147 4
1421 1482 5
1421 1395 4
1421 673 4
1421 10371 5
1421 934 4
1421 10372 4
1421 8662 2
1421 8167 4
1421 1278 4
1421 5766 5
1421 312 3
1421 10373 5
1421 5153 1
1421 3082 5
1421 889 1
1421 751 3
1421 3608 5
1421 1274 5
1421 762 5
1421 9485 5
1421 309 5
1421 4904 4
1421 761 5
1421 327 4
1421 9415 4
1421 4932 1
1421 732 5
1421 3064 4
1421 4824 5
1421 4696 4
1421 9766 4
1421 5265 4
1421 710 5
1421 706 5
1421 8735 4
1421 196 5
1421 824 5
1421 28 5
1421 10374 5
1421 739 5
1421 741 4
1421 7486 3
1421 4193 4
1421 1960 4
1421 722 5
1421 258 4
1421 740 5
1421 7406 5
1421 5770 3
1421 4659 4
1421 184 4
1421 5083 4
1421 1939 5
1421 844 3
1421 10375 4
1421 4232 3
1421 8194 4
1421 3733 4
1421 10280 4
1421 1945 5
1421 832 5
1421 5777 4
1421 7577 5
1421 8871 4
1421 10376 4
1421 712 3
1421 7582 2
1421 3725 2
1421 863 2
1421 5092 4
1421 5615 5
1421 728 5
1421 704 2
1421 766 5
1421 288 5
1421 1277 5
1421 842 5
1421 3000 5
1421 2651 5
1421 6365 5
1421 829 5
1421 6664 2
1421 6182 4
1421 2340 2
1421 104 4
1421 4389 4
1421 284 4
1421 276 3
1421 8872 5
1421 8681 5
1421 881 5
1421 7556 3
1421 977 4
1421 10377 3
1421 10378 4
1422 4791 4
1422 4978 5
1422 1049 5
1422 3648 5
1422 10379 2
1422 6453 5
1422 6082 4
1422 4674 5
1422 4862 5
1422 726 5
1422 9627 5
1422 211 5
1422 4598 5
1422 6010 4
1422 10264 5
1422 6577 5
1422 7323 4
1422 10380 5
1422 2129 5
1422 3127 5
1423 4491 4
1423 8459 4
1423 3524 5
1423 10381 4
1423 4312 5
1423 3435 4
1423 738 5
1423 9371 5
1423 9621 4
1423 278 5
1423 5769 5
1423 900 5
1423 2758 4
1423 734 5
1423 211 5
1423 5201 3
1423 10339 4
1423 2013 3
1423 305 1
1423 1415 1
1423 309 5
1423 5019 4
1423 744 5
1423 313 5
1423 7016 4
1423 6182 5
1423 4901 4
1423 6073 5
1423 5116 5
1423 806 4
1423 5029 4
1423 1723 4
1423 5827 4
1423 4094 5
1423 4713 5
1423 832 4
1423 808 4
1423 5357 5
1423 9340 4
1423 276 5
1423 810 4
1423 1275 1
1423 5273 4
1423 1335 1
1423 5568 5
1423 728 3
1423 4542 5
1423 5548 4
1423 5163 5
1423 10382 4
1423 3594 4
1423 7264 5
1423 7687 5
1423 5284 5
1423 8287 5
1423 945 5
1423 8074 4
1423 3687 3
1423 4324 2
1423 7594 4
1423 189 5
1423 104 5
1423 4935 5
1423 5999 4
1423 3830 4
1423 5199 5
1423 4449 4
1423 9483 4
1423 712 5
1423 5840 5
1423 6707 4
1423 5842 5
1423 1403 1
1423 3660 5
1423 147 5
1423 9085 4
1423 1943 4
1423 10353 4
1423 5535 1
1423 10096 5
1423 3717 4
1423 1054 5
1423 5555 4
1423 696 5
1423 8902 4
1423 3422 5
1423 10383 5
1423 991 5
1423 3272 5
1423 5307 5
1423 3606 4
1423 10187 4
1423 9649 5
1423 5359 5
1423 9088 4
1423 5553 5
1423 8493 4
1423 3623 5
1423 3913 5
1424 650 5
1424 4496 5
1424 313 5
1424 3265 1
1424 5408 4
1424 1049 5
1424 896 5
1424 7046 3
1424 4560 4
1424 5592 5
1424 6638 3
1424 759 1
1424 734 5
1424 9735 4
1424 309 1
1424 740 1
1424 312 3
1424 712 5
1424 3060 5
1424 1414 1
1424 3596 5
1424 837 5
1424 2693 1
1424 5433 5
1424 323 5
1424 1277 5
1424 10384 2
1424 7196 5
1424 5504 5
1424 3428 2
1424 6651 3
1424 3716 5
1424 10385 4
1424 1441 2
1424 10386 5
1424 9488 4
1424 957 4
1424 10387 5
1424 10388 4
1424 7856 5
1424 8316 5
1424 3120 3
1424 2152 4
1424 4673 4
1424 5397 4
1424 3913 5
1424 4924 5
1424 10366 1
1424 1005 4
1424 5327 1
1424 5859 5
1424 4917 1
1424 3820 5
1424 4834 5
1425 156 5
1425 741 5
1425 288 5
1425 822 5
1425 1352 5
1425 5431 5
1425 5615 5
1425 10389 5
1425 860 5
1425 9611 5
1425 862 5
1425 5396 5
1425 8041 5
1425 770 5
1425 3987 5
1425 7039 4
1425 823 5
1425 753 5
1425 185 5
1425 146 5
1425 158 5
1425 9346 5
1425 5433 4
1425 4121 5
1425 258 5
1425 1029 5
1425 4002 3
1425 311 4
1425 1408 5
1425 1414 1
1425 2677 2
1425 9075 5
1425 6935 4
1425 864 5
1425 837 5
1425 4040 5
1425 4988 4
1425 802 4
1425 7930 5
1425 4675 5
1425 5608 5
1425 222 5
1425 8895 4
1425 1510 5
1425 3263 5
1425 9046 5
1425 6371 4
1425 749 5
1425 7215 5
1425 846 5
1425 3023 5
1425 953 5
1425 5120 5
1425 267 5
1425 839 5
1425 855 5
1425 588 4
1425 1466 5
1425 1351 1
1425 1467 3
1425 3010 5
1425 162 4
1425 6230 5
1425 237 4
1425 10390 5
1425 806 5
1425 9654 5
1425 7072 4
1425 2847 4
1425 3195 5
1425 6702 5
1425 6378 5
1425 2497 5
1425 7596 5
1425 9550 2
1425 954 5
1425 4212 5
1425 7664 4
1425 945 5
1425 3852 5
1425 5536 4
1425 2048 5
1425 9347 5
1425 10241 5
1425 10182 3
1425 8531 5
1425 8627 5
1425 9435 5
1426 2551 5
1426 9121 4
1426 2111 4
1426 2364 4
1426 8215 5
1426 6791 4
1426 2723 5
1426 1748 5
1426 2274 4
1426 1712 5
1426 4840 4
1426 6145 5
1426 288 1
1426 8847 5
1426 309 5
1426 9846 5
1426 713 1
1426 5163 5
1426 3264 5
1426 4394 3
1426 313 5
1426 7735 4
1426 5600 4
1426 4300 1
1426 837 5
1426 258 5
1426 1410 4
1426 2230 5
1426 7992 5
1426 4348 4
1426 1767 5
1426 8346 5
1426 9170 5
1426 1414 1
1426 3586 4
1426 1408 5
1426 104 5
1426 8518 5
1426 6075 4
1426 2727 5
1426 1395 5
1426 838 5
1426 196 1
1426 7491 4
1426 4988 5
1426 5981 5
1426 6215 3
1426 280 4
1426 955 5
1426 847 5
1426 5183 3
1426 7018 5
1426 6749 5
1427 8698 5
1427 8010 2
1427 309 5
1427 762 5
1427 305 5
1427 104 5
1427 772 5
1427 740 5
1427 706 5
1427 4557 5
1427 832 5
1427 258 5
1427 196 5
1427 313 5
1427 10391 5
1427 766 5
1427 323 5
1427 1275 5
1427 1724 5
1427 323 5
1427 759 5
1427 312 5
1427 1386 1
1427 211 5
1427 9803 4
1427 962 5
1427 9336 4
1427 4694 5
1427 10143 5
1427 5733 3
1427 9186 5
1427 10257 5
1427 2746 5
1427 5197 5
1428 704 1
1428 6275 5
1428 3554 5
1428 4242 4
1428 258 5
1428 3340 5
1428 6370 5
1428 1275 1
1428 1958 1
1428 1997 5
1428 717 5
1428 104 1
1428 5827 5
1428 723 4
1428 913 4
1428 824 3
1428 1414 3
1428 5839 5
1428 4758 1
1428 5593 3
1428 3605 5
1428 1395 5
1428 574 1
1428 762 5
1428 832 5
1428 7455 4
1428 48 5
1428 8169 3
1428 4932 1
1428 8640 4
1428 751 2
1428 738 5
1428 10392 1
1428 5254 1
1428 881 5
1428 1263 4
1428 9407 5
1428 732 1
1428 992 4
1428 9202 4
1428 4311 5
1428 8763 5
1428 1884 1
1428 4588 2
1428 10393 5
1428 852 5
1428 3951 2
1428 9311 5
1428 323 2
1428 8656 5
1428 5226 4
1428 4944 1
1428 1515 5
1428 5617 2
1428 10339 1
1428 10329 5
1428 9592 5
1428 9411 5
1428 10234 5
1428 3958 5
1428 8208 5
1428 5808 5
1428 3977 5
1429 762 1
1429 10045 3
1429 196 5
1429 258 5
1429 7550 4
1429 211 5
1430 750 5
1430 196 5
1430 741 5
1430 313 5
1430 323 5
1430 10084 5
1430 9468 5
1430 943 4
1430 4438 5
1430 3269 5
1430 925 5
1430 10180 3
1430 6621 5
1430 4304 5
1430 2923 5
1430 9411 3
1430 10394 5
1430 3900 5
1430 9040 5
1430 10395 5
1430 7207 5
1430 2901 5
1430 1040 5
1430 1513 1
1430 10300 5
1430 8681 1
1430 9659 5
1430 7470 5
1430 992 5
1430 4376 5
1430 4756 5
1430 9755 5
1430 3195 5
1430 4652 2
1430 8211 5
1430 1501 1
1430 3798 4
1430 4864 5
1430 10396 5
1430 717 5
1430 3024 5
1430 10397 5
1431 1294 5
1431 762 5
1431 1403 1
1431 8728 4
1431 217 5
1431 9485 5
1431 1278 5
1431 4755 5
1431 755 1
1431 313 5
1431 278 5
1431 309 5
1431 276 1
1431 6646 4
1431 738 5
1431 258 5
1431 766 5
1431 196 5
1431 1376 4
1431 4236 4
1431 148 3
1431 8637 4
1431 2655 1
1431 7710 4
1431 10087 3
1431 1472 5
1431 739 5
1431 7534 2
1431 832 5
1431 823 4
1431 1973 5
1431 312 5
1431 9474 4
1431 772 1
1431 10031 4
1431 1397 5
1431 716 4
1431 288 5
1431 574 1
1431 1412 5
1431 267 5
1431 1936 5
1431 837 5
1431 8601 5
1431 726 5
1431 3449 1
1431 1443 4
1431 3323 5
1431 1943 5
1431 10398 4
1431 10399 2
1431 8452 4
1431 1272 1
1431 4514 2
1431 2693 1
1431 7471 5
1431 4465 5
1431 4280 5
1431 2651 5
1431 7401 5
1431 5763 4
1431 5625 3
1431 9947 5
1431 965 5
1431 843 1
1431 990 4
1431 5163 3
1431 3263 5
1431 846 4
1431 323 5
1431 6060 5
1431 9447 3
1431 107 4
1431 728 5
1431 9483 4
1431 8493 4
1431 1961 3
1431 4594 5
1431 9667 5
1431 917 5
1431 640 1
1431 10400 3
1431 10327 5
1431 10401 5
1431 814 5
1431 909 1
1431 962 3
1431 910 3
1431 747 3
1431 900 5
1431 1067 4
1431 5550 2
1431 844 5
1431 5307 4
1431 1334 4
1431 1691 4
1431 10402 2
1431 1742 5
1431 7481 5
1431 3521 5
1431 10403 5
1431 5159 4
1431 3830 5
1431 2018 4
1431 6971 4
1431 888 4
1431 945 4
1431 901 4
1431 955 5
1431 5482 4
1431 9440 2
1431 9444 4
1431 5482 4
1431 10237 4
1431 10404 2
1431 4961 4
1431 3801 3
1431 978 4
1431 8384 3
1431 9422 4
1431 994 4
1431 1002 4
1431 4786 4
1431 5058 4
1431 10405 4
1431 3754 4
1431 10406 3
1431 1461 4
1431 10407 4
1431 10408 2
1431 4074 5
1431 5175 4
1431 4220 4
1431 868 4
1431 949 4
1431 537 4
1431 3686 4
1431 4935 5
1431 974 4
1431 4495 5
1431 9772 4
1431 3949 4
1431 5594 5
1431 10409 4
1431 10410 4
1431 7664 4
1431 4408 4
1431 5326 4
1431 10411 5
1431 8760 5
1431 952 4
1431 934 5
1431 992 3
1431 1006 5
1431 3114 5
1431 5448 2
1431 1513 5
1431 10412 4
1431 8464 5
1431 7589 4
1431 954 5
1431 5318 2
1431 3610 4
1431 10413 5
1431 239 4
1431 4198 5
1431 977 4
1431 934 4
1431 1960 4
1431 1365 5
1431 5473 3
1431 9617 4
1431 10414 5
1431 1491 5
1431 3908 4
1431 3949 4
1431 4358 4
1431 975 1
1431 327 4
1431 4275 5
1431 3762 4
1431 5183 3
1431 906 4
1431 6770 4
1431 1076 4
1431 8742 3
1431 970 3
1431 10415 4
1431 10287 4
1431 10268 4
1431 1048 4
1431 8499 2
1431 1450 4
1431 5633 4
1431 7504 5
1431 4634 5
1431 8362 4
1431 10416 5
1431 8493 5
1431 4673 4
1432 1974 1
1432 1277 5
1432 1982 5
1432 4463 5
1432 4618 5
1432 5156 5
1432 728 5
1432 726 5
1432 7491 3
1432 991 5
1432 1961 4
1432 8487 5
1432 860 5
1432 1506 5
1432 3820 5
1432 1452 5
1432 10412 4
1432 1802 5
1432 1020 4
1432 9789 4
1432 1510 5
1433 5183 1
1433 910 5
1433 9422 2
1433 5567 5
1433 5469 5
1433 10417 4
1433 2699 4
1433 1705 4
1433 2018 4
1433 10418 3
1433 5158 5
1433 9497 5
1433 105 5
1433 1241 5
1433 5480 4
1433 323 3
1433 8243 3
1433 10419 5
1433 5462 5
1433 5530 5
1433 448 2
1433 9100 5
1433 3324 5
1433 6669 5
1433 5170 2
1433 6654 1
1433 312 5
1433 327 2
1433 1081 4
1433 1076 1
1433 939 1
1433 739 5
1433 313 2
1433 6784 4
1433 9917 5
1433 5467 2
1433 9458 2
1433 1093 3
1433 4917 1
1433 5220 5
1433 6964 5
1433 1097 4
1433 10420 4
1433 10421 1
1433 9024 5
1433 3880 4
1433 10422 5
1433 846 4
1433 5377 5
1433 8299 3
1433 9912 5
1433 985 5
1433 2045 2
1433 1457 1
1433 8028 4
1433 10423 5
1433 5055 1
1433 3577 2
1433 4917 1
1433 3796 5
1433 9092 5
1433 8635 5
1433 7943 5
1433 1067 3
1433 5890 5
1433 9905 5
1433 7587 5
1433 10424 1
1433 10425 1
1433 1450 5
1434 4224 4
1434 1032 4
1434 7754 4
1434 5567 5
1434 5201 4
1434 2158 3
1434 1408 5
1434 5156 4
1434 323 3
1434 1067 5
1434 5403 5
1434 864 5
1434 5381 3
1434 3493 4
1434 10118 2
1434 10426 5
1434 4546 5
1434 10427 4
1434 3752 5
1434 1275 1
1434 4531 2
1434 5342 2
1434 5362 4
1434 766 3
1434 69 4
1434 759 5
1434 1995 2
1434 5467 2
1434 1419 1
1434 5223 5
1434 906 3
1434 1395 5
1434 10428 2
1434 306 4
1434 6676 1
1434 934 5
1434 4977 5
1434 4565 1
1434 10429 5
1434 1277 5
1434 10430 4
1434 10431 4
1434 105 5
1434 7559 1
1434 313 1
1434 312 5
1434 327 3
1434 4634 4
1434 10432 5
1434 5553 4
1434 8756 4
1434 992 3
1434 993 5
1434 3796 5
1434 222 5
1434 10095 1
1434 10433 3
1434 1410 4
1434 7943 5
1434 10434 1
1434 5511 1
1434 846 2
1434 1450 4
1434 10435 5
1434 6964 4
1434 6584 5
1434 10417 4
1434 3606 5
1434 258 5
1434 5391 4
1434 276 4
1434 8484 5
1434 196 4
1434 5402 4
1434 832 1
1434 6601 4
1434 9857 4
1434 10436 5
1434 4834 5
1434 9672 4
1434 5347 3
1434 5360 5
1434 1337 4
1434 9726 5
1434 5474 5
1434 10437 4
1435 3692 5
1435 6614 4
1435 8764 4
1435 9204 4
1435 4265 5
1435 728 5
1435 6148 3
1435 6198 2
1435 5214 4
1435 153 3
1435 2827 5
1435 3146 5
1435 3375 4
1435 2942 5
1435 7524 4
1435 5035 4
1435 1764 4
1435 7632 4
1435 3575 5
1435 9380 4
1435 280 5
1435 4883 4
1435 9396 5
1435 3735 4
1435 95 5
1435 2683 4
1435 3146 5
1435 7430 3
1435 5734 5
1435 8714 2
1435 10438 5
1435 10439 4
1435 10440 3
1435 10441 4
1435 4305 2
1435 20 4
1435 7302 4
1435 10442 4
1435 169 4
1435 985 4
1435 5801 5
1435 8829 5
1435 254 5
1435 2737 4
1435 3111 4
1435 5443 4
1435 9512 5
1435 8290 4
1435 1293 4
1435 5359 4
1435 991 4
1435 211 5
1435 1484 4
1435 3593 2
1435 1757 5
1435 4631 4
1435 4531 4
1435 2266 2
1435 1509 4
1435 3881 4
1435 10443 4
1435 5561 5
1435 10444 3
1435 10445 3
1435 4183 3
1435 7567 4
1435 10446 3
1435 165 4
1435 6792 3
1435 807 3
1435 2244 4
1435 806 5
1435 3658 4
1435 6139 4
1435 10447 4
1435 2728 4
1435 6814 5
1435 7750 4
1435 3606 2
1435 318 5
1435 8726 4
1435 10448 4
1435 2725 2
1435 712 5
1435 3288 4
1435 10011 5
1435 9461 5
1435 9380 4
1435 823 4
1435 151 4
1435 5204 4
1435 3480 4
1435 221 5
1435 3885 4
1435 6651 4
1435 9803 4
1435 6643 3
1435 3910 4
1435 10449 4
1435 4558 3
1435 1753 5
1435 3498 5
1435 10450 4
1435 105 4
1435 6562 4
1435 4984 4
1435 9613 3
1435 1776 5
1435 8598 3
1435 3786 4
1435 188 4
1435 2754 4
1435 2151 4
1435 2691 4
1435 3601 4
1435 5216 3
1435 3126 5
1435 7773 4
1435 1435 4
1435 1747 4
1435 2755 5
1435 4721 4
1435 10451 5
1435 2851 5
1435 1383 4
1435 1334 4
1435 6001 2
1435 1439 4
1435 3445 3
1435 10452 4
1435 10453 4
1435 4137 4
1435 4882 4
1435 10227 4
1435 5492 5
1435 10454 4
1435 8719 4
1435 5279 4
1435 9946 4
1435 8491 3
1435 10455 4
1435 3156 4
1435 4920 4
1435 10254 4
1435 5070 4
1435 5520 4
1435 8786 4
1435 8915 5
1435 10118 5
1435 9064 4
1435 1441 2
1435 10456 4
1435 9491 4
1435 4394 4
1435 638 4
1435 10457 4
1435 6035 4
1435 9214 5
1435 6777 3
1435 10458 4
1435 228 5
1435 10459 5
1435 6947 4
1435 3329 4
1435 3796 4
1435 8432 3
1435 10424 2
1435 10460 4
1435 10461 2
1435 2712 3
1435 9135 2
1435 10462 5
1435 5126 4
1435 1083 3
1435 3773 4
1435 863 2
1435 3478 4
1435 9450 4
1435 10463 4
1435 3032 5
1435 4559 4
1435 2093 4
1435 8820 4
1435 4203 4
1435 277 4
1435 10464 4
1435 6183 3
1435 5464 2
1435 7263 4
1435 8586 4
1435 9665 3
1435 8732 2
1435 3106 4
1435 3617 4
1435 5933 4
1435 10465 4
1435 10435 4
1435 7888 4
1435 3830 4
1435 5749 4
1435 3777 3
1435 4787 5
1435 10466 3
1435 10200 4
1435 3151 3
1435 925 4
1435 9176 4
1435 10467 4
1435 1094 5
1435 10236 5
1435 10468 4
1435 9603 4
1435 3521 4
1435 10469 4
1435 913 5
1435 5525 3
1435 10470 4
1435 4561 4
1435 10471 2
1435 1466 4
1435 3195 4
1435 10472 3
1435 1457 2
1435 5494 4
1435 10331 4
1435 5851 4
1435 1492 4
1435 5658 5
1435 10330 3
1435 5549 2
1435 6971 4
1435 10473 2
1435 5763 3
1435 6138 3
1435 10474 5
1435 10475 3
1435 10476 3
1435 4842 5
1435 3810 5
1435 7558 4
1435 5401 5
1435 1361 4
1435 5381 3
1435 771 1
1435 7504 5
1435 2395 4
1435 3762 4
1435 1062 4
1435 5362 4
1435 1464 3
1435 7045 5
1435 3352 5
1435 3718 4
1435 3799 4
1435 5782 3
1435 3398 4
1435 10477 4
1435 4872 4
1435 4630 4
1435 10478 4
1435 9826 5
1435 10479 4
1435 5473 4
1435 10480 4
1435 4690 4
1435 964 2
1435 10481 4
1435 10482 3
1435 994 3
1435 10483 3
1435 963 5
1435 8477 4
1435 9866 4
1435 5288 4
1435 10437 4
1435 1426 3
1435 9857 2
1435 10202 4
1435 5302 3
1435 10484 4
1435 10427 4
1435 10485 4
1435 5223 4
1435 10459 5
1435 10486 4
1435 5403 5
1435 10432 4
1435 10487 2
1435 7579 4
1435 5042 5
1435 10488 3
1435 7902 4
1435 6543 5
1435 5347 4
1435 4277 3
1435 6601 4
1435 6576 4
1435 3749 4
1435 3760 3
1435 6664 3
1435 5400 4
1435 6707 4
1435 1048 4
1435 1028 5
1435 4673 3
1435 3579 5
1435 363 5
1435 10489 3
1435 1493 5
1435 95 5
1435 8313 4
1435 56 5
1435 1084 4
1435 9741 3
1435 10082 3
1435 1791 5
1435 10490 3
1435 9949 2
1435 3810 5
1435 1098 3
1435 8216 5
1435 2263 4
1435 9133 4
1435 8310 5
1435 9134 5
1435 9923 4
1435 2380 4
1435 8835 4
1435 952 3
1435 2722 3
1435 10491 4
1435 992 3
1435 1365 5
1435 10492 4
1435 1052 2
1435 8500 1
1435 4634 5
1435 5368 5
1435 1463 5
1435 1438 4
1435 1329 5
1435 901 4
1435 814 5
1435 900 5
1435 3954 4
1435 4673 1
1435 934 4
1435 3852 2
1435 4135 4
1435 1618 2
1435 5585 3
1435 10058 5
1435 10493 3
1435 3801 5
1435 2639 5
1435 1513 4
1435 7483 4
1435 3913 5
1435 10494 5
1435 10495 2
1435 10412 4
1435 974 3
1435 892 4
1435 3152 4
1435 9487 4
1435 10496 3
1435 7505 2
1435 4561 3
1435 3884 3
1435 3800 3
1435 6151 3
1435 5058 2
1435 2363 4
1435 1462 4
1435 1080 3
1435 906 3
1435 9948 3
1435 1067 3
1435 3887 2
1435 10459 5
1435 10497 4
1435 9740 3
1435 966 4
1435 3915 4
1435 1333 4
1435 1067 4
1435 9952 4
1435 4152 4
1435 10498 4
1435 9834 4
1435 9491 4
1435 5467 3
1435 5003 4
1435 1474 4
1435 4784 3
1435 5494 4
1435 1959 4
1435 5833 4
1435 8906 3
1435 3469 3
1435 8033 3
1435 3275 4
1435 1099 4
1435 10058 4
1435 10499 3
1435 8359 3
1435 7342 2
1435 4881 3
1435 1067 3
1435 5402 3
1435 10497 4
1435 10500 3
1435 10501 4
1435 5390 3
1435 1344 4
1435 10502 4
1435 5375 3
1435 10433 3
1435 8285 3
1435 3853 4
1435 1082 5
1435 10503 3
1435 1082 3
1435 3444 3
1435 5835 3
1435 9666 4
1435 2206 5
1435 943 4
1435 10504 4
1435 10434 2
1435 5401 4
1435 10428 3
1435 5343 4
1435 5394 4
1435 5370 4
1435 3948 4
1435 10505 3
1435 6595 3
1435 1067 3
1435 8777 4
1435 10506 4
1435 8573 5
1435 3315 3
1435 8747 3
1435 1949 4
1435 9487 4
1435 10507 4
1435 10508 4
1435 1082 5
1435 10509 3
1435 10510 4
1435 10511 3
1435 3887 3
1435 3621 4
1435 8322 4
1435 7505 3
1435 1067 3
1435 9829 4
1435 5318 3
1435 8926 4
1435 10512 4
1435 5393 4
1435 1067 3
1435 3801 4
1435 2174 5
1435 6039 5
1435 5229 4
1435 10459 5
1435 4261 5
1436 8622 5
1436 1867 5
1436 893 4
1436 7745 3
1436 2142 4
1436 8880 4
1436 4990 5
1436 2409 5
1436 744 4
1436 8816 5
1436 3265 5
1436 4029 5
1436 4454 4
1436 1278 5
1436 2088 4
1436 838 4
1436 105 5
1436 6075 3
1436 2751 5
1436 780 2
1436 5613 4
1436 10354 5
1436 9297 4
1436 705 5
1436 802 5
1436 251 3
1436 1371 5
1436 3606 5
1436 5548 5
1436 1316 5
1436 9199 4
1436 308 5
1436 4978 4
1436 9461 3
1436 2145 5
1436 1263 5
1436 5599 4
1436 772 1
1436 1767 5
1436 4324 4
1436 4012 4
1436 2029 4
1436 122 3
1436 188 5
1436 1682 2
1436 1415 1
1436 9839 4
1436 34 5
1436 1325 3
1436 24 5
1436 713 1
1436 1260 1
1436 712 5
1436 3666 4
1436 257 4
1436 1998 1
1436 5154 3
1436 1067 4
1436 3123 5
1436 3556 5
1436 7582 3
1436 824 5
1436 1275 1
1436 5620 3
1436 8008 5
1436 5772 4
1436 1414 1
1436 1408 5
1436 874 3
1436 810 5
1436 9443 3
1436 1740 4
1436 287 4
1436 10513 4
1436 762 5
1436 3476 5
1436 10514 3
1436 1039 4
1436 10515 4
1436 7593 5
1436 211 5
1436 2095 4
1436 7608 4
1436 323 5
1436 855 5
1436 3608 1
1436 10516 5
1436 276 5
1436 934 4
1436 7885 4
1436 8988 5
1436 589 5
1436 3303 5
1436 6080 5
1436 1928 5
1436 868 4
1436 846 4
1436 10026 4
1436 9214 4
1436 10180 5
1436 4439 5
1436 10286 4
1436 5409 4
1436 9043 5
1436 10364 5
1436 3272 2
1437 3216 4
1437 6434 2
1437 3571 2
1437 5108 2
1437 4510 5
1437 10517 5
1437 211 5
1437 6336 4
1437 7322 5
1437 297 4
1437 9405 4
1438 3557 5
1438 182 5
1438 2431 5
1438 288 4
1438 28 5
1438 728 3
1438 8378 5
1438 312 5
1438 792 5
1438 306 5
1438 2145 5
1438 211 2
1438 7052 5
1438 842 3
1438 6019 1
1438 10518 4
1438 5380 5
1438 10519 2
1438 9438 5
1438 5663 3
1439 6093 5
1439 6513 5
1439 640 3
1439 4932 1
1439 8027 5
1439 10131 4
1439 5567 5
1439 5409 5
1439 8224 4
1439 4919 5
1439 5220 4
1439 5488 5
1439 867 4
1439 3136 5
1439 909 1
1439 875 5
1439 5092 5
1439 10128 5
1439 5284 5
1439 9900 3
1439 2494 5
1439 4642 5
1439 1485 5
1439 5007 5
1439 891 5
1439 8563 5
1439 5003 5
1439 5479 5
1439 7141 5
1439 907 5
1439 1032 5
1439 5466 5
1439 4135 5
1439 4305 5
1439 923 5
1439 924 5
1439 1092 5
1439 900 5
1439 1058 5
1439 3935 5
1439 885 5
1439 946 5
1439 979 5
1439 978 5
1439 184 5
1439 10483 5
1439 3944 5
1439 8362 5
1439 8500 5
1439 10520 5
1439 994 4
1439 1048 5
1439 5605 4
1439 1501 1
1439 10521 4
1439 9678 5
1439 4056 5
1439 10522 5
1439 10118 5
1439 10451 5
1439 5042 4
1439 9740 5
1439 5564 5
1439 1469 5
1439 992 5
1439 8888 5
1439 3138 5
1439 10523 3
1439 858 5
1439 3799 5
1439 1515 5
1439 638 5
1439 9207 5
1439 5654 5
1439 6784 5
1439 5300 5
1439 1020 5
1439 1022 5
1439 6764 5
1440 8091 4
1440 5443 5
1440 2697 4
1440 753 5
1440 4925 5
1440 1003 2
1440 7976 4
1440 3615 3
1440 4932 1
1440 2305 5
1440 1643 3
1440 7006 4
1440 836 1
1440 710 3
1440 239 5
1440 759 3
1440 3605 4
1440 1277 5
1440 9685 5
1440 104 2
1440 2705 5
1440 1420 4
1440 211 5
1440 1509 3
1440 3837 4
1440 276 5
1440 4374 5
1440 3625 4
1440 5930 5
1440 2755 5
1440 9485 5
1440 732 5
1440 9933 5
1440 8384 1
1440 772 2
1440 1042 5
1440 9820 5
1440 1476 1
1440 323 3
1440 8641 4
1440 9741 4
1440 1444 1
1440 4203 5
1440 10317 4
1440 9930 5
1440 1443 3
1440 3422 5
1440 1407 5
1440 574 1
1440 4627 5
1440 4272 4
1440 2281 5
1440 8835 5
1440 3771 5
1440 4547 5
1440 8835 5
1440 9443 4
1440 1518 5
1440 1067 3
1440 389 5
1440 975 2
1440 10414 5
1440 6664 2
1440 2689 4
1440 3852 4
1440 2726 5
1440 10524 1
1440 934 5
1440 10222 5
1440 6618 5
1440 10525 5
1440 2722 5
1440 3949 2
1440 2730 5
1440 10342 2
1440 10526 5
1440 9587 4
1440 1049 5
1440 638 5
1440 3614 5
1440 9635 5
1440 3951 3
1440 10527 4
1440 8428 5
1440 10366 2
1441 706 5
1441 843 5
1441 3578 5
1441 801 5
1441 704 5
1441 832 5
1441 2744 5
1441 196 5
1441 6059 5
1441 9713 5
1441 5566 3
1441 1767 5
1441 1325 5
1441 5037 5
1441 1399 5
1441 4946 5
1441 824 5
1441 1275 1
1441 1768 5
1441 328 5
1441 128 5
1441 3666 5
1441 286 5
1441 10085 5
1441 1414 1
1441 1408 5
1441 859 2
1441 1263 5
1441 837 5
1441 759 3
1441 7770 5
1441 852 5
1441 6453 5
1441 211 5
1441 148 5
1441 312 1
1441 5806 5
1441 6076 4
1441 5262 5
1441 3008 5
1441 233 4
1441 9471 5
1441 5819 5
1441 9702 4
1441 1691 5
1441 5313 5
1441 8490 4
1441 315 5
1441 762 5
1441 3964 3
1441 288 2
1441 5236 5
1441 6907 5
1441 6760 3
1441 3272 1
1441 2089 1
1441 3716 5
1441 3683 5
1441 6673 3
1441 1371 5
1441 840 5
1441 6884 5
1441 277 5
1441 5539 4
1442 288 4
1442 1384 5
1442 5632 5
1442 6363 5
1442 792 1
1442 1376 4
1442 4074 4
1442 104 1
1442 3715 5
1442 3493 5
1442 3930 5
1442 258 5
1442 312 4
1442 438 5
1442 832 5
1442 211 4
1442 1994 5
1442 9167 5
1442 5127 3
1442 1715 4
1442 6586 5
1442 6283 5
1442 313 2
1442 739 4
1442 4644 4
1442 944 5
1442 706 4
1442 3123 4
1442 1330 4
1442 5730 5
1442 4467 5
1442 766 4
1442 8286 4
1442 10465 4
1442 759 5
1442 10528 4
1442 5084 5
1442 3658 4
1442 5241 5
1442 276 1
1442 1458 5
1442 9602 5
1442 9163 5
1442 3796 5
1442 10529 5
1442 934 4
1442 844 2
1442 6215 5
1442 574 1
1442 900 5
1442 5351 5
1442 4722 5
1442 979 4
1442 5659 3
1442 3567 5
1442 4646 5
1442 3858 4
1442 10530 5
1442 10531 5
1442 9772 5
1442 3849 4
1442 3791 5
1442 10532 2
1442 9210 4
1442 5291 4
1442 3938 4
1442 5323 1
1443 3606 5
1443 10533 1
1443 1876 4
1443 5473 3
1443 7113 5
1443 862 5
1443 5220 4
1443 7716 4
1443 919 5
1443 954 4
1443 4218 1
1443 2404 1
1443 3138 4
1443 4787 5
1443 3444 5
1443 5467 4
1444 10371 5
1444 694 5
1444 686 4
1444 5251 5
1444 4439 4
1444 210 5
1444 222 5
1444 4781 5
1444 1278 5
1444 4552 5
1444 4318 5
1444 4226 5
1444 2495 4
1444 1382 4
1444 3555 2
1444 4371 5
1444 9713 4
1444 3103 5
1444 4681 5
1444 825 4
1444 10209 5
1444 2461 5
1444 725 4
1444 5026 4
1444 7196 5
1444 9404 5
1444 4642 4
1444 5925 5
1444 4782 5
1444 1403 1
1444 824 5
1444 2938 5
1444 154 5
1444 8448 5
1444 5149 5
1444 269 5
1444 305 5
1444 10534 5
1444 5590 5
1444 4294 5
1444 206 5
1444 4454 4
1444 5591 5
1444 5879 5
1444 5592 5
1444 10535 5
1444 129 5
1444 786 5
1444 4417 5
1444 48 3
1444 10354 5
1444 9468 5
1444 1338 3
1444 1386 5
1444 1419 1
1444 4802 5
1444 773 5
1444 5815 4
1444 312 1
1444 4140 3
1444 118 5
1444 775 5
1444 104 5
1444 4634 4
1444 3450 4
1444 4048 2
1444 4201 5
1444 4864 5
1444 9287 2
1444 7526 5
1444 10536 3
1444 4880 5
1444 4658 5
1444 1387 3
1444 3024 4
1444 8323 5
1444 20 5
1444 3418 5
1444 1374 3
1444 8656 5
1444 10537 5
1444 1350 5
1444 4427 5
1444 4895 5
1444 4863 5
1444 9798 4
1444 8524 4
1444 9591 4
1444 4795 4
1444 1403 2
1444 2142 3
1444 6590 5
1444 3888 2
1444 6059 5
1444 2244 5
1444 134 5
1444 7977 5
1444 10538 5
1444 46 5
1444 7992 4
1444 9177 5
1444 3833 5
1444 8957 5
1444 4436 3
1444 8146 4
1444 9716 5
1444 882 5
1444 211 5
1444 1414 1
1444 4280 5
1444 306 5
1444 4277 2
1444 726 5
1444 1583 4
1444 716 5
1444 8071 4
1444 713 2
1444 7759 3
1444 77 5
1444 5504 5
1444 9499 4
1444 4105 5
1444 836 1
1444 1894 4
1444 395 5
1444 148 4
1444 171 5
1444 254 4
1444 5344 2
1444 4733 5
1444 4598 5
1444 10086 5
1444 3063 5
1444 5350 5
1444 4808 5
1444 3666 5
1444 5014 4
1444 916 4
1444 3869 3
1444 10065 5
1444 1510 5
1444 766 5
1444 839 5
1444 5615 5
1444 6882 4
1444 2018 3
1444 4079 3
1444 196 5
1444 2493 4
1444 759 5
1444 832 5
1444 7499 5
1444 4975 5
1444 237 2
1444 6664 1
1444 2908 5
1444 2158 5
1444 4513 5
1444 10532 3
1444 4652 1
1444 270 5
1444 10539 5
1444 4514 5
1444 4346 5
1444 288 5
1444 10540 4
1444 855 5
1444 5486 4
1444 3420 5
1444 115 5
1444 8375 5
1444 3605 5
1444 860 5
1444 862 4
1444 10350 5
1444 7314 5
1444 7309 5
1444 706 4
1444 5275 5
1444 867 5
1444 9435 4
1444 2755 1
1444 9973 5
1444 308 5
1444 7497 3
1444 8560 5
1444 8355 5
1444 4221 5
1444 7578 5
1444 9763 1
1444 7401 5
1444 3566 5
1444 925 4
1444 992 5
1444 8389 5
1444 9712 3
1444 10525 5
1444 830 5
1444 5139 5
1444 9966 5
1444 3656 5
1444 889 2
1444 3459 4
1444 1047 4
1444 3627 2
1444 8808 5
1444 979 5
1444 574 5
1444 2194 5
1444 896 5
1444 3702 3
1444 8898 5
1444 643 2
1444 884 5
1444 902 5
1444 4170 5
1444 913 5
1444 8654 4
1444 1443 4
1444 10541 4
1444 10542 4
1444 9395 5
1444 747 5
1444 4275 4
1444 2642 5
1444 5481 5
1444 4653 5
1444 9650 4
1444 3778 2
1444 7831 4
1444 2670 3
1444 9781 5
1444 7382 3
1444 1365 4
1444 8088 5
1444 951 5
1444 568 5
1444 8054 4
1444 10205 5
1444 5239 5
1444 2257 5
1444 3875 3
1444 3151 3
1444 9437 2
1444 4958 3
1444 980 3
1444 298 5
1444 4045 5
1444 50 4
1444 52 5
1444 10543 5
1445 9815 3
1445 1142 4
1445 6755 4
1445 4837 5
1445 579 5
1445 1160 4
1445 2242 1
1445 3774 5
1445 365 3
1445 8266 5
1445 5741 4
1445 252 2
1445 270 4
1445 7440 4
1445 4144 3
1445 3112 5
1445 136 5
1445 6523 4
1445 169 4
1445 8448 5
1445 1371 4
1445 3023 4
1445 9019 2
1445 10544 4
1445 8223 1
1445 9309 5
1445 6774 3
1445 9901 4
1445 2613 3
1445 8926 5
1445 9940 2
1445 9583 4
1445 3138 5
1445 10545 3
1445 2749 5
1445 9797 5
1445 10258 4
1445 10546 4
1445 8370 4
1445 10256 4
1445 10547 4
1446 766 5
1446 967 3
1446 867 5
1446 728 5
1446 704 5
1446 10087 3
1447 5422 3
1447 3702 4
1447 573 5
1447 747 5
1447 5660 5
1447 10548 4
1447 10549 5
1447 7507 5
1447 10550 3
1447 1494 1
1447 934 4
1447 2986 5
1447 10197 5
1447 10551 5
1447 10552 4
1447 954 4
1447 8974 4
1447 952 2
1447 3942 4
1447 3469 2
1447 1011 2
1447 8729 5
1447 10488 3
1447 9236 4
1447 9844 4
1447 8428 5
1447 8445 5
1447 8722 3
1447 3521 5
1447 5080 4
1447 3935 2
1447 1524 4
1447 9617 4
1447 2749 5
1447 5318 1
1447 8700 2
1447 3581 5
1447 4850 5
1448 1277 5
1448 740 1
1448 3322 5
1448 10422 5
1448 411 5
1448 5811 5
1448 222 5
1448 2417 1
1448 1024 4
1448 732 5
1448 3191 5
1448 8662 5
1448 59 5
1448 1348 5
1448 3107 5
1448 10553 5
1448 843 5
1448 1439 5
1448 728 5
1448 276 5
1448 979 2
1448 10106 3
1448 3590 5
1448 3041 5
1448 104 1
1448 706 3
1448 10321 4
1448 10554 4
1448 10555 3
1448 3869 4
1448 872 5
1448 10475 1
1448 5811 5
1448 3840 1
1448 2698 5
1448 3627 2
1448 3108 5
1448 10556 5
1448 1441 3
1448 10557 5
1448 1329 5
1448 3562 5
1448 8641 5
1448 1461 2
1448 1446 5
1448 2718 5
1448 814 5
1448 978 5
1448 7535 5
1448 7535 5
1448 917 5
1448 3469 2
1448 4084 5
1448 3566 5
1448 3595 1
1448 1458 5
1448 10466 5
1448 10558 5
1448 3275 5
1448 10559 5
1448 954 5
1448 9465 4
1448 934 4
1448 10560 4
1448 9990 5
1448 7559 1
1448 2608 4
1448 9021 5
1448 8372 5
1448 7475 5
1448 5584 2
1448 933 4
1448 5228 2
1448 3795 4
1448 10561 3
1448 3680 2
1448 952 2
1448 10562 2
1448 10563 2
1448 1097 1
1448 1067 5
1448 10377 3
1448 2916 4
1448 10537 5
1448 2966 5
1448 10564 5
1448 8482 5
1448 8945 5
1448 9241 5
1448 9240 4
1448 2713 5
1448 2652 5
1448 2652 5
1448 6969 5
1448 1091 5
1448 102 5
1448 3932 5
1448 10565 4
1448 10565 5
1448 10565 4
1448 10565 5
1448 9617 5
1448 9617 5
1448 10566 3
1448 2152 2
1448 8753 5
1448 6946 5
1448 6946 4
1448 1467 4
1448 3985 5
1448 4275 1
1448 5058 1
1448 1526 5
1448 1503 5
1448 9775 4
1448 1515 1
1449 1331 5
1449 43 5
1449 9537 3
1449 10514 4
1449 4681 4
1449 5275 4
1449 309 5
1449 313 4
1449 276 1
1449 2978 3
1449 4040 5
1449 7947 3
1449 852 4
1449 4343 5
1449 5535 4
1449 288 5
1449 3564 5
1449 7342 5
1449 869 5
1449 8193 4
1449 751 5
1449 759 5
1449 834 4
1449 5075 4
1449 3550 5
1449 1277 5
1449 1978 5
1449 774 5
1449 9406 5
1449 2651 5
1449 849 5
1449 10026 5
1449 10567 5
1449 10125 2
1449 8513 5
1449 4897 3
1449 795 5
1449 3651 5
1449 10568 5
1449 7742 4
1449 9210 4
1449 8472 4
1449 1411 4
1449 6966 4
1449 8742 4
1449 2078 4
1449 5550 3
1449 4828 5
1449 3739 5
1449 3393 5
1449 5127 5
1449 1389 4
1449 847 5
1449 8028 4
1449 5384 3
1449 1494 4
1449 934 4
1449 9368 4
1449 5733 3
1449 923 2
1449 4649 3
1449 4438 4
1449 783 5
1449 4933 5
1449 752 5
1449 4829 4
1449 5564 5
1449 9299 5
1449 1753 5
1449 3934 4
1449 8652 2
1449 10104 4
1449 4005 4
1449 943 3
1449 8496 4
1449 978 3
1449 9771 5
1449 9644 2
1449 7572 4
1449 9231 5
1449 1334 5
1449 9263 5
1449 10569 4
1449 3717 3
1449 3715 5
1449 3766 4
1449 4239 4
1449 7274 5
1449 934 4
1449 8124 4
1449 3783 3
1449 6911 4
1449 10489 2
1449 4062 5
1449 3800 3
1449 10274 4
1449 10570 5
1449 3800 4
1449 3627 3
1449 3801 4
1449 7208 4
1449 10571 4
1449 3195 4
1449 3785 3
1449 996 4
1449 5657 3
1449 5000 5
1449 3124 2
1449 1052 5
1449 8173 3
1449 10050 4
1449 1949 5
1449 10145 5
1449 7045 5
1449 9015 4
1449 1439 5
1450 10572 5
1450 1111 5
1450 3027 3
1450 2855 3
1450 3662 3
1450 7825 2
1450 5941 4
1450 4470 5
1450 2449 5
1450 2003 4
1450 8078 3
1450 2455 4
1450 408 4
1450 2336 4
1450 2434 2
1450 1166 3
1450 435 2
1450 2476 3
1450 2454 2
1450 5090 5
1450 2057 3
1450 2880 3
1450 441 3
1450 7144 2
1450 7814 4
1450 529 5
1450 3647 2
1450 9755 3
1450 2576 3
1450 288 3
1450 1989 4
1450 1278 4
1450 3990 3
1450 712 3
1450 739 5
1450 746 5
1450 309 5
1450 710 4
1450 10328 3
1450 2044 5
1450 1397 5
1450 1274 5
1450 196 4
1450 5662 5
1450 1414 1
1450 10206 4
1450 1408 5
1450 2879 2
1450 2651 4
1450 732 5
1450 837 4
1450 94 3
1450 3322 5
1450 843 3
1450 122 4
1450 9704 5
1450 791 2
1450 10066 4
1450 3584 3
1450 10207 4
1450 3920 4
1450 5376 4
1450 8855 4
1450 10086 5
1450 9418 5
1450 2618 5
1450 908 2
1450 1429 4
1451 1412 5
1451 728 3
1451 837 5
1451 7337 4
1451 3263 5
1451 5564 5
1451 747 3
1451 10573 5
1451 6163 5
1451 7933 1
1451 6844 5
1451 9672 4
1451 5469 5
1451 6547 5
1451 10558 5
1451 8181 5
1451 2376 5
1451 4848 5
1452 8598 4
1452 6939 4
1452 8570 5
1452 10194 4
1452 8096 5
1452 1949 5
1453 2419 5
1453 312 5
1453 4920 4
1453 10574 5
1453 5667 1
1454 323 5
1454 276 5
1454 278 5
1454 2935 5
1454 843 5
1454 735 5
1454 891 5
1454 309 5
1454 258 5
1454 759 5
1454 10575 5
1454 801 5
1454 832 5
1454 3000 5
1454 1767 5
1454 934 5
1454 312 5
1454 196 5
1454 5859 5
1454 313 5
1454 288 3
1454 5344 3
1454 5730 5
1454 1441 5
1454 975 5
1454 879 5
1454 5058 5
1454 3562 5
1454 3666 5
1454 4758 5
1454 3972 5
1454 4888 5
1454 1475 5
1454 913 5
1454 9700 5
1454 1443 5
1454 9648 5
1454 10576 5
1455 5087 4
1455 7608 4
1455 105 5
1455 4280 5
1455 4203 5
1455 4111 5
1455 9620 5
1455 6958 4
1455 2755 4
1455 6157 4
1455 3964 4
1455 4977 5
1455 271 5
1455 857 4
1455 3478 5
1455 6403 5
1455 9563 3
1455 6562 5
1455 5466 5
1456 727 1
1456 1735 4
1456 814 5
1456 886 1
1456 2701 5
1456 9202 4
1456 913 3
1456 6332 4
1456 904 3
1456 10577 4
1456 9233 5
1456 2550 4
1456 2730 5
1456 10578 5
1456 3782 5
1456 10189 5
1456 638 5
1456 9983 5
1456 2749 5
1456 3762 5
1456 3583 2
1456 2305 4
1456 9541 5
1456 8426 5
1457 323 5
1457 4396 4
1457 10579 2
1457 8871 3
1457 3000 5
1457 1412 5
1457 7631 5
1457 762 5
1457 3230 5
1457 10507 4
1457 6352 5
1457 778 2
1457 10152 5
1457 9515 3
1457 5534 3
1457 6053 5
1457 5811 5
1457 882 4
1457 10580 4
1457 771 3
1457 5013 2
1457 10581 3
1458 211 5
1458 7483 5
1458 120 5
1458 5731 5
1458 9845 3
1458 9852 5
1458 9697 5
1458 10364 5
1458 10582 5
1458 9488 5
1458 5533 5
1458 10583 5
1458 5370 5
1458 3952 5
1458 4682 5
1458 3953 5
1458 10584 3
1458 10585 5
1458 910 5
1458 1470 5
1458 5127 5
1458 9774 5
1458 10586 5
1458 1107 5
1458 4234 3
1458 8245 4
1458 1959 4
1458 8595 5
1458 10587 5
1458 9547 5
1458 5606 5
1458 5493 3
1458 9854 5
1458 10588 5
1458 10589 5
1458 10590 5
1458 10487 2
1458 10591 4
1458 9877 5
1458 5495 4
1458 10592 5
1458 5496 5
1458 5497 4
1458 10593 3
1458 9848 5
1458 3863 5
1458 10240 5
1458 10594 5
1459 7907 4
1459 9411 2
1459 7567 4
1459 6516 5
1459 1477 3
1459 4917 1
1459 5239 5
1459 789 5
1459 4203 5
1460 3708 5
1460 10595 4
1460 9627 4
1460 5790 2
1460 10596 4
1460 7496 5
1460 6253 5
1461 3054 4
1461 1854 5
1461 10597 2
1461 5180 5
1461 92 4
1461 10598 4
1461 8371 5
1461 8572 4
1461 10282 3
1461 1510 5
1461 5605 4
1461 189 4
1461 8384 2
1461 947 2
1461 9712 1
1461 5539 4
1461 5397 4
1461 3872 5
1461 326 5
1461 900 5
1461 8005 2
1461 5170 3
1461 3135 5
1461 10238 2
1461 3315 2
1461 1067 5
1461 10228 5
1461 10599 2
1461 10600 5
1461 3137 5
1461 6576 3
1461 952 2
1461 5755 4
1461 10405 4
1461 4437 1
1461 5171 3
1461 2791 2
1461 8491 2
1461 10601 5
1461 4876 3
1461 3989 5
1461 3925 3
1461 7522 5
1461 184 2
1461 573 4
1461 5031 4
1461 10602 1
1462 9944 5
1462 9798 5
1462 1939 5
1462 6457 5
1462 312 5
1462 6984 3
1462 4828 5
1462 3685 1
1462 191 5
1462 258 4
1462 4376 4
1462 10603 5
1462 2252 5
1462 9411 1
1462 4502 4
1462 3736 5
1462 3005 4
1462 4745 1
1462 10179 4
1462 3708 4
1462 3630 2
1462 10604 2
1462 852 4
1462 2252 5
1462 10401 4
1462 9799 4
1462 4294 4
1462 863 1
1462 1456 3
1462 897 3
1462 5841 4
1462 1001 4
1462 10493 2
1462 9698 2
1462 3195 4
1462 4661 4
1462 1411 2
1462 10605 4
1462 4146 4
1462 9539 5
1462 1629 4
1462 3275 5
1462 5309 5
1462 4314 5
1462 4726 4
1462 4634 4
1462 3226 3
1462 9287 4
1462 8629 5
1462 5306 5
1463 3734 5
1463 1867 5
1463 9514 5
1463 1923 5
1463 3567 5
1463 6938 4
1463 3339 5
1463 3606 5
1463 10422 5
1463 10339 5
1463 10238 5
1463 10606 5
1463 8949 5
1463 1477 1
1463 5469 5
1463 10607 5
1463 10608 5
1463 4525 5
1463 5526 4
1463 830 5
1463 10609 5
1464 9232 5
1464 5217 5
1464 3954 4
1464 771 4
1464 1441 4
1464 2095 4
1464 5307 4
1464 1450 3
1464 9437 4
1464 3666 4
1464 934 5
1464 9763 4
1464 3562 5
1464 889 5
1464 5833 5
1464 10610 4
1464 5738 3
1464 5491 5
1464 2721 4
1464 4629 4
1464 9210 4
1464 900 5
1464 5597 3
1464 10611 3
1464 3945 3
1464 10612 4
1464 3823 5
1464 8236 3
1464 981 4
1464 3782 3
1464 3606 4
1464 3861 4
1464 8428 4
1464 4788 4
1464 10613 5
1464 3913 3
1464 7191 4
1465 846 4
1465 8493 4
1465 3858 5
1465 6654 5
1465 8661 1
1465 3089 5
1465 10614 2
1465 5512 5
1465 5601 4
1465 10615 5
1465 4634 4
1465 760 5
1465 5456 5
1465 10616 4
1465 947 4
1465 4635 5
1465 10617 5
1466 2506 3
1466 1377 3
1466 9810 1
1466 731 2
1466 3834 5
1466 826 3
1466 10206 4
1466 2727 4
1466 2315 3
1466 867 4
1466 842 5
1466 3837 4
1466 2698 5
1466 832 5
1466 2582 4
1466 1319 4
1466 1394 3
1466 856 3
1466 10167 5
1466 3322 5
1466 7502 3
1466 504 3
1466 3805 5
1466 5811 3
1466 3717 4
1466 3851 5
1466 742 3
1466 10422 5
1466 5490 4
1466 10618 5
1466 2697 4
1466 830 3
1466 894 3
1466 1037 5
1466 1052 4
1466 10477 5
1466 3828 3
1466 3146 5
1466 3797 2
1466 3778 1
1467 3870 5
1467 6711 5
1467 3615 5
1467 3698 5
1467 3774 4
1467 1510 5
1467 1003 2
1467 4726 5
1467 5175 5
1467 5484 5
1467 4958 3
1467 7885 3
1467 4568 5
1467 3869 4
1468 979 1
1468 814 3
1468 5020 1
1468 897 2
1468 10109 5
1468 4623 5
1468 7212 5
1468 3804 4
1468 980 5
1468 3782 2
1468 1459 3
1468 4707 4
1468 900 4
1468 747 4
1468 886 1
1468 934 4
1468 2091 5
1468 3969 4
1468 3778 3
1468 3807 4
1468 4624 4
1468 10619 3
1468 6846 5
1468 548 4
1469 857 4
1469 8681 4
1469 3275 4
1469 934 4
1469 10392 5
1469 2305 5
1469 3870 4
1469 2019 4
1469 8830 5
1469 4825 5
1469 885 5
1469 9788 3
1469 3777 4
1469 5557 5
1469 3802 4
1469 8362 4
1469 4634 4
1469 5213 4
1469 9671 4
1470 8075 4
1470 4825 4
1470 5473 4
1470 900 4
1470 939 4
1470 3793 5
1470 3944 3
1470 1450 5
1470 4354 4
1470 9322 5
1471 9895 3
1471 2268 4
1471 586 4
1471 8426 4
1471 8051 3
1471 8262 5
1471 8319 5
1471 694 3
1471 2340 4
1471 6183 4
1471 4906 5
1471 1422 3
1471 738 3
1471 10620 3
1471 3410 4
1471 8926 5
1471 1418 4
1471 621 5
1471 4621 5
1471 491 4
1471 9750 4
1471 10572 5
1471 1445 5
1471 10621 5
1471 1277 5
1471 5228 4
1471 598 5
1471 4101 5
1471 1714 5
1471 736 4
1471 9115 5
1471 691 5
1471 10358 4
1471 2435 4
1471 3598 4
1471 174 5
1471 8346 3
1471 3047 5
1471 6720 3
1471 8088 5
1471 4541 5
1471 4156 5
1471 4893 4
1471 4626 5
1471 1301 3
1471 710 5
1471 10622 5
1471 9884 5
1471 1452 5
1471 6879 5
1471 2404 1
1471 1278 4
1471 7203 5
1471 1331 3
1471 407 5
1471 196 5
1471 712 5
1471 5197 5
1471 5256 4
1471 2941 5
1471 1447 5
1471 6542 5
1471 258 5
1471 2692 5
1471 3449 4
1471 832 5
1471 312 5
1471 1308 4
1471 9925 4
1471 5459 5
1471 10623 5
1471 10217 3
1471 3032 5
1471 4464 4
1471 2139 2
1471 735 4
1471 762 3
1471 3648 5
1471 309 5
1471 309 5
1471 3814 5
1471 1220 4
1471 4723 3
1471 3284 4
1471 2244 4
1471 10624 5
1471 5804 5
1471 9944 5
1471 3619 3
1471 741 5
1471 3827 4
1471 843 2
1471 5710 4
1471 722 5
1471 8994 4
1471 4547 3
1471 1240 1
1471 2445 4
1471 1469 5
1471 205 5
1471 4794 5
1471 10625 4
1471 323 5
1471 900 5
1471 10626 5
1471 2158 5
1471 3107 5
1471 2145 5
1471 5438 5
1471 692 5
1471 52 5
1471 10600 5
1471 5311 5
1471 102 5
1471 2754 3
1471 10227 5
1471 5615 5
1471 2698 5
1471 6543 5
1471 7499 5
1471 485 4
1471 5845 4
1471 5138 5
1471 124 5
1471 7798 3
1471 1526 5
1471 2701 5
1471 10627 4
1471 3842 4
1471 8040 5
1471 872 5
1471 56 5
1471 979 1
1471 5137 5
1471 3809 3
1471 3781 5
1471 410 3
1471 2730 4
1471 10082 5
1471 4538 5
1471 1985 4
1471 3790 5
1471 9918 5
1471 10580 4
1471 2719 5
1471 613 5
1471 10628 5
1471 3611 5
1471 891 4
1472 10629 5
1472 10630 5
1472 5222 5
1472 327 5
1472 906 4
1472 962 3
1472 3608 1
1472 3824 2
1472 4407 1
1472 1458 4
1472 4394 5
1472 1329 5
1472 8519 5
1472 9527 5
1472 944 5
1472 4652 3
1472 897 4
1472 10631 5
1472 994 5
1472 10632 5
1472 9565 5
1472 978 2
1472 984 5
1472 901 5
1472 992 4
1472 979 5
1472 814 5
1472 10027 1
1472 1493 5
1472 5763 5
1472 3954 4
1472 6019 2
1472 900 5
1472 4634 5
1472 5220 5
1472 2019 5
1472 3801 5
1473 10633 4
1473 7692 4
1473 5257 3
1473 851 4
1473 10634 3
1473 8674 3
1473 6257 3
1473 3156 3
1473 5737 5
1473 3768 4
1473 4634 3
1473 1038 4
1473 5597 5
1473 4807 4
1473 10635 4
1473 153 4
1474 7252 5
1474 1628 5
1474 827 5
1474 2824 5
1474 49 5
1474 3435 5
1474 1332 5
1474 2537 5
1474 8685 5
1474 1408 5
1474 835 5
1474 3700 5
1474 706 5
1474 3651 5
1474 6308 5
1474 832 5
1474 10570 4
1474 6620 1
1474 8743 5
1474 1278 5
1474 792 5
1474 650 5
1474 4496 5
1474 3983 2
1474 711 5
1474 5155 5
1474 312 5
1474 1403 1
1474 1395 5
1474 4010 5
1474 8515 4
1474 735 5
1474 9015 5
1474 313 5
1474 305 5
1474 124 5
1474 1322 5
1474 309 5
1474 3098 5
1474 9127 1
1474 288 5
1474 211 5
1474 2737 5
1474 9110 5
1474 10636 4
1474 164 5
1474 808 5
1474 2655 5
1474 838 3
1474 874 5
1474 855 5
1474 10164 5
1474 1747 5
1474 4072 5
1474 800 2
1474 323 5
1474 1397 5
1474 772 5
1474 6568 5
1474 3553 5
1474 10319 5
1474 1767 5
1474 258 5
1474 779 4
1474 728 5
1474 10637 5
1474 6791 5
1474 7208 5
1474 1620 5
1474 8506 5
1474 2693 1
1474 10638 5
1474 840 5
1474 1765 5
1474 77 5
1474 4187 5
1474 8513 5
1474 887 5
1474 10639 5
1474 2744 5
1474 854 5
1474 5170 3
1474 10364 5
1474 322 5
1474 834 4
1474 849 5
1474 847 5
1474 2885 5
1474 844 3
1474 10514 4
1474 8895 3
1474 3000 5
1474 8739 5
1474 7966 5
1474 10019 5
1474 2158 5
1474 10640 5
1474 9800 5
1474 7323 4
1474 4802 5
1474 8696 5
1474 212 5
1474 1004 4
1474 8636 5
1474 9644 4
1474 4527 5
1474 8507 5
1474 3846 5
1474 8636 5
1474 872 5
1474 8845 5
1474 1009 5
1474 5639 4
1474 10082 5
1474 799 5
1474 896 5
1474 10641 4
1474 10346 4
1474 1086 5
1474 1936 5
1474 895 5
1474 10410 5
1474 9884 4
1474 4081 4
1474 5565 3
1474 10642 5
1474 9013 5
1474 752 4
1474 10363 5
1474 5808 5
1474 7072 5
1474 9775 4
1474 8294 5
1474 284 2
1474 5776 4
1474 1852 5
1474 8841 4
1474 10643 5
1474 1344 5
1474 3314 5
1474 3958 5
1474 9616 5
1474 914 2
1474 5235 5
1474 9438 5
1474 841 5
1474 3924 5
1474 934 5
1474 5924 5
1474 8289 5
1474 4829 4
1474 299 5
1474 645 4
1474 10644 5
1474 10645 5
1474 1013 4
1474 9526 4
1474 10646 5
1474 9675 5
1474 8432 4
1474 7382 5
1474 7142 4
1474 4091 5
1474 7678 5
1474 3763 5
1474 10647 4
1474 9408 3
1474 3889 5
1474 7955 5
1474 6371 5
1474 3250 3
1474 3881 5
1474 6426 4
1474 6796 4
1474 1052 4
1474 6309 5
1474 977 4
1474 3686 5
1474 5781 5
1474 2093 5
1474 4647 4
1474 10648 5
1474 3064 4
1474 108 4
1474 8495 4
1474 3954 5
1474 3469 5
1474 8499 5
1474 810 4
1474 10449 4
1474 8923 3
1474 7716 2
1474 6399 5
1474 6626 5
1474 4277 2
1474 947 5
1474 4393 4
1475 662 5
1475 638 5
1475 4277 3
1475 2744 5
1475 222 5
1475 10080 5
1475 277 5
1475 3702 4
1475 5220 4
1475 904 3
1475 6626 5
1475 6332 4
1475 7481 5
1475 1515 4
1475 5525 5
1475 484 5
1475 763 4
1475 159 5
1475 4527 5
1475 978 5
1475 5776 4
1475 3590 5
1475 4633 4
1475 7571 5
1475 10123 4
1475 3867 5
1475 10165 5
1475 10649 5
1475 5773 5
1475 9411 4
1475 3869 5
1475 5470 4
1475 3870 4
1476 4031 5
1476 858 5
1476 871 5
1476 1045 5
1476 4572 4
1476 1501 5
1476 8512 4
1476 3446 5
1476 7716 2
1476 10650 5
1476 4847 5
1476 5272 5
1476 5279 4
1476 5997 5
1476 3064 4
1476 8925 1
1476 2062 5
1476 4321 5
1476 4414 4
1476 4408 4
1476 4094 5
1476 919 2
1476 3923 5
1476 10315 5
1476 857 5
1476 10353 5
1476 10263 5
1476 9665 5
1476 3927 5
1476 7572 5
1476 9456 5
1476 10651 5
1476 6004 2
1476 184 3
1476 7859 5
1476 10120 5
1476 10652 4
1476 8504 5
1476 10653 5
1476 6791 3
1476 8074 5
1476 10654 5
1476 3796 5
1476 7966 5
1476 1021 4
1476 1049 5
1476 1466 5
1476 4908 4
1476 9280 5
1476 9993 5
1476 4317 5
1476 5842 5
1477 952 5
1477 4590 5
1477 10655 5
1477 2253 5
1477 3754 5
1477 10656 5
1477 10657 5
1477 5110 5
1477 178 5
1477 10658 5
1477 4277 2
1478 9955 4
1478 7287 5
1478 9233 4
1478 4779 4
1478 8262 2
1478 1212 5
1478 1141 2
1478 7199 4
1478 596 5
1478 4563 1
1478 1299 4
1478 3748 5
1478 2487 3
1478 7537 1
1478 511 4
1478 2358 2
1478 2907 4
1478 8805 4
1478 1147 4
1478 9119 3
1478 2366 2
1478 3376 5
1478 5427 4
1478 2578 4
1478 4993 1
1478 3093 2
1478 1670 4
1478 7577 3
1478 7219 2
1478 2421 4
1478 3311 5
1478 6001 3
1478 6328 5
1478 2236 1
1478 2696 3
1478 8087 3
1478 5819 5
1478 2692 4
1478 312 3
1478 3645 3
1478 8929 3
1478 9235 5
1478 4283 5
1478 712 3
1478 6121 4
1478 10659 4
1478 775 3
1478 1526 4
1478 2301 5
1478 118 3
1478 8134 5
1478 10660 3
1478 10661 4
1478 4104 3
1478 4159 4
1478 278 3
1478 10301 5
1478 8546 4
1478 3592 3
1478 1982 3
1478 5590 4
1478 4805 4
1478 6130 4
1478 5591 5
1478 4191 4
1478 5592 4
1478 9545 4
1478 6043 4
1478 313 3
1478 323 3
1478 7712 4
1478 9987 4
1478 5147 4
1478 785 4
1478 3252 4
1478 10204 5
1478 211 3
1478 3184 4
1478 762 3
1478 830 5
1478 10662 5
1478 2828 4
1478 9501 4
1478 3046 1
1478 739 1
1478 3894 5
1478 9947 3
1478 2940 5
1478 4551 5
1478 1734 5
1478 1369 5
1478 3465 4
1478 2001 4
1478 3085 5
1478 326 5
1478 9975 4
1478 9096 4
1478 992 4
1478 10647 4
1478 8496 4
1478 10122 3
1478 9565 5
1478 4570 4
1478 4804 4
1478 7992 4
1478 10663 5
1478 3315 2
1478 10664 5
1478 5564 4
1478 5733 4
1478 4643 2
1478 10665 3
1478 4788 5
1478 2695 5
1478 1493 4
1478 4642 5
1478 9443 3
1478 4559 4
1478 9220 3
1478 3606 5
1478 1526 5
1478 962 2
1478 10346 5
1478 3785 4
1479 10666 4
1479 10667 5
1479 196 1
1479 843 1
1479 712 3
1479 4684 4
1479 2693 1
1479 8219 5
1479 5462 4
1479 762 5
1479 6000 5
1479 2713 5
1479 258 3
1479 4105 3
1479 323 3
1479 2465 5
1479 5004 4
1479 10668 4
1479 5753 5
1479 10669 3
1479 706 5
1479 256 4
1479 2745 5
1479 3135 4
1479 881 3
1479 9485 5
1479 10670 3
1479 9917 4
1479 4834 4
1480 3149 2
1480 3912 5
1480 712 5
1480 766 4
1480 6224 5
1480 3963 5
1480 3566 5
1480 881 5
1480 909 1
1480 4722 5
1480 9795 5
1480 8751 5
1480 2750 5
1480 1515 2
1480 9902 5
1480 5502 5
1480 3089 5
1480 6400 4
1481 3450 5
1481 759 5
1481 323 5
1481 832 5
1481 5997 4
1481 6707 4
1481 10671 5
1482 979 1
1482 9700 1
1482 975 2
1482 4675 5
1482 10237 5
1482 5938 1
1482 917 5
1482 10672 2
1482 912 5
1482 6691 3
1482 2314 5
1482 8505 4
1482 9630 5
1482 327 5
1482 10673 5
1482 4758 1
1482 8211 5
1482 4595 4
1482 5808 5
1482 1028 5
1482 954 4
1482 9411 2
1482 1076 3
1482 3275 5
1483 830 5
1483 5197 5
1483 8747 3
1483 3780 4
1483 979 4
1483 6224 5
1483 3782 5
1483 4935 4
1483 1067 1
1483 3797 5
1483 9590 3
1483 934 4
1483 3220 4
1483 4000 4
1483 8470 5
1483 3310 4
1483 10184 5
1483 4354 4
1483 9005 5
1483 9187 4
1483 977 4
1483 5997 4
1483 1042 4
1483 5417 3
1483 10532 4
1483 1280 5
1483 4639 3
1483 10674 5
1483 10561 4
1483 10675 5
1483 8160 5
1483 1439 5
1483 5178 5
1483 7402 5
1483 4833 4
1483 3415 5
1483 9934 4
1483 3714 5
1483 5733 4
1483 4791 3
1483 8843 5
1483 3879 2
1483 5312 4
1483 919 5
1483 9949 5
1483 949 4
1483 1514 5
1483 5833 4
1483 9442 3
1483 5579 5
1483 5229 3
1483 10676 2
1483 7501 3
1483 1302 4
1483 10677 4
1483 10393 4
1483 10497 5
1483 992 4
1483 5438 4
1483 4879 4
1483 10678 4
1483 8477 5
1483 10679 5
1483 10680 4
1483 9492 5
1483 1522 4
1483 9694 5
1484 1278 5
1484 2005 5
1484 801 5
1484 10561 5
1484 10681 5
1484 5808 5
1484 965 5
1485 3683 3
1485 257 4
1485 710 1
1485 762 1
1485 5537 5
1485 8452 5
1485 6230 5
1485 740 2
1485 1943 5
1485 2651 5
1485 10096 4
1485 4447 5
1485 3476 5
1485 314 4
1485 3322 5
1485 1435 3
1485 143 5
1485 829 4
1485 104 5
1485 312 5
1485 759 1
1485 258 4
1485 4399 5
1485 316 5
1485 4086 5
1485 4239 5
1485 8531 4
1485 4045 5
1485 5599 2
1485 881 5
1485 10180 3
1485 4299 5
1485 10514 4
1485 7751 4
1485 3562 5
1485 3566 5
1485 4829 4
1485 206 5
1485 953 4
1485 3708 3
1485 4201 5
1485 10682 3
1485 814 5
1485 928 4
1485 3704 5
1485 3571 3
1485 1075 1
1485 1619 5
1485 913 4
1485 897 2
1485 2496 5
1485 909 1
1485 895 5
1485 900 4
1485 4440 2
1485 10683 5
1485 10397 4
1485 934 4
1485 2499 3
1485 277 4
1485 5376 3
1485 1876 5
1485 4300 4
1485 1029 5
1485 9768 5
1485 1081 4
1485 9799 3
1485 4439 5
1485 4634 3
1485 3625 5
1485 1494 1
1485 4788 4
1485 8629 4
1485 1515 4
1485 9100 4
1485 1501 5
1485 985 4
1485 6394 4
1485 10684 4
1485 1202 4
1485 4795 4
1485 1450 4
1485 992 4
1485 1107 5
1485 4798 3
1485 10685 5
1485 5467 2
1485 6955 4
1485 1450 4
1485 1607 5
1485 4386 3
1485 10397 4
1485 1202 5
1486 769 5
1486 143 5
1486 7477 5
1486 6450 5
1486 6335 5
1486 8570 1
1486 3146 5
1486 4979 5
1486 7337 4
1486 9448 5
1486 717 5
1486 10686 5
1486 5618 5
1486 2091 5
1486 3900 5
1486 2838 4
1486 8802 5
1487 867 3
1487 7222 5
1487 830 5
1487 10687 4
1487 3451 5
1487 9498 5
1487 477 4
1487 5937 5
1487 6377 5
1487 10688 5
1487 901 4
1487 3146 4
1487 996 5
1487 3770 5
1487 900 4
1487 3791 5
1487 4026 4
1487 1062 5
1487 2305 5
1487 6682 4
1487 1876 5
1487 9054 3
1487 3790 5
1487 9173 4
1487 955 5
1487 10689 5
1487 1008 5
1487 4855 4
1487 5592 4
1487 2648 5
1487 5482 4
1487 4708 5
1487 7208 5
1487 934 5
1487 10690 5
1487 3792 5
1487 1496 4
1487 4216 4
1487 6759 4
1487 1084 5
1487 4406 4
1487 10691 5
1487 4738 4
1487 3796 5
1487 10692 5
1487 1058 4
1487 3761 5
1487 748 4
1487 995 5
1488 3536 4
1488 2626 4
1488 683 4
1488 2723 5
1488 7745 5
1488 699 3
1488 9414 4
1488 9343 4
1488 678 3
1488 4075 4
1488 4755 5
1488 728 5
1488 738 5
1488 6202 4
1488 5054 3
1488 9568 1
1488 740 3
1488 276 1
1488 196 1
1488 211 5
1488 723 5
1488 7557 5
1488 741 3
1488 309 3
1488 7048 4
1488 8566 5
1488 309 3
1488 309 3
1488 258 3
1488 1638 4
1488 795 4
1488 4952 5
1488 772 1
1488 2701 5
1488 7608 4
1488 2705 5
1488 7551 5
1488 3464 5
1488 965 5
1488 28 3
1488 9448 3
1488 775 4
1488 4478 5
1488 4419 4
1488 10693 4
1488 252 4
1488 9682 4
1488 7026 5
1488 800 3
1488 1385 5
1488 5687 4
1488 832 5
1488 4415 5
1488 5565 3
1488 7471 5
1488 3064 4
1488 4454 4
1488 823 5
1488 751 1
1488 6124 3
1488 10207 5
1488 3666 3
1488 1277 5
1488 716 5
1488 837 5
1488 766 1
1488 843 5
1488 762 1
1488 1412 5
1488 5608 5
1488 3000 5
1488 5424 2
1488 10265 3
1488 5615 5
1488 1332 1
1488 8034 3
1488 9580 3
1488 288 1
1488 792 5
1488 836 1
1488 312 5
1488 3978 3
1488 2824 5
1488 233 3
1488 4990 5
1488 921 5
1488 86 5
1488 105 5
1488 6230 4
1488 8093 4
1488 10365 5
1488 6064 4
1488 9483 3
1488 5560 5
1488 5566 3
1488 2725 4
1488 7486 4
1488 323 4
1488 8193 4
1488 6457 5
1488 1765 4
1488 6980 5
1488 142 5
1488 1427 5
1488 226 5
1488 2698 4
1488 1389 3
1488 1441 2
1488 863 1
1488 10156 5
1488 5083 3
1488 8389 3
1488 887 5
1488 3607 1
1488 882 5
1488 6675 5
1488 1413 4
1488 8601 5
1488 1002 4
1488 4478 5
1488 879 1
1488 3758 5
1488 909 1
1488 3827 4
1488 1002 5
1488 10667 4
1488 8490 5
1488 4785 5
1488 8779 5
1488 898 4
1488 10694 5
1488 10577 5
1488 2642 5
1488 747 4
1488 1021 4
1488 1048 5
1488 1067 4
1488 7933 1
1488 4826 4
1488 640 1
1488 3146 5
1488 574 1
1488 1476 1
1488 5310 4
1488 9005 5
1488 10347 4
1488 5924 5
1488 10695 5
1488 4602 5
1488 327 4
1488 978 4
1488 4231 4
1488 3757 2
1488 4603 5
1488 4054 2
1488 7751 5
1488 1734 4
1488 8717 5
1488 3915 5
1488 4787 5
1488 3911 4
1488 3923 3
1488 5815 4
1488 1065 5
1488 5540 4
1488 8916 3
1488 10696 2
1488 5379 5
1488 5283 4
1488 975 5
1488 1960 5
1488 8328 5
1488 992 3
1488 4100 4
1488 9065 5
1488 3855 5
1488 5222 4
1488 3775 5
1488 4305 3
1488 5594 3
1488 10697 5
1488 814 5
1488 9231 2
1488 5175 5
1488 900 1
1488 7314 5
1488 4829 5
1488 1076 4
1488 8652 2
1488 4958 5
1488 266 4
1488 5429 5
1488 9452 2
1488 5466 3
1488 9517 4
1488 2414 5
1488 4676 5
1488 26 4
1488 10698 5
1488 6577 5
1488 5828 5
1488 1052 5
1488 10276 5
1488 3884 4
1488 979 5
1488 4917 3
1488 2940 4
1488 6569 4
1488 7382 4
1488 947 4
1488 5139 5
1488 924 4
1488 6426 4
1488 4634 2
1488 3469 4
1488 6576 4
1488 985 5
1488 5317 5
1488 6041 5
1488 7460 5
1488 5071 1
1488 1515 4
1488 5398 4
1488 9617 3
1488 934 4
1488 10699 1
1488 10129 4
1488 1515 3
1488 10700 1
1488 5397 2
1488 5397 5
1489 4782 5
1489 5211 5
1489 756 4
1489 901 5
1489 1441 4
1489 1402 3
1489 867 5
1489 2953 5
1489 4389 5
1489 287 5
1489 10701 5
1489 814 5
1489 881 4
1489 6845 4
1489 966 4
1489 909 1
1489 10463 4
1489 10702 4
1489 1961 4
1489 7483 4
1489 900 5
1489 631 5
1489 934 5
1489 1043 5
1489 1048 4
1489 8742 3
1489 892 3
1489 3117 5
1489 974 4
1489 3752 5
1489 5685 4
1489 5574 4
1489 10541 2
1489 5128 4
1489 7865 5
1489 2695 3
1489 5384 5
1490 312 4
1490 2704 5
1490 862 5
1490 309 5
1490 3882 5
1490 4473 4
1490 313 4
1490 10703 5
1490 827 5
1490 5513 5
1490 8637 5
1490 9593 4
1490 10237 5
1490 10704 4
1490 2242 5
1490 9137 4
1490 6587 5
1490 6443 5
1490 7160 5
1490 5368 5
1490 3855 5
1490 1062 5
1490 6019 5
1490 5042 5
1490 4794 5
1490 10705 4
1490 2748 5
1490 9288 4
1490 906 3
1490 8424 4
1490 10122 2
1490 2701 3
1490 6041 5
1490 10706 5
1490 934 5
1490 3796 5
1490 8359 5
1490 4198 5
1490 4762 5
1490 10582 5
1490 3861 5
1490 10257 5
1490 2616 5
1490 1074 5
1490 1365 5
1490 1065 5
1490 3422 5
1490 3757 5
1490 10499 5
1490 1067 4
1490 4965 5
1490 5347 1
1490 1048 5
1490 10143 5
1490 4095 5
1490 9153 1
1490 5228 2
1490 5733 2
1490 5222 3
1490 10691 5
1490 5315 5
1490 3252 3
1490 1002 2
1490 954 5
1490 9949 4
1490 7712 4
1490 10707 5
1490 3801 5
1490 3934 5
1490 9140 5
1490 9139 5
1491 712 5
1491 7406 5
1491 474 5
1491 10300 4
1491 258 4
1491 1682 2
1491 3944 3
1491 4058 1
1491 251 5
1491 713 2
1491 3758 5
1491 1414 2
1491 1403 2
1491 1397 5
1491 3815 5
1491 1399 5
1491 824 5
1491 716 5
1491 1409 3
1491 3449 1
1491 1387 5
1491 1412 5
1491 1408 5
1491 836 2
1491 1263 5
1491 5548 4
1491 313 5
1491 7918 1
1491 837 5
1491 196 5
1491 8059 1
1491 7751 4
1491 6336 5
1491 832 5
1491 4262 5
1491 1395 1
1491 10708 5
1491 3299 5
1491 104 4
1491 1277 5
1491 3023 4
1491 7497 5
1491 288 4
1491 4280 5
1491 1410 5
1491 3563 1
1491 7230 5
1491 854 4
1491 3553 5
1491 3263 5
1491 7043 5
1491 312 1
1491 5553 3
1491 6357 5
1491 4456 5
1491 574 1
1491 5108 5
1491 3126 2
1491 3000 5
1491 1602 5
1491 10709 2
1491 958 5
1491 10376 5
1491 6759 5
1491 8891 5
1491 3657 5
1491 2550 5
1491 879 2
1491 10710 4
1491 3933 5
1491 5557 4
1491 8042 5
1492 8886 1
1492 4864 5
1492 1403 1
1492 762 4
1492 5226 5
1492 980 5
1492 1385 4
1492 9425 4
1492 5624 3
1492 1408 5
1492 1682 4
1492 753 5
1492 4878 5
1492 312 5
1492 9470 5
1492 823 5
1492 1997 5
1492 4518 3
1492 323 5
1492 196 1
1492 4420 5
1492 824 5
1492 732 5
1492 4746 5
1492 843 5
1492 759 2
1492 1275 1
1492 712 3
1492 4992 5
1492 1332 5
1492 7018 4
1492 5096 2
1492 7933 1
1492 3920 4
1492 1734 4
1492 6400 4
1492 2005 1
1492 10182 1
1492 889 1
1492 10023 4
1492 5659 2
1492 10245 5
1492 8199 2
1492 10711 3
1492 9010 5
1492 4317 3
1492 4232 4
1492 869 5
1492 6884 5
1492 9088 5
1492 10712 4
1492 6523 5
1492 9174 3
1492 934 4
1492 5246 5
1492 1320 5
1492 3226 2
1492 9322 5
1492 4055 5
1492 5058 4
1492 4358 5
1492 4275 2
1492 8927 1
1492 4058 4
1492 4649 4
1492 841 2
1492 8507 1
1492 5478 4
1492 9005 5
1492 7040 5
1492 10713 5
1492 8512 5
1492 2073 5
1492 9212 3
1492 6249 5
1492 981 5
1492 9403 1
1493 9564 5
1493 1638 5
1493 9578 4
1493 234 5
1493 706 5
1493 2315 4
1493 710 5
1493 7610 5
1493 801 5
1493 2685 5
1493 7323 5
1493 1767 5
1493 3797 4
1493 1397 5
1493 4829 4
1493 1412 5
1493 3666 5
1493 288 5
1493 5466 4
1493 5483 5
1493 5226 5
1493 7582 5
1493 3592 4
1493 10714 4
1493 3322 5
1493 1400 5
1493 9199 5
1493 3846 5
1493 2851 5
1493 122 4
1493 4785 5
1493 10515 4
1493 3585 2
1493 574 1
1493 873 5
1493 254 5
1493 4676 5
1493 787 5
1493 1005 4
1493 8487 4
1493 477 5
1493 2095 5
1493 10021 2
1493 2367 5
1493 3717 4
1493 8565 5
1493 2514 2
1493 3827 4
1493 10634 5
1493 4521 4
1493 1473 5
1493 4597 4
1493 3820 5
1493 10397 5
1493 934 5
1494 10715 5
1494 4868 5
1494 4407 4
1495 4755 4
1495 7542 5
1495 4008 5
1495 309 3
1495 278 5
1495 313 5
1495 832 5
1495 10716 5
1495 4280 5
1495 704 3
1495 10354 4
1495 10306 4
1495 1406 5
1495 10162 5
1495 5384 5
1495 6904 1
1495 1403 1
1495 1399 5
1495 1332 3
1495 3000 5
1495 8982 2
1495 5590 5
1495 276 5
1495 4294 5
1495 1501 5
1495 1629 3
1495 9046 5
1495 4465 3
1495 1005 5
1495 10180 4
1495 814 4
1495 1029 5
1495 4074 3
1495 3063 3
1495 640 3
1495 1458 3
1495 4790 4
1495 8647 5
1495 8169 3
1495 6984 3
1495 7933 1
1495 897 3
1495 4389 4
1495 10145 5
1495 1322 5
1495 10717 4
1495 324 5
1495 3683 3
1495 7631 5
1495 9572 4
1495 4698 4
1495 3590 4
1495 10184 1
1495 7571 5
1495 10603 4
1495 5822 2
1495 5306 5
1495 9972 3
1495 304 5
1496 4694 5
1496 4920 3
1496 3849 4
1496 1730 4
1496 3117 3
1496 5176 4
1496 10414 4
1496 998 4
1496 10718 5
1496 6143 5
1496 4524 4
1496 5841 5
1496 10719 4
1496 10706 2
1496 1492 1
1496 10720 4
1496 9561 4
1497 5304 5
1497 9346 5
1497 4001 4
1497 762 5
1497 4994 3
1497 8524 5
1497 7021 4
1497 8152 5
1497 1408 5
1497 9374 1
1497 1895 3
1497 9407 5
1497 6127 1
1497 8446 5
1497 3263 5
1497 3018 5
1497 864 3
1497 1414 1
1497 9185 4
1497 4928 5
1497 10192 4
1497 5409 5
1497 3687 5
1497 787 4
1497 4100 4
1497 8168 5
1497 819 5
1497 1518 5
1497 3870 5
1497 7615 5
1497 8170 4
1497 3393 5
1497 1029 5
1497 10312 5
1497 804 5
1497 3583 3
1497 10721 5
1497 4294 5
1497 1753 5
1497 9539 5
1497 1000 5
1497 304 1
1497 4661 5
1497 880 5
1497 3747 5
1497 4131 4
1497 7622 4
1497 4802 5
1497 5594 2
1497 6094 4
1497 6753 5
1497 5305 4
1497 9741 4
1497 9844 5
1497 4864 5
1497 9251 4
1497 7176 5
1497 10593 5
1497 9174 5
1497 327 4
1498 1748 4
1498 5567 5
1498 5439 4
1498 9876 4
1498 5766 4
1498 826 4
1498 1995 4
1498 5085 3
1498 10019 5
1498 8487 5
1498 846 4
1498 189 4
1498 4154 3
1498 3566 2
1498 900 5
1498 10113 5
1498 8231 4
1498 2152 2
1498 10166 5
1498 4941 4
1498 3777 5
1498 5985 5
1498 10722 4
1498 909 1
1498 934 5
1498 1099 4
1498 967 2
1498 5226 4
1498 10723 5
1498 10724 3
1498 3135 5
1498 5579 4
1498 4721 5
1498 9329 2
1498 10725 3
1498 10520 5
1498 1067 5
1498 907 4
1498 3908 3
1498 5502 5
1498 6618 5
1498 2960 5
1498 4135 5
1498 1490 5
1498 4406 4
1498 924 5
1498 1026 5
1498 7845 5
1498 10027 4
1498 10726 4
1498 10727 3
1498 857 4
1498 10689 5
1498 4851 3
1498 946 5
1498 1020 5
1499 9503 3
1499 889 3
1499 9485 3
1499 862 5
1499 3946 5
1499 9411 4
1499 3569 5
1499 4439 3
1499 8283 5
1499 6904 1
1499 979 5
1499 900 5
1499 814 5
1499 4631 4
1499 1241 5
1499 2700 5
1499 10473 5
1499 10663 5
1499 8495 5
1499 9019 2
1499 3852 2
1499 3778 4
1499 4019 3
1499 5146 5
1499 9212 1
1499 2220 5
1499 2722 4
1499 8519 5
1499 8949 5
1499 7483 5
1499 2558 4
1499 892 2
1499 1067 5
1500 728 5
1500 712 5
1500 2252 5
1500 1277 5
1500 3606 5
1500 827 5
1500 3314 4
1500 306 4
1500 842 5
1500 846 5
1500 5163 2
1500 867 5
1500 1061 4
1500 816 5
1500 862 5
1500 8489 5
1500 143 5
1501 4732 1
1501 1583 5
1501 4592 4
1501 10636 5
1501 1275 1
1501 5260 4
1501 3015 5
1501 1958 1
1501 5352 5
1501 5822 5
1501 759 5
1501 1939 5
1501 1515 3
1501 5999 2
1501 7666 5
1501 323 5
1501 851 5
1501 3698 4
1501 832 5
1501 5258 5
1501 739 1
1501 866 5
1501 10728 5
1501 2499 5
1501 895 5
1501 4876 5
1501 1004 3
1501 3790 5
1501 3818 4
1501 4447 5
1501 909 1
1501 327 4
1501 1029 4
1501 785 4
1501 10729 4
1501 8565 5
1501 934 3
1501 1042 4
1501 5189 5
1501 10007 5
1501 985 5
1501 4299 5
1501 901 4
1501 10182 2
1501 1390 2
1501 891 5
1501 3944 1
1501 6664 2
1501 4632 5
1501 638 5
1501 8292 5
1501 10595 3
1501 8989 5
1501 8751 5
1501 7992 5
1501 992 2
1501 4294 5
1501 884 5
1501 277 5
1501 9568 5
1502 4715 2
1502 1438 2
1502 5561 4
1502 4988 5
1502 6076 4
1502 3666 3
1502 1765 5
1502 8652 4
1502 8787 2
1502 1813 5
1502 10698 4
1502 5446 3
1502 4409 2
1502 5781 3
1502 954 5
1502 7491 2
1502 184 5
1502 1390 2
1502 5755 5
1502 901 5
1502 655 5
1502 216 5
1502 909 1
1502 1406 3
1502 5344 1
1502 10058 3
1502 59 5
1502 327 2
1502 313 3
1502 829 4
1502 867 3
1502 706 4
1502 323 2
1502 1441 3
1502 917 5
1502 10729 4
1502 1322 4
1502 3702 2
1502 1501 2
1502 4825 3
1502 1987 4
1502 1936 5
1502 934 5
1502 868 2
1502 4395 5
1502 977 3
1502 3193 5
1502 814 5
1502 3777 2
1502 1097 5
1502 10271 4
1502 9411 3
1502 992 3
1502 1067 5
1502 1349 4
1502 26 4
1502 1048 4
1502 7506 4
1502 4393 4
1502 900 5
1502 10730 4
1502 978 4
1502 979 5
1502 8432 4
1502 3983 5
1502 1516 4
1502 3606 5
1502 9149 5
1502 7333 4
1502 944 5
1502 4965 4
1502 10094 2
1502 5498 5
1502 10731 5
1502 10416 4
1502 3686 5
1502 8362 2
1502 3953 4
1502 6035 1
1502 4400 3
1502 10732 1
1502 5734 1
1502 914 5
1502 9944 5
1502 8969 4
1502 1510 5
1502 3469 2
1502 10733 5
1502 4395 5
1502 10435 5
1502 5175 5
1502 10734 5
1502 3462 5
1502 8729 5
1502 10560 5
1502 8384 2
1502 5557 4
1502 3967 1
1502 1450 5
1502 1013 4
1502 7483 4
1502 9613 5
1502 5184 3
1502 10272 1
1502 991 5
1502 56 5
1502 9343 3
1502 6332 1
1502 7263 1
1502 966 4
1502 9237 2
1502 1457 5
1502 8668 2
1502 8033 1
1502 9212 1
1502 7734 1
1502 857 5
1502 936 5
1502 3623 2
1502 3944 4
1502 2093 4
1502 5220 1
1502 4634 5
1502 3929 4
1502 10735 1
1502 9785 2
1502 9233 4
1503 1548 3
1503 2699 5
1503 1002 2
1503 5315 4
1503 4401 5
1503 3849 1
1503 7845 5
1503 2718 5
1503 8220 4
1503 8222 5
1503 1102 4
1503 1067 5
1503 9672 5
1503 10736 4
1503 907 4
1503 10737 4
1503 1008 5
1503 10738 4
1503 10739 3
1503 6774 4
1503 9977 5
1503 7507 5
1503 10739 3
1503 10740 4
1503 6782 4
1503 1320 5
1503 2701 5
1503 4851 3
1503 10722 5
1503 10741 3
1503 1063 4
1503 1064 3
1503 5489 4
1503 9769 4
1503 9238 3
1503 1349 4
1503 946 3
1503 5300 5
1503 10742 5
1504 922 5
1504 1425 5
1504 1501 5
1504 4044 5
1504 3767 5
1504 10647 5
1504 1050 5
1504 4722 5
1504 9398 5
1504 4009 5
1505 4049 4
1505 10743 4
1505 5997 1
1505 10744 3
1505 289 5
1505 10090 5
1505 5173 5
1505 10681 5
1505 10092 5
1505 4561 4
1505 10217 5
1505 4788 4
1505 9275 3
1505 8605 5
1506 8488 5
1506 8274 5
1506 3757 4
1506 6141 5
1506 1028 5
1506 934 4
1506 857 5
1506 1220 5
1506 10745 4
1506 10604 4
1506 10461 5
1506 4690 2
1506 9255 3
1506 10746 3
1506 9858 2
1506 7760 5
1506 3209 4
1507 10544 5
1507 10747 5
1507 9772 4
1507 9565 5
1507 111 5
1507 3129 4
1507 8982 2
1507 3687 4
1507 1493 4
1507 5765 4
1507 3602 4
1507 9484 4
1507 1433 5
1507 5308 5
1508 3444 5
1508 920 5
1508 3717 5
1508 9772 5
1508 934 5
1508 8682 5
1508 900 5
1508 10748 4
1508 3927 5
1508 9565 5
1508 10749 4
1508 9111 5
1508 4559 4
1508 9447 3
1508 5549 3
1508 5733 5
1508 4634 4
1508 5766 5
1508 1067 5
1508 3884 5
1508 10123 5
1508 947 5
1508 5597 5
1508 3852 5
1508 5537 5
1508 1042 5
1508 4254 4
1508 2152 1
1508 10378 5
1508 3950 4
1508 3800 2
1508 3777 5
1508 2648 3
1508 1515 5
1508 5220 2
1508 2916 5
1508 991 5
1508 4834 4
1508 4690 4
1508 9438 5
1508 1052 4
1508 10653 5
1508 10229 4
1508 10021 2
1508 8495 2
1508 10750 4
1508 7716 2
1508 8681 5
1508 1466 5
1508 10317 5
1508 1516 5
1508 6622 5
1508 327 4
1508 4935 4
1508 5279 5
1508 3309 5
1508 4406 4
1508 3801 5
1508 5312 2
1508 992 4
1508 3016 5
1508 1489 5
1508 1509 4
1508 2305 5
1508 906 3
1508 10751 2
1508 3761 2
1508 1876 5
1508 7584 5
1508 3267 4
1508 4771 4
1508 9601 5
1508 4135 3
1508 10003 2
1508 9660 4
1509 1481 5
1509 10453 5
1509 4673 2
1509 5515 4
1509 5080 5
1509 10560 4
1509 1439 4
1509 10752 4
1509 8453 3
1509 8453 4
1509 3606 4
1509 6961 5
1509 3422 5
1509 10753 5
1509 10754 4
1509 1438 5
1509 10059 5
1509 10755 5
1509 5557 5
1509 7572 5
1509 6503 5
1509 9679 3
1509 10756 5
1509 10757 5
1510 288 5
1510 735 5
1510 1029 5
1510 934 5
1510 773 5
1510 792 1
1510 3683 2
1510 5249 4
1510 713 1
1510 738 5
1510 305 3
1510 794 4
1510 6353 4
1510 732 1
1510 3838 5
1510 741 5
1510 3098 5
1510 309 5
1510 309 5
1510 9599 5
1510 877 5
1510 8152 5
1510 712 5
1510 313 5
1510 304 5
1510 802 5
1510 806 5
1510 832 5
1510 276 5
1510 4723 5
1510 4226 4
1510 823 4
1510 688 5
1510 5799 1
1510 891 4
1510 7018 4
1510 4324 4
1510 810 4
1510 808 5
1510 237 3
1510 105 5
1510 1385 5
1510 1393 5
1510 1674 5
1510 4880 5
1510 4988 4
1510 9050 5
1510 280 5
1510 10758 5
1510 4864 5
1510 4113 5
1510 753 5
1510 1682 4
1510 1997 5
1510 1441 5
1510 323 5
1510 9292 5
1510 3083 5
1510 728 3
1510 1767 5
1510 3189 4
1510 859 3
1510 1275 1
1510 843 3
1510 5837 3
1510 5592 4
1510 8452 3
1510 824 5
1510 5644 1
1510 2153 5
1510 4702 4
1510 5560 5
1510 867 5
1510 867 4
1510 837 5
1510 1414 1
1510 5615 5
1510 6378 4
1510 4661 5
1510 722 5
1510 4978 2
1510 4946 5
1510 1408 5
1510 2698 4
1510 612 5
1510 831 4
1510 10226 1
1510 196 5
1510 4294 5
1510 1876 5
1510 4990 5
1510 10238 4
1510 10306 4
1510 5262 4
1510 10759 5
1510 1510 5
1510 909 1
1510 1411 5
1510 3547 5
1510 153 5
1510 9019 4
1510 9411 5
1510 2499 5
1510 2174 5
1510 1035 5
1510 8954 4
1510 10698 4
1510 9251 5
1510 925 5
1510 233 4
1510 6707 4
1510 1501 3
1510 9027 4
1510 7477 5
1510 3685 1
1510 10003 4
1510 897 3
1510 839 5
1510 10760 5
1510 6770 5
1510 924 4
1510 860 5
1510 913 4
1510 862 5
1510 10458 5
1510 2220 5
1510 1518 5
1510 3950 4
1510 3721 5
1510 967 4
1510 4829 4
1510 10761 5
1510 954 5
1510 4047 4
1510 8952 5
1510 5005 5
1510 7759 5
1510 8505 4
1510 1097 5
1510 10762 4
1510 857 5
1510 1067 3
1510 588 5
1510 2497 5
1511 8640 3
1511 2045 1
1511 10027 2
1511 1025 2
1511 4540 4
1511 3752 4
1511 942 3
1511 10763 1
1511 10764 1
1511 1076 2
1512 8048 5
1512 326 5
1512 8634 3
1512 4146 5
1512 10090 5
1512 8571 5
1512 6515 5
1512 8712 5
1512 3446 5
1512 5737 5
1512 5953 5
1512 10461 5
1513 904 4
1513 2373 4
1513 1052 5
1513 10419 1
1513 3797 5
1513 5409 5
1513 4748 3
1513 589 5
1513 9720 5
1513 3814 5
1513 257 5
1513 7947 2
1513 9731 3
1513 3921 5
1513 814 3
1513 2465 5
1513 791 3
1513 4630 2
1513 805 4
1513 3773 5
1513 7526 5
1514 10765 4
1514 5854 5
1514 1357 5
1514 4776 5
1514 4629 4
1514 1876 4
1514 789 5
1514 5601 3
1514 9732 3
1514 5220 4
1514 5185 5
1514 2695 4
1514 5850 3
1514 10766 4
1514 8747 3
1514 3953 4
1514 95 5
1514 2019 4
1514 10161 4
1514 10767 5
1514 9572 5
1514 8585 5
1514 3768 3
1514 8495 4
1514 5279 3
1514 239 4
1514 4135 3
1514 9950 4
1514 910 4
1514 4409 3
1514 10407 1
1514 5597 4
1514 7188 5
1515 10521 5
1515 7504 5
1515 10487 3
1515 7751 1
1515 2363 5
1515 10506 4
1515 7734 1
1515 10768 5
1515 1365 5
1515 8504 5
1515 1067 5
1515 10769 4
1516 8293 5
1516 4795 5
1516 4801 5
1516 4294 5
1516 3901 5
1516 1029 5
1516 2048 4
1516 10770 5
1516 3738 5
1516 9452 5
1516 6844 5
1516 4661 5
1516 3435 5
1516 153 4
1516 1000 5
1516 10041 5
1516 4673 3
1516 10771 4
1516 9088 1
1516 954 5
1517 10772 5
1517 7575 3
1517 5156 5
1517 9305 1
1517 1412 5
1517 1408 5
1517 3666 5
1517 323 1
1517 772 5
1517 837 5
1517 1052 4
1517 5482 4
1517 9440 1
1517 1420 1
1517 1406 4
1517 8601 5
1517 985 5
1517 712 1
1517 3595 1
1517 3272 5
1517 77 5
1517 1272 1
1517 258 5
1517 10773 4
1517 1417 5
1517 10157 4
1517 9772 5
1517 9111 3
1517 105 5
1517 704 5
1517 10774 4
1517 9761 4
1517 312 3
1517 3315 2
1517 9428 5
1517 792 4
1517 9184 5
1517 1526 5
1517 211 5
1517 5294 5
1517 10738 5
1517 3964 5
1517 254 5
1517 5164 5
1517 8737 5
1517 4513 5
1517 1003 4
1517 10451 4
1517 2745 5
1517 1441 3
1517 3610 1
1517 1985 5
1517 8189 4
1517 5549 4
1517 10775 5
1517 10776 5
1517 9124 3
1517 4823 4
1517 8565 5
1517 10403 5
1517 2558 5
1517 10410 5
1517 4833 2
1517 1458 4
1517 10777 4
1517 4234 4
1517 4639 3
1517 3824 2
1517 1049 5
1517 10698 5
1517 10717 4
1517 3910 4
1517 3852 5
1517 6587 5
1517 10778 1
1517 9438 4
1517 897 3
1517 918 5
1517 389 5
1517 5228 3
1517 1067 4
1517 917 5
1517 10779 5
1517 814 5
1517 939 1
1517 5733 2
1517 4872 5
1517 10780 4
1517 1470 3
1517 1090 5
1517 5890 4
1517 3884 4
1517 9945 1
1517 10127 3
1517 5833 5
1517 925 5
1517 934 5
1517 327 4
1517 5048 1
1517 271 4
1517 920 4
1517 10781 4
1517 2329 4
1517 10782 3
1517 3846 5
1517 315 5
1517 956 5
1517 10563 5
1517 969 5
1517 10513 3
1517 8682 4
1517 966 5
1517 9444 4
1517 5165 5
1517 1048 5
1517 963 5
1517 10783 4
1517 3948 5
1517 9447 3
1517 994 3
1517 9688 5
1517 10784 3
1517 910 3
1517 1450 4
1517 10785 2
1517 979 5
1517 9422 4
1517 1365 5
1517 5571 5
1517 10786 5
1517 901 5
1517 9220 4
1517 8495 2
1517 4216 3
1517 1457 1
1517 3940 5
1517 10748 1
1517 978 4
1517 5633 5
1517 900 5
1517 5228 5
1517 5312 5
1517 3621 5
1517 10676 1
1517 5321 1
1517 10122 2
1517 10787 3
1517 962 5
1517 1466 5
1517 4676 5
1517 7375 3
1517 3603 5
1517 3801 5
1517 3832 5
1517 1075 2
1517 1021 5
1517 9390 5
1517 4776 5
1517 8342 5
1517 10788 5
1517 488 5
1517 9210 1
1517 1280 5
1517 1959 4
1517 3155 5
1517 10505 4
1517 6595 4
1517 10487 3
1517 3749 4
1517 5370 4
1517 5229 3
1517 9153 1
1517 992 4
1517 9992 2
1517 3754 5
1517 971 2
1517 3340 5
1517 5617 5
1517 6664 1
1517 7505 1
1517 9980 5
1517 9678 3
1517 1077 5
1517 9601 5
1517 4787 5
1517 6039 5
1517 10789 1
1517 1329 4
1517 1357 5
1517 906 5
1517 10790 5
1517 10791 1
1517 8499 3
1517 1071 2
1517 8954 5
1517 3943 5
1517 10058 5
1517 10792 4
1517 5166 4
1517 10793 1
1517 5167 1
1517 4788 3
1518 10794 4
1518 10483 3
1518 10625 4
1518 10795 1
1518 3950 5
1518 10253 5
1518 9763 5
1518 914 5
1518 900 5
1518 5481 5
1518 5092 2
1518 170 5
1518 5326 5
1518 5808 5
1518 8430 4
1518 9852 5
1518 1960 4
1518 5733 3
1518 7505 4
1518 985 5
1518 4634 4
1518 934 5
1518 3156 5
1518 1365 5
1518 9805 5
1518 3820 5
1518 3949 4
1518 3627 4
1518 3446 5
1518 10796 5
1519 805 5
1519 7499 5
1519 8987 5
1519 7497 5
1519 8785 5
1519 5488 5
1519 3601 5
1519 10797 5
1519 10486 5
1519 8303 5
1519 3579 5
1519 5396 4
1519 2726 4
1519 1960 5
1519 4511 4
1519 10798 5
1519 10799 5
1519 3985 5
1519 5749 5
1519 10095 5
1519 1829 4
1519 8339 4
1519 9535 5
1519 9936 5
1519 6614 3
1519 9992 4
1519 8637 5
1519 2253 5
1519 10500 4
1519 3777 2
1519 10485 4
1519 10800 5
1519 6976 4
1519 922 5
1519 7425 5
1519 8362 5
1519 1481 5
1519 1791 5
1519 1488 4
1519 5182 5
1519 10504 5
1519 5391 5
1519 7463 5
1519 5362 5
1519 2395 5
1519 5393 4
1519 6966 5
1519 10501 5
1519 5403 5
1519 1061 3
1519 3752 5
1519 938 5
1519 1067 5
1519 638 5
1519 3398 5
1519 10801 5
1519 8495 5
1519 10802 4
1519 4210 5
1519 4787 5
1519 8973 5
1519 5360 5
1519 2005 5
1519 10238 4
1519 10784 5
1519 10082 5
1519 5402 4
1519 10803 5
1519 3851 5
1519 5381 5
1519 5401 4
1519 10804 5
1519 10805 5
1519 892 2
1519 974 4
1519 4299 5
1519 10427 4
1519 1495 5
1519 8830 4
1519 2314 5
1519 5654 5
1519 5342 5
1519 1049 5
1519 1075 4
1519 9461 5
1519 4439 5
1519 1513 1
1519 8843 2
1519 5808 2
1519 7525 5
1519 7571 5
1519 5684 5
1519 7464 5
1519 1442 5
1519 4561 5
1519 9435 5
1519 9829 4
1519 4829 4
1519 3757 5
1519 1050 5
1519 2516 4
1519 2398 5
1519 6376 5
1519 3820 5
1519 852 5
1519 3796 5
1519 5343 5
1519 10512 5
1519 6646 2
1519 10432 5
1519 933 4
1519 8664 4
1519 9826 5
1519 6586 5
1519 1960 5
1519 3085 5
1519 7992 4
1519 4717 5
1519 1054 5
1519 919 4
1519 10497 4
1519 5223 5
1519 963 5
1519 7693 5
1519 5300 4
1519 2380 5
1519 7207 5
1519 3044 5
1519 5347 4
1519 968 5
1519 7460 5
1519 5301 2
1519 9669 5
1519 2242 4
1519 3829 5
1519 7610 5
1519 2646 5
1519 3194 5
1519 4710 5
1519 9603 4
1519 8827 5
1519 9609 5
1519 788 5
1519 10806 4
1519 3519 4
1519 986 5
1519 2093 5
1519 363 4
1519 9071 5
1519 3388 3
1519 8847 5
1519 550 5
1519 952 4
1519 4164 5
1519 7427 4
1519 2425 5
1519 1424 4
1519 10116 5
1519 2019 5
1519 3060 4
1519 9583 4
1519 4628 5
1519 8203 5
1519 7559 1
1519 9096 5
1519 5352 5
1519 9988 5
1519 810 2
1519 6971 5
1519 1618 5
1519 6224 5
1519 4848 5
1519 7505 2
1519 1344 5
1519 10807 5
1519 1452 5
1520 4027 4
1520 2916 5
1520 10808 5
1520 9615 4
1520 10293 4
1520 4358 4
1520 3782 2
1520 1510 5
1520 3315 5
1520 860 5
1520 4834 5
1521 2712 5
1521 9054 2
1521 814 5
1521 2713 5
1521 4216 2
1521 3615 4
1521 6436 4
1521 5930 4
1521 4033 5
1521 8232 5
1521 10809 2
1521 10810 3
1522 9764 5
1522 1060 4
1522 8087 5
1522 8745 4
1522 3208 4
1522 10811 2
1522 10812 5
1522 1468 4
1522 10242 4
1522 9663 4
1522 3764 5
1522 10813 5
1522 3340 4
1522 978 4
1522 5318 5
1522 5318 5
1522 10814 5
1522 5318 5
1522 3623 5
1522 5318 3
1523 4705 5
1523 2713 5
1523 3420 4
1523 7865 5
1523 903 3
1523 8063 5
1524 8152 5
1524 5601 4
1524 10815 5
1524 10816 3
1524 3908 3
1524 6224 4
1524 10817 5
1524 2005 5
1524 3827 2
1524 804 5
1524 1429 4
1524 10818 4
1524 10819 3
1524 9482 4
1524 5779 5
1524 717 5
1524 917 5
1524 924 3
1524 814 5
1524 10024 1
1524 8258 1
1524 9337 4
1524 6004 4
1524 7788 5
1524 1842 5
1524 5733 4
1524 4254 3
1524 3226 3
1524 7579 5
1524 1280 5
1524 6269 5
1524 974 3
1524 10051 4
1524 979 4
1524 2048 4
1524 947 3
1524 934 5
1524 3064 4
1524 10820 5
1524 10577 5
1524 3913 5
1525 9313 5
1525 891 5
1525 9165 5
1525 7686 3
1525 7955 5
1525 7539 5
1525 7316 5
1525 9233 5
1525 3442 4
1525 862 5
1525 1067 5
1525 10821 4
1525 10395 4
1525 9553 5
1525 4095 5
1525 10822 4
1525 10823 4
1525 8492 5
1525 6369 5
1525 4018 5
1525 5554 5
1525 9688 3
1525 5552 5
1525 5733 4
1525 1503 3
1525 4634 3
1525 10122 1
1525 3230 5
1525 9666 4
1525 9288 5
1525 4543 4
1525 1510 5
1525 908 5
1525 9925 5
1525 10295 5
1525 9650 5
1525 4820 5
1525 10695 5
1525 1008 5
1525 839 5
1525 6182 2
1525 2417 5
1525 3579 5
1525 10297 5
1525 816 4
1525 8988 1
1525 9492 5
1525 5504 5
1526 4135 5
1526 9635 5
1526 3985 4
1526 5733 4
1526 1876 3
1526 969 5
1526 952 5
1526 10237 5
1526 978 4
1526 802 5
1526 1516 4
1526 3085 4
1526 2965 5
1526 9296 5
1526 5489 4
1526 10104 5
1526 10824 4
1526 2102 3
1526 934 5
1526 5638 5
1526 5048 4
1526 10138 5
1526 10825 4
1526 4643 5
1526 4852 3
1526 10533 4
1526 3744 4
1526 8248 5
1526 3784 5
1527 5610 5
1527 5434 5
1527 548 5
1527 9645 5
1527 10026 5
1527 143 5
1527 717 4
1527 7631 5
1527 37 5
1527 4802 5
1527 4829 5
1527 10826 4
1527 8207 4
1528 934 5
1528 9728 5
1528 952 5
1528 1450 2
1528 877 5
1528 3550 5
1528 4933 4
1529 207 5
1529 9514 5
1529 211 5
1529 193 4
1529 938 4
1529 10308 3
1529 3927 4
1529 168 5
1529 10623 5
1529 10112 5
1529 5912 4
1529 8495 4
1529 868 5
1529 934 5
1529 3790 4
1529 327 3
1529 3420 5
1530 1753 4
1530 10827 4
1530 10188 3
1530 10534 3
1530 4232 2
1530 4967 5
1530 4634 2
1530 3819 1
1530 2048 4
1530 5737 4
1530 7503 5
1530 3969 4
1530 8566 4
1531 3284 5
1531 7842 5
1531 972 5
1531 792 4
1531 9935 4
1531 2429 5
1531 941 5
1531 3891 4
1531 10046 5
1531 10828 5
1531 3657 5
1531 3138 5
1531 5239 5
1531 4081 5
1531 10301 5
1531 8506 5
1531 10377 5
1531 934 4
1531 6618 5
1531 3852 5
1531 9527 5
1531 10413 5
1531 6707 4
1531 1526 5
1531 941 5
1531 2376 5
1531 10393 5
1531 1688 5
1531 10268 5
1531 9944 5
1532 5069 3
1532 843 5
1532 7470 4
1532 4297 4
1532 917 5
1532 2018 4
1532 8565 5
1532 3595 2
1532 858 5
1532 1458 4
1532 978 3
1532 1468 4
1532 7558 5
1532 977 4
1532 316 5
1532 934 5
1532 9561 5
1532 10270 4
1532 5508 5
1532 5435 5
1532 10670 4
1532 2973 5
1532 1500 4
1532 7249 4
1532 10829 5
1532 1241 4
1532 4634 4
1532 3151 4
1532 10830 5
1532 2743 4
1532 10831 4
1532 9684 5
1532 2257 5
1532 901 4
1532 5546 3
1532 10832 3
1532 814 5
1532 979 5
1532 900 5
1532 4872 4
1532 9676 4
1532 1493 4
1532 239 4
1532 1013 4
1532 8362 5
1532 8682 5
1532 992 3
1532 3884 5
1532 1469 4
1532 5392 5
1532 10120 5
1532 3315 5
1532 771 4
1532 6948 4
1532 10153 4
1532 4394 3
1532 9741 4
1532 10593 5
1532 8648 4
1532 1012 4
1532 10833 5
1532 5481 4
1532 10110 4
1532 8664 4
1532 8499 2
1532 1349 4
1532 7402 4
1532 10834 5
1532 1365 5
1532 4135 4
1532 8033 4
1532 2741 4
1532 5130 4
1532 10835 5
1532 3913 4
1532 3070 3
1532 10476 4
1532 4848 3
1533 7226 5
1533 9699 5
1533 4090 5
1533 10836 5
1533 2052 2
1533 4009 5
1533 3959 3
1533 9801 5
1533 3686 4
1533 1852 5
1533 952 5
1533 10837 5
1533 9777 3
1533 9323 2
1533 10803 5
1533 7374 5
1533 7992 4
1533 5239 5
1533 939 5
1533 10838 5
1533 8479 4
1533 8712 5
1533 3913 5
1533 3798 5
1533 963 5
1533 5446 1
1533 994 3
1533 906 4
1533 4408 2
1533 1629 4
1533 1001 5
1533 8495 4
1533 327 4
1533 10021 3
1533 3903 3
1533 947 4
1533 4639 3
1533 7526 5
1533 2009 5
1534 10839 5
1534 104 5
1534 6837 4
1534 658 4
1534 4893 5
1534 8597 5
1534 2373 5
1534 780 5
1534 751 5
1534 8596 5
1534 686 4
1534 4751 2
1534 276 5
1534 683 4
1534 4023 4
1534 7976 3
1534 9159 4
1534 10840 3
1534 6708 5
1534 8848 5
1534 490 4
1534 3383 3
1534 2425 5
1534 9958 3
1534 2277 4
1534 5930 3
1534 577 4
1534 722 5
1534 4718 4
1534 1314 5
1534 3516 5
1534 515 5
1534 677 4
1534 4627 5
1534 334 3
1534 666 4
1534 1301 4
1534 4891 5
1534 3464 3
1534 10828 5
1534 323 5
1534 6935 3
1534 455 5
1534 829 5
1534 580 4
1534 7523 5
1534 5702 4
1534 309 5
1534 2929 2
1534 8298 5
1534 2145 5
1534 217 5
1534 713 1
1534 9131 4
1534 2174 5
1534 724 5
1534 4375 3
1534 824 5
1534 1278 5
1534 409 5
1534 10841 3
1534 5211 4
1534 8259 4
1534 10134 5
1534 3992 5
1534 1516 5
1534 6968 3
1534 1331 5
1534 762 5
1534 10842 4
1534 4821 5
1534 258 5
1534 9776 5
1534 7551 5
1534 1637 5
1534 7754 4
1534 8921 4
1534 10141 5
1534 4280 5
1534 312 5
1534 4782 4
1534 4117 5
1534 4907 5
1534 1275 1
1534 5815 4
1534 3695 3
1534 6370 5
1534 6076 4
1534 813 3
1534 4317 3
1534 772 3
1534 776 5
1534 8628 5
1534 293 5
1534 867 2
1534 7450 4
1534 127 4
1534 3602 5
1534 8321 2
1534 9346 5
1534 864 5
1534 4025 5
1534 2696 5
1534 872 5
1534 2718 5
1534 877 5
1534 934 4
1534 888 2
1534 881 3
1534 8946 5
1534 10096 3
1534 10272 4
1534 7716 3
1534 839 5
1534 2089 5
1534 1047 4
1534 717 4
1534 860 5
1534 1075 1
1534 3590 5
1534 10698 5
1534 3135 4
1534 2901 5
1534 3194 4
1534 862 5
1534 640 1
1534 9016 4
1534 909 1
1534 3146 5
1534 8878 4
1534 3954 3
1534 952 4
1534 4304 5
1534 326 5
1534 783 5
1534 814 5
1534 925 5
1534 4465 5
1534 3779 5
1534 1067 5
1534 7052 4
1534 900 5
1534 1049 3
1534 7589 2
1534 7751 5
1534 5997 3
1534 974 2
1534 4216 4
1534 7416 4
1534 10027 4
1534 5574 4
1534 5924 4
1534 1081 5
1534 2648 4
1534 514 1
1534 8168 5
1534 4863 4
1534 4144 3
1534 7264 5
1534 10843 2
1534 3814 3
1534 10282 2
1534 892 4
1534 10651 2
1534 10844 5
1534 10332 5
1534 3226 2
1534 8856 5
1534 10845 5
1534 1349 4
1534 484 3
1534 5511 4
1534 4091 5
1534 3819 3
1534 3064 4
1534 1041 4
1534 4829 5
1534 9210 1
1535 8599 3
1535 3673 5
1535 1211 1
1535 3256 5
1535 2160 5
1535 3563 1
1535 384 5
1535 3381 5
1535 1629 5
1535 6837 4
1535 691 5
1535 1235 5
1535 9805 4
1535 9303 4
1535 3740 2
1535 620 4
1535 975 3
1535 4161 4
1535 10846 4
1535 4782 4
1535 934 3
1535 5228 4
1535 1370 5
1535 5419 5
1535 7976 4
1535 10847 4
1535 640 1
1535 3556 5
1535 2047 5
1535 7734 3
1535 1510 4
1535 2692 5
1535 1262 5
1535 830 5
1535 751 1
1535 5703 5
1535 9604 5
1535 554 5
1535 2445 5
1535 288 5
1535 323 5
1535 2655 1
1535 10555 4
1535 722 5
1535 3592 4
1535 706 2
1535 1402 5
1535 2181 5
1535 5615 5
1535 704 5
1535 258 1
1535 10848 5
1535 843 3
1535 211 5
1535 6356 4
1535 8286 3
1535 1945 5
1535 732 5
1535 5346 5
1535 772 5
1535 739 5
1535 28 5
1535 762 5
1535 1403 1
1535 104 5
1535 1395 5
1535 276 3
1535 9584 1
1535 196 5
1535 712 5
1535 4280 5
1535 4789 5
1535 8751 5
1535 5695 5
1535 7856 5
1535 1050 3
1535 10137 5
1535 6968 5
1535 10849 5
1535 10183 2
1536 5822 5
1536 4353 5
1536 1515 2
1536 2152 5
1536 4231 5
1536 10276 5
1536 258 5
1536 8891 5
1536 9120 5
1536 9507 5
1536 10026 5
1536 4635 5
1536 10729 5
1536 950 5
1536 1038 5
1536 10247 4
1536 10729 5
1536 9780 5
1537 312 5
1537 1623 5
1537 3960 5
1537 1275 3
1537 8099 5
1537 3954 1
1537 4791 1
1537 735 5
1537 4044 3
1537 309 5
1537 755 3
1537 4280 5
1537 3758 5
1537 1403 1
1537 8745 4
1537 5550 2
1537 9657 5
1537 5024 5
1537 3592 5
1537 881 5
1537 5442 5
1537 960 5
1537 640 1
1537 9442 3
1537 5659 4
1537 7413 5
1537 9553 5
1537 5254 1
1537 913 3
1537 900 5
1537 3770 5
1537 931 4
1537 3956 4
1537 589 2
1537 1067 4
1537 928 5
1537 8751 5
1537 923 1
1537 921 5
1537 8782 5
1537 975 3
1537 8754 5
1537 920 2
1537 814 5
1537 8098 2
1537 10649 5
1537 3261 5
1537 5246 5
1537 3590 5
1537 1876 5
1537 9648 5
1537 934 5
1537 327 4
1537 3085 5
1537 10850 5
1537 9683 5
1537 5245 5
1537 956 5
1537 9475 5
1537 239 4
1537 5309 4
1537 5240 4
1537 1086 4
1537 4056 5
1537 10851 5
1537 4829 4
1537 5808 5
1537 2036 4
1537 10852 5
1537 5184 5
1537 9984 5
1537 178 4
1538 5844 5
1538 861 5
1538 1441 5
1538 10350 5
1538 3166 4
1538 8761 5
1538 3893 5
1538 4031 5
1538 3041 4
1538 3782 3
1538 3778 5
1538 1067 1
1538 1519 4
1538 897 3
1538 10853 5
1538 3272 3
1538 10127 1
1538 4220 1
1538 2648 5
1538 10200 4
1538 3576 5
1538 5463 5
1538 5549 3
1538 2558 4
1538 934 5
1538 1365 5
1538 3614 5
1538 8462 5
1538 5397 3
1538 1052 5
1538 10770 5
1538 10854 5
1538 10765 5
1538 900 3
1538 992 4
1538 5492 4
1538 5510 5
1538 4190 5
1538 7992 4
1538 978 3
1538 9135 1
1538 5434 5
1538 979 5
1538 1466 5
1538 9947 5
1538 4022 2
1538 3315 4
1538 9100 5
1538 6941 3
1538 8203 5
1538 954 1
1538 3801 4
1538 10855 2
1538 1082 4
1538 3161 5
1538 10856 5
1538 10857 5
1538 10843 1
1538 143 5
1538 5733 5
1538 10197 4
1538 10021 1
1538 3156 5
1538 2919 3
1538 8755 3
1538 638 5
1538 4683 5
1538 10858 5
1538 8742 4
1538 10859 5
1538 5850 4
1538 9624 5
1538 4976 4
1538 3420 5
1538 3853 5
1538 9663 1
1538 5058 5
1538 8615 5
1538 4673 1
1538 10860 5
1538 3873 5
1538 10550 5
1539 4183 4
1539 934 5
1539 862 5
1539 860 5
1539 839 5
1539 1510 5
1539 5739 5
1539 979 4
1539 1938 5
1539 3883 5
1539 3932 5
1539 5680 5
1539 3935 5
1539 10861 5
1539 3882 5
1539 901 5
1539 4084 5
1539 7052 5
1539 10862 5
1539 5796 5
1539 1961 5
1540 10863 5
1540 1457 3
1540 2893 2
1540 1001 4
1540 902 5
1540 3827 4
1540 8335 3
1540 9959 4
1540 977 3
1540 326 5
1540 8782 3
1540 9110 5
1540 3797 4
1540 1086 5
1540 1928 5
1540 10864 4
1540 1876 3
1540 900 5
1540 885 4
1540 1334 5
1540 941 5
1540 5307 5
1540 9159 5
1540 2916 5
1540 9173 3
1540 10865 5
1540 6942 5
1540 10866 3
1540 9519 3
1540 3773 5
1540 3869 5
1540 3875 3
1540 4708 5
1540 3870 5
1540 10227 4
1540 5141 5
1540 8500 3
1540 10867 4
1540 10606 5
1540 8994 4
1540 5177 4
1540 1521 4
1540 1509 4
1540 10868 4
1540 3852 5
1540 5003 4
1540 5997 5
1540 9435 5
1540 2264 5
1540 4917 2
1540 2921 5
1540 10519 4
1540 10801 4
1540 10398 5
1540 10397 3
1540 5930 2
1540 5142 5
1540 5139 5
1540 8463 3
1540 7301 5
1540 2656 5
1541 852 2
1541 920 1
1541 10869 5
1541 3959 5
1541 2965 5
1541 6443 5
1541 3089 5
1541 923 2
1541 6564 4
1541 7510 5
1541 2965 5
1541 284 4
1541 5621 2
1541 3149 4
1542 4613 5
1542 7494 5
1542 3666 5
1542 1865 1
1542 9767 4
1542 10792 4
1542 3446 5
1542 8087 4
1542 1441 3
1542 9111 4
1542 934 4
1542 5490 5
1542 10673 3
1542 947 5
1542 4833 4
1542 3935 4
1542 4436 5
1542 3717 5
1542 1876 4
1542 3267 4
1542 3766 5
1542 10830 4
1542 5358 4
1542 10227 4
1542 5213 5
1542 4135 5
1542 7586 3
1542 3849 4
1542 5335 3
1542 8493 4
1542 979 5
1542 5737 2
1542 10870 4
1542 1042 3
1543 5961 5
1543 3700 3
1543 8513 4
1543 1276 3
1543 8660 4
1543 8032 3
1543 4182 3
1543 2296 5
1543 891 5
1543 3465 2
1543 6333 5
1543 4848 3
1543 805 5
1543 7560 5
1543 10871 4
1543 5089 3
1543 7062 5
1543 10472 2
1544 10872 2
1544 717 5
1544 7568 5
1544 5159 5
1544 10873 5
1544 10507 2
1544 5595 4
1544 4974 5
1544 9174 5
1544 3138 5
1544 589 1
1544 10874 5
1544 8428 5
1545 657 3
1545 7633 1
1545 1081 4
1545 4676 5
1545 1470 4
1545 9441 4
1545 4559 3
1545 143 4
1545 10803 4
1545 1052 4
1545 8922 4
1545 9772 5
1545 934 4
1545 4791 3
1545 4443 4
1545 5228 1
1545 5630 5
1545 9103 5
1545 7073 4
1545 10505 3
1545 10762 4
1545 3969 4
1545 2811 5
1545 927 5
1545 3884 4
1545 10760 3
1545 6633 4
1545 6633 4
1545 10789 3
1545 1524 4
1545 10331 4
1545 3612 3
1545 10233 4
1545 1098 4
1545 5833 4
1545 3749 4
1545 5175 4
1545 10875 2
1545 10876 2
1545 1329 5
1545 10487 2
1546 9189 4
1546 3446 2
1546 4829 5
1546 1041 5
1546 10283 4
1546 8602 5
1546 9493 5
1546 3464 4
1546 10877 2
1546 4317 5
1546 4295 5
1546 8197 2
1546 1003 3
1546 948 5
1546 10878 4
1547 8574 5
1547 1949 5
1547 10649 5
1547 5239 5
1547 10879 5
1547 7441 5
1547 980 5
1547 10112 5
1547 4244 4
1547 2916 2
1547 7463 5
1547 124 5
1547 4489 4
1547 327 2
1547 5246 5
1547 9099 5
1547 10426 4
1547 5552 4
1547 4045 5
1547 9944 5
1547 4135 4
1547 3714 5
1547 9094 4
1547 9572 5
1547 10031 5
1547 5643 5
1547 5646 4
1547 10862 5
1547 10880 4
1547 3446 5
1547 9617 3
1547 9773 4
1547 8495 4
1547 3935 5
1547 10122 3
1547 10881 5
1547 7507 5
1547 4727 4
1547 2046 2
1547 9499 2
1547 10613 4
1547 4968 5
1547 3521 4
1547 10882 5
1547 4969 5
1547 8791 5
1547 8440 5
1547 9975 5
1547 1060 4
1548 8663 4
1548 3836 5
1548 3383 5
1548 305 4
1548 7398 3
1548 5341 5
1548 1637 4
1548 500 4
1548 5036 2
1548 1370 3
1548 7253 4
1548 5328 4
1548 10802 5
1548 2715 5
1548 9657 5
1548 3046 3
1548 2987 2
1548 2315 4
1548 1407 4
1548 2718 5
1548 1466 5
1548 5805 5
1548 2928 5
1548 9345 4
1548 5867 5
1548 2419 5
1548 9510 5
1548 1837 3
1548 842 5
1548 2340 2
1548 10310 5
1548 842 5
1548 3393 5
1548 10448 4
1548 4049 4
1548 1382 4
1548 7356 3
1548 8159 4
1548 1394 3
1548 4625 5
1548 3805 4
1548 9685 3
1548 411 5
1548 864 5
1548 5416 5
1548 10883 5
1548 5850 4
1548 2151 5
1548 4777 5
1548 1332 3
1548 1319 5
1548 4154 3
1548 5801 4
1548 7373 5
1548 10597 5
1548 9217 4
1548 792 5
1548 1449 5
1548 10884 5
1548 3834 4
1548 2244 5
1548 9454 5
1548 5087 3
1548 9176 5
1548 8856 1
1548 7263 4
1548 4549 4
1548 863 1
1548 6846 5
1548 3592 4
1548 4693 4
1548 6515 5
1548 3666 5
1548 3869 4
1548 3781 4
1548 4854 5
1548 5524 5
1548 4631 4
1548 2695 5
1548 6662 5
1548 1853 5
1548 3541 4
1548 2722 4
1548 10803 5
1548 909 1
1548 3739 5
1548 9554 3
1548 4801 5
1548 5122 1
1548 1884 1
1548 3315 2
1548 5466 5
1548 5890 5
1548 1084 5
1548 3579 5
1548 3762 5
1548 3144 5
1548 3386 5
1548 1876 5
1548 2689 4
1548 3798 3
1548 925 5
1548 5733 4
1548 5579 5
1548 10024 4
1548 1519 4
1548 3041 3
1548 8848 4
1548 4627 4
1548 1365 5
1548 7969 4
1548 3761 4
1548 1054 4
1548 1493 5
1548 9772 4
1548 4848 4
1548 3600 4
1548 2373 4
1548 484 4
1548 2558 5
1548 3797 3
1548 9447 4
1548 992 5
1548 2373 4
1548 5127 5
1548 3799 5
1548 10885 4
1548 10021 3
1548 5549 3
1548 920 3
1548 10271 4
1548 10886 2
1548 8601 3
1548 9437 4
1548 900 3
1548 9444 3
1548 9440 2
1548 8498 3
1548 10696 4
1548 926 4
1548 638 4
1548 10031 5
1548 10483 2
1548 3927 3
1548 9445 3
1548 5482 3
1548 9442 3
1548 10238 4
1548 4565 3
1548 1026 5
1548 4961 5
1548 218 5
1548 5597 5
1548 738 5
1548 3151 4
1548 1439 5
1548 3686 3
1548 3947 5
1548 465 4
1548 3617 4
1548 3388 3
1548 4597 4
1548 1515 4
1548 239 4
1548 3773 4
1548 3275 5
1548 5985 5
1548 6622 5
1548 10435 5
1548 10654 4
1548 930 3
1548 10887 1
1548 5307 3
1548 1011 2
1548 5184 4
1548 8644 4
1548 5463 4
1548 5395 4
1548 1521 3
1548 10888 4
1548 10889 2
1548 3757 4
1548 9624 4
1548 10890 4
1548 10540 4
1548 10679 4
1548 10252 5
1548 10891 2
1548 3941 4
1548 977 4
1548 10892 3
1548 10520 5
1548 10615 4
1548 10893 4
1548 4877 5
1548 2726 5
1548 3808 4
1548 266 4
1548 10749 2
1548 1025 3
1548 3606 4
1548 10894 5
1548 8640 4
1548 2721 4
1548 6000 5
1548 7920 3
1548 10250 4
1548 1280 5
1548 3950 5
1548 10895 1
1548 10895 1
1548 1076 4
1548 9969 4
1548 4188 4
1548 934 3
1548 3801 5
1548 906 5
1548 6664 1
1548 5951 5
1548 9187 4
1548 10784 5
1548 4135 5
1548 1075 1
1548 10896 4
1548 10897 5
1548 9673 4
1548 10506 3
1548 3615 4
1548 10450 5
1548 1450 3
1548 947 4
1548 934 4
1548 10898 4
1548 9981 3
1548 3884 4
1548 4833 2
1548 2152 3
1548 4019 4
1548 812 5
1548 3944 4
1548 8005 3
1548 10775 5
1548 1067 5
1548 5318 2
1548 1079 3
1548 3250 3
1548 10899 2
1548 6336 4
1548 10508 4
1548 9671 5
1548 10633 4
1548 10413 5
1548 4275 2
1548 5226 5
1548 3340 5
1548 10701 5
1548 8033 4
1548 9665 5
1548 9626 5
1548 9626 5
1548 3832 4
1549 6618 5
1549 3814 4
1549 10103 5
1549 10900 3
1549 8323 4
1549 8760 5
1549 6923 3
1549 2243 3
1549 7527 5
1549 3096 4
1549 920 4
1549 979 5
1549 10577 4
1549 10901 1
1549 4385 5
1549 9941 5
1549 4250 5
1549 5554 4
1549 4091 5
1549 5552 5
1549 10902 5
1549 455 4
1549 10565 3
1549 978 4
1549 934 5
1549 4427 5
1549 3766 4
1549 3659 5
1549 1482 4
1549 8127 3
1549 1467 5
1549 8982 5
1549 9329 5
1549 1026 5
1549 4275 4
1549 8592 5
1549 4400 3
1549 4918 4
1549 812 5
1549 3194 4
1549 7751 4
1549 10903 4
1549 10850 4
1549 9775 4
1549 1334 4
1549 3928 4
1549 9099 3
1549 10564 4
1549 5776 4
1549 4395 3
1549 924 2
1549 10131 1
1549 7905 5
1549 7520 5
1549 4628 5
1549 4784 3
1549 1457 2
1549 482 4
1549 3796 5
1549 862 5
1549 3983 1
1549 1041 3
1549 10581 3
1549 1076 3
1549 5755 3
1549 4589 5
1549 10466 4
1549 4787 4
1549 885 4
1549 4012 1
1549 110 4
1549 1482 2
1549 9450 2
1549 1021 3
1549 4659 2
1549 1510 5
1549 3521 4
1549 3089 5
1549 5220 4
1549 4408 2
1549 4414 5
1549 3819 2
1549 1959 3
1549 1097 4
1549 5127 5
1549 7579 2
1549 9142 5
1549 6664 3
1549 8798 4
1549 9772 3
1549 4172 3
1549 8133 4
1549 9495 4
1549 1425 3
1549 1509 4
1549 10904 4
1549 1365 5
1550 10521 5
1550 907 5
1550 9789 5
1550 3799 5
1550 10420 5
1550 1002 5
1550 885 5
1550 8504 5
1550 10905 5
1550 5060 5
1550 934 5
1550 994 4
1550 3869 5
1551 8870 5
1551 3940 5
1551 2048 4
1551 6400 4
1551 5440 5
1551 4716 5
1551 10287 4
1551 931 2
1551 184 4
1551 910 4
1551 10906 5
1551 9299 4
1551 9100 5
1551 10750 3
1551 1670 5
1551 1067 4
1551 5265 3
1551 1042 4
1551 4395 5
1551 8074 2
1551 5558 5
1551 8481 5
1551 5429 3
1551 1870 5
1551 5026 5
1551 1961 5
1551 10230 4
1551 4829 5
1551 900 5
1551 6163 4
1551 4828 4
1551 2831 4
1551 5611 4
1551 5801 4
1551 7420 5
1551 10608 4
1551 888 5
1551 327 2
1551 979 5
1551 8495 4
1551 9741 4
1551 10907 5
1551 6700 5
1551 952 4
1551 1365 5
1551 5253 4
1551 7716 2
1551 2632 4
1551 10670 4
1551 5081 5
1551 1349 3
1551 3064 4
1551 10908 5
1551 4086 5
1551 10909 5
1551 5518 4
1551 8183 4
1551 6562 5
1551 1526 5
1551 10910 4
1551 3757 5
1551 1030 5
1551 4054 3
1551 8602 2
1551 3768 2
1552 3827 4
1552 8299 5
1552 10166 5
1552 1064 5
1552 10741 4
1552 1092 3
1552 10294 5
1552 4878 5
1552 8501 4
1552 10188 3
1552 3686 2
1552 5815 4
1552 8988 4
1552 8489 5
1552 5733 5
1552 9788 3
1552 5539 5
1552 4647 5
1552 2048 5
1552 9171 5
1552 920 4
1552 930 4
1552 4019 5
1552 9668 5
1552 10911 5
1552 934 5
1552 2701 5
1552 239 3
1552 4783 5
1552 1013 4
1552 2062 5
1552 3908 3
1552 979 5
1552 978 4
1552 1690 5
1552 10031 5
1552 638 3
1552 3275 5
1552 1042 4
1552 9657 5
1552 4022 5
1552 977 4
1552 3447 4
1552 10912 2
1552 901 5
1552 3121 5
1552 814 5
1552 266 3
1552 3340 5
1552 900 5
1552 3446 5
1552 10154 5
1552 1063 5
1552 6344 5
1552 10739 5
1552 4848 2
1552 10913 5
1552 8634 5
1552 10175 1
1552 5622 5
1552 10914 2
1552 1516 4
1552 9992 2
1552 5300 3
1552 4935 5
1552 4917 1
1552 5048 1
1552 10653 5
1552 1020 5
1552 5220 5
1552 9773 5
1552 10892 5
1552 2701 5
1552 3934 5
1552 3559 5
1552 1080 1
1552 10424 2
1552 1026 5
1552 1450 5
1552 10739 5
1552 6784 5
1553 9924 5
1553 2263 5
1553 8504 5
1553 1015 4
1553 1017 5
1553 3059 5
1553 8115 5
1553 3845 4
1553 8492 5
1553 1505 4
1553 7006 5
1553 3813 4
1553 1365 5
1553 9925 5
1553 4253 3
1553 5588 5
1553 10508 3
1553 4876 4
1553 488 5
1553 6562 5
1553 3780 4
1553 1006 5
1553 9694 4
1553 8502 4
1553 10426 5
1553 3830 5
1553 8503 5
1553 2205 5
1553 10255 4
1553 1055 5
1553 3267 3
1553 9395 5
1553 3850 5
1553 4545 5
1553 5606 5
1553 3117 5
1553 10143 4
1553 3058 5
1553 1405 4
1553 5586 5
1553 8292 5
1553 6332 4
1553 5042 5
1553 2174 4
1553 941 5
1553 8317 5
1553 10890 4
1553 10915 5
1553 10858 5
1554 4456 5
1554 6496 5
1554 4902 5
1554 1441 1
1554 9946 5
1554 10416 5
1554 4673 3
1554 4561 4
1554 2005 5
1554 1848 5
1554 3447 2
1554 1413 1
1554 5505 5
1554 7615 5
1554 4829 2
1554 10491 4
1554 8646 5
1554 10776 5
1554 10916 3
1554 4878 5
1554 9798 5
1554 1501 5
1554 814 5
1554 4703 1
1554 3985 5
1554 9945 1
1554 4032 5
1554 985 4
1554 958 3
1554 246 5
1554 10914 1
1554 923 1
1554 4276 5
1554 913 5
1554 640 1
1554 979 5
1554 3446 5
1554 1444 4
1554 10496 2
1554 4826 5
1554 10349 4
1554 2494 5
1554 1492 5
1554 3750 4
1554 4049 1
1554 900 5
1554 919 5
1554 920 5
1554 5239 5
1554 4917 1
1554 852 5
1554 5244 5
1554 5171 5
1554 10382 5
1554 3618 4
1554 3763 4
1554 5815 5
1554 944 5
1554 1361 5
1554 327 5
1554 4100 5
1554 934 5
1554 6371 5
1554 10698 5
1554 9113 5
1554 1585 5
1554 1629 5
1554 8742 2
1554 4399 5
1554 10093 4
1554 2036 5
1554 10253 5
1554 9275 2
1555 694 4
1555 8417 4
1555 669 4
1555 9108 1
1555 1278 4
1555 9756 5
1555 7863 5
1555 4906 5
1555 217 1
1555 9388 5
1555 937 4
1555 5695 5
1555 823 4
1555 822 3
1555 8053 4
1555 846 3
1555 1441 3
1555 10917 3
1555 900 5
1555 1002 4
1555 1081 4
1555 10918 5
1555 5358 5
1555 934 5
1555 884 1
1555 3846 4
1555 4628 5
1555 3684 3
1555 901 5
1555 967 1
1555 10919 4
1555 4650 5
1555 814 3
1555 10920 4
1555 994 4
1555 4219 5
1556 5609 5
1556 5744 5
1556 1949 5
1556 104 5
1556 762 4
1556 3348 5
1556 3191 4
1556 772 5
1556 4152 4
1556 7359 5
1556 174 5
1556 5789 5
1556 8722 5
1556 3521 5
1556 4336 4
1556 5004 4
1556 10189 5
1556 258 5
1556 10921 5
1556 4821 5
1556 832 5
1556 312 3
1556 4117 4
1556 6075 4
1556 2091 4
1556 3469 5
1556 217 5
1556 5502 5
1556 1278 5
1556 712 5
1556 1331 5
1556 4981 3
1556 8532 5
1556 28 5
1556 713 1
1556 7520 5
1556 5080 5
1556 323 1
1556 792 5
1556 276 4
1556 867 5
1556 862 5
1556 992 4
1556 934 5
1556 852 5
1556 9088 4
1556 5467 5
1556 7615 5
1556 10312 5
1556 3944 3
1556 4472 5
1556 3108 5
1556 10159 5
1556 925 4
1556 662 4
1556 7885 4
1556 1004 3
1556 857 4
1556 10410 5
1556 4713 4
1556 5832 4
1556 5798 5
1556 5409 1
1556 3985 4
1556 955 5
1556 1936 5
1556 885 5
1556 1467 4
1556 988 5
1556 8496 5
1556 3750 4
1556 1960 4
1556 7522 5
1556 6213 5
1556 3713 5
1556 5129 5
1556 10031 4
1556 1067 5
1556 9603 5
1556 7678 5
1556 6400 5
1556 5480 4
1556 10300 5
1556 3182 4
1556 4520 5
1556 8321 5
1556 3826 4
1556 4404 5
1556 9646 5
1556 3819 5
1556 5654 5
1556 5234 5
1556 8514 5
1556 9399 5
1556 3763 5
1556 10426 5
1556 4971 4
1556 9798 4
1556 952 4
1556 961 5
1556 963 5
1556 10871 5
1556 1501 3
1556 5762 3
1556 5284 3
1556 9527 5
1556 5266 4
1556 858 5
1556 10106 5
1556 178 5
1556 1515 4
1556 5524 5
1556 638 5
1556 10105 5
1556 7192 4
1556 7679 5
1556 9698 5
1556 5220 5
1556 8585 4
1556 8717 5
1556 7805 5
1556 4395 5
1556 9659 5
1556 7188 5
1556 3687 4
1556 1629 4
1556 3869 3
1556 7631 4
1556 10573 4
1556 10922 5
1556 8979 5
1556 10803 4
1556 3195 5
1556 3446 2
1556 4314 5
1556 994 4
1556 10032 4
1556 8504 5
1556 6185 1
1557 8582 5
1557 4842 5
1557 10923 5
1557 3846 5
1557 638 5
1557 10924 5
1557 8606 5
1557 6499 5
1557 812 5
1557 3913 5
1557 10925 5
1557 994 4
1557 5833 4
1557 10926 5
1557 1349 4
1557 9741 5
1557 978 5
1557 10927 4
1557 9459 4
1557 3760 4
1557 10491 3
1557 10629 5
1557 1452 5
1557 10129 5
1557 5473 5
1557 10928 5
1557 857 5
1557 5633 5
1557 4135 4
1557 9332 4
1557 5370 4
1557 1028 5
1557 10264 4
1557 9624 5
1557 3801 4
1557 5526 5
1557 10929 5
1557 10492 5
1557 966 4
1557 4787 5
1557 7853 5
1557 1469 5
1557 5178 4
1557 4625 3
1557 8313 4
1557 1082 5
1557 10842 4
1557 1054 4
1557 2730 4
1557 9390 5
1557 3806 4
1557 9933 5
1557 3762 5
1557 3796 5
1557 1107 4
1557 10586 5
1557 5617 4
1557 1329 5
1557 10511 3
1557 10730 4
1557 5387 5
1557 1082 5
1557 10467 4
1557 1524 4
1557 6958 5
1557 6618 5
1557 363 4
1557 10479 5
1557 1094 5
1557 1099 5
1558 1409 1
1558 5775 2
1558 9780 3
1558 8637 5
1558 7992 4
1558 10857 5
1558 10610 5
1558 8384 1
1558 10930 5
1558 10859 5
1558 2152 1
1558 1506 3
1558 5213 4
1558 4784 2
1558 10265 5
1558 8500 5
1558 6332 5
1558 10913 5
1558 1493 5
1558 10653 5
1558 9951 5
1558 10113 4
1558 892 1
1558 10931 2
1558 9210 2
1558 8362 5
1558 4634 2
1558 4439 5
1558 10932 5
1558 4787 5
1558 3801 5
1558 3819 4
1558 3905 4
1558 8299 5
1558 5467 5
1558 9332 4
1558 5071 4
1558 10617 4
1558 239 4
1558 9769 4
1558 10419 5
1558 10489 4
1558 4354 4
1558 9411 5
1558 10933 4
1559 3101 5
1559 1439 5
1559 7560 4
1559 6157 5
1559 7426 4
1559 3842 5
1559 10220 5
1559 4100 5
1559 10934 5
1559 3195 4
1559 1066 5
1559 9759 5
1559 10757 5
1559 2019 4
1559 1517 5
1559 7977 5
1559 10935 5
1559 8797 5
1559 10483 4
1559 3869 5
1559 537 5
1559 9719 5
1559 9660 4
1559 5003 4
1559 4676 4
1559 5240 1
1559 3894 5
1559 1003 2
1559 9739 4
1559 3007 4
1559 10936 5
1559 4558 3
1559 8220 5
1559 3614 5
1559 3422 5
1560 3267 4
1560 932 5
1560 7098 5
1560 1509 5
1560 1086 5
1560 979 5
1560 9603 5
1560 8093 5
1560 184 5
1560 961 5
1560 8305 5
1560 5788 5
1560 3492 5
1560 3316 5
1560 9408 5
1560 3949 5
1560 10937 5
1560 1042 3
1560 4788 3
1560 3870 4
1560 9168 5
1560 978 5
1560 9442 4
1560 5240 5
1560 3798 5
1560 980 5
1560 884 4
1560 934 5
1560 900 5
1560 4439 5
1560 9103 5
1560 3645 4
1560 8649 4
1560 814 5
1560 10520 5
1560 10938 5
1560 4675 4
1560 10632 5
1560 966 5
1560 10227 5
1560 5824 5
1560 10320 4
1560 5441 5
1560 4275 5
1560 910 4
1560 3619 4
1560 5733 5
1560 5622 5
1560 1084 4
1560 1618 5
1560 924 5
1560 1629 5
1560 1853 5
1560 10466 5
1560 1026 5
1560 2453 5
1560 10413 5
1560 1521 4
1560 880 5
1560 8199 5
1560 327 3
1560 9574 5
1560 10922 5
1560 1062 5
1560 10672 5
1560 3852 5
1560 749 5
1560 8598 4
1560 4437 5
1560 5220 4
1560 4438 5
1560 996 5
1561 7109 5
1561 1646 4
1561 900 5
1561 814 5
1561 565 5
1561 4377 4
1561 2435 5
1561 2352 2
1561 4782 4
1561 4163 2
1561 4417 3
1561 1377 5
1561 2244 5
1561 4549 4
1561 1865 2
1561 722 5
1561 3123 3
1561 3032 5
1561 3264 4
1561 867 5
1561 3842 5
1561 690 5
1561 10513 3
1561 10176 5
1561 3378 5
1561 736 5
1561 932 5
1561 2194 4
1561 693 5
1561 4401 5
1561 3146 2
1561 4949 5
1561 10544 4
1561 3791 4
1561 1486 5
1561 3850 5
1561 9411 3
1561 10466 5
1561 2624 5
1561 10220 4
1561 3793 5
1561 3194 5
1561 2730 3
1561 9954 5
1561 4406 5
1561 3782 4
1561 5161 3
1561 1266 4
1561 5710 3
1561 2220 5
1561 10939 1
1561 4286 5
1561 8485 5
1561 9914 5
1561 3879 4
1561 5453 5
1561 1522 3
1561 1061 5
1561 4216 3
1561 3617 5
1561 1060 3
1561 9027 2
1562 5557 5
1562 3791 5
1562 1853 5
1562 3606 5
1563 762 1
1563 2737 5
1563 9811 1
1563 9363 5
1563 1583 3
1563 792 4
1563 275 5
1563 4257 3
1563 3623 4
1563 1712 5
1563 1509 5
1563 5046 2
1563 1894 5
1563 3870 4
1563 1734 5
1563 823 3
1563 4757 2
1563 323 4
1563 1382 4
1563 1765 5
1563 4549 4
1563 837 5
1563 759 5
1563 3836 5
1563 10940 4
1563 7471 5
1563 3417 4
1563 6456 3
1563 7801 5
1563 1086 5
1563 2315 4
1563 297 4
1563 3099 5
1563 3220 4
1563 165 5
1563 3322 3
1563 105 5
1563 5417 3
1563 10627 4
1563 10018 3
1563 288 3
1563 10597 4
1563 3329 5
1563 1435 5
1563 3879 3
1563 8096 5
1563 211 5
1563 4513 5
1563 3601 5
1563 10831 4
1563 1416 5
1563 5728 5
1563 3817 5
1563 6035 5
1563 1281 4
1563 7992 3
1563 4543 5
1563 5490 4
1563 742 3
1563 2716 4
1563 341 5
1563 3790 5
1563 1496 3
1563 3267 4
1563 9439 4
1563 4543 5
1563 1458 5
1563 1002 4
1563 6669 5
1563 1501 2
1563 1086 5
1563 1949 5
1563 1344 4
1563 692 4
1563 5000 4
1563 977 3
1563 10748 1
1563 5167 1
1563 5216 3
1563 904 4
1563 747 2
1563 3519 4
1563 3746 4
1563 640 2
1563 3778 3
1563 10236 5
1563 919 4
1563 9527 5
1563 1099 4
1563 3862 4
1563 9825 4
1563 10941 4
1563 4826 5
1563 3797 5
1563 5833 5
1563 1067 2
1563 1329 5
1563 9615 3
1563 2648 5
1563 5737 4
1563 7751 5
1563 10942 4
1563 10868 5
1563 920 3
1563 7323 5
1563 5763 5
1563 9772 4
1563 7559 3
1563 10769 3
1563 4436 5
1563 6183 4
1563 3790 5
1563 2048 5
1563 10943 4
1563 4928 1
1563 4253 4
1563 9442 4
1563 9187 3
1563 1365 5
1563 1043 5
1563 10944 5
1563 9236 4
1563 10909 5
1563 1002 3
1563 10945 4
1563 1039 5
1563 10093 5
1563 4016 5
1563 5815 4
1563 10946 2
1563 3852 5
1563 1048 5
1563 8760 5
1563 5369 4
1563 1439 5
1563 6595 3
1563 3866 4
1563 9770 4
1563 8682 4
1563 5165 5
1563 10947 4
1563 1515 3
1563 10561 4
1563 3802 3
1563 5400 5
1563 3600 5
1563 5168 3
1563 3415 5
1563 892 4
1563 9746 5
1563 9934 4
1563 2941 5
1563 3869 4
1563 1515 5
1563 1450 5
1563 900 4
1563 622 5
1563 3870 5
1563 5166 2
1563 1500 3
1563 5112 5
1563 7730 5
1563 978 4
1563 27 4
1563 8649 3
1563 10700 5
1563 5351 4
1563 9187 5
1563 906 4
1563 3393 5
1563 1509 4
1563 3583 5
1563 3041 5
1563 3108 5
1563 1516 5
1563 10948 3
1563 1949 5
1563 1452 5
1563 9442 3
1563 934 4
1563 4639 4
1563 5387 5
1563 3776 3
1563 6615 4
1563 6615 4
1563 5502 4
1563 9555 3
1563 9073 5
1563 3310 4
1563 6615 3
1563 3151 4
1563 10832 4
1563 3600 4
1563 3812 5
1563 932 4
1563 8747 3
1563 8534 4
1563 6542 4
1563 1280 5
1563 5321 3
1563 9446 4
1563 6707 3
1563 2722 3
1563 10488 4
1563 4635 5
1563 3621 4
1563 947 4
1563 4833 4
1563 5834 5
1563 6183 5
1563 6183 4
1563 10917 3
1563 5835 3
1563 5370 4
1563 6633 4
1563 2242 5
1563 6638 4
1563 1520 5
1563 7853 4
1563 10798 4
1563 6632 4
1563 2941 5
1563 3851 5
1563 9321 4
1563 5229 4
1563 876 4
1563 6634 4
1563 9742 4
1563 5377 4
1563 8362 4
1563 10789 3
1563 10487 3
1563 3749 5
1563 10505 3
1563 2690 3
1563 6039 3
1563 6039 3
1563 10122 3
1563 3739 5
1563 6186 5
1563 10466 4
1563 10764 5
1563 10674 5
1563 9952 5
1563 10413 5
1563 1044 5
1563 6586 4
1563 4544 4
1563 9949 5
1563 10675 5
1563 10949 5
1563 9866 4
1563 5242 3
1563 992 4
1563 4634 5
1563 8499 3
1563 9478 5
1563 10950 3
1563 10793 2
1563 5228 3
1563 9776 5
1563 1949 5
1563 1515 5
1563 1522 5
1563 5312 4
1563 1949 5
1564 3717 5
1564 9772 4
1564 3189 5
1564 1060 5
1564 5020 4
1564 10951 3
1564 5167 1
1564 9926 5
1564 9801 5
1564 1802 5
1564 10937 5
1564 6688 1
1564 10852 2
1564 3160 5
1564 8745 5
1565 5839 4
1565 7612 3
1565 3606 5
1565 10952 2
1565 10953 5
1565 211 5
1565 4307 5
1565 1435 5
1565 10596 5
1565 10640 5
1565 5830 5
1565 9475 5
1565 9536 1
1565 9023 5
1565 3686 5
1565 5108 4
1565 6061 5
1565 7176 5
1565 991 5
1565 2851 5
1565 9088 5
1565 895 5
1565 3358 5
1565 4444 5
1565 7328 5
1565 10954 5
1565 62 5
1565 4343 5
1565 5535 5
1565 1515 4
1565 10955 5
1565 4437 5
1565 5997 4
1565 8697 5
1565 5924 5
1565 284 3
1565 8732 5
1565 1029 5
1565 187 5
1565 927 5
1565 10956 5
1565 143 5
1565 8890 5
1565 1022 5
1565 10957 5
1565 3746 5
1565 6622 5
1565 3220 5
1565 9219 5
1565 9992 4
1565 906 2
1565 3944 5
1565 4757 5
1565 8005 2
1565 5190 5
1565 8103 5
1565 7342 5
1565 6163 5
1565 7589 5
1565 300 5
1565 193 5
1565 319 5
1565 9251 5
1565 56 5
1565 3989 5
1565 4791 4
1565 8495 5
1565 10724 5
1565 9322 5
1565 3687 5
1565 514 4
1565 2252 5
1566 5733 5
1566 10958 5
1566 4226 2
1566 3698 3
1566 5498 5
1567 857 5
1567 5239 4
1567 4878 5
1567 10031 5
1567 638 5
1567 3435 4
1567 1501 4
1567 9678 1
1567 8846 5
1567 4795 5
1567 5997 4
1567 4414 3
1567 10227 4
1567 10803 4
1567 3570 3
1567 3869 5
1567 6086 3
1567 9322 4
1567 4394 4
1567 4392 5
1567 2689 4
1567 8806 5
1567 5284 3
1567 1029 5
1567 8841 3
1568 10031 5
1568 4436 5
1568 3587 5
1568 3446 3
1569 5788 5
1569 2019 5
1569 1457 5
1569 1048 5
1569 966 5
1569 9546 5
1569 10805 5
1569 5618 5
1569 8648 5
1569 9697 3
1569 8760 5
1569 3460 2
1569 10511 4
1569 5737 5
1569 1365 3
1569 5653 5
1569 4673 1
1569 5280 5
1569 934 5
1569 814 5
1569 10428 5
1569 5058 4
1569 10227 5
1569 8227 5
1569 9140 5
1569 4788 5
1569 3583 2
1570 6618 4
1570 1472 4
1570 5226 3
1570 934 5
1571 2968 4
1571 832 5
1571 312 5
1571 1393 5
1571 9339 5
1571 2698 5
1571 739 5
1571 7039 4
1571 104 1
1571 3672 5
1571 5206 4
1571 7567 4
1571 9767 1
1571 4884 5
1571 1501 5
1571 1358 1
1571 4203 4
1571 1441 1
1571 9702 1
1571 2701 4
1571 4994 5
1571 3666 4
1571 4239 4
1571 3749 5
1571 3595 1
1571 9263 5
1571 10260 5
1571 1061 5
1571 1058 4
1571 10678 5
1571 3824 2
1571 5591 5
1571 5592 5
1571 3687 5
1571 9099 4
1571 10717 3
1571 4234 4
1571 5833 5
1571 3146 5
1571 2652 5
1571 10484 5
1571 10959 1
1571 5631 5
1571 1509 3
1571 10035 2
1571 105 5
1571 8488 2
1571 8281 4
1571 934 5
1571 5042 5
1571 9777 3
1571 1458 5
1571 9443 2
1571 286 5
1571 943 3
1571 10960 5
1571 5222 2
1571 1629 4
1571 6774 3
1571 1406 5
1571 6041 5
1571 2639 4
1571 5466 1
1571 932 5
1571 3060 4
1571 917 5
1571 5733 3
1571 7519 5
1571 4449 5
1571 1329 5
1571 10539 5
1571 7098 5
1571 9304 5
1571 1485 5
1571 1067 1
1571 1055 4
1571 9411 4
1571 8313 5
1571 1090 5
1571 4917 2
1571 4762 5
1571 2746 5
1571 920 2
1571 7525 5
1571 10688 5
1571 2048 5
1571 4439 5
1571 3801 5
1571 8874 1
1571 8671 5
1571 9187 3
1571 9735 1
1571 2152 1
1571 1012 2
1571 1042 5
1571 5539 5
1571 7504 5
1571 184 3
1571 10710 5
1571 8372 5
1571 9234 4
1571 884 5
1571 10961 5
1571 5459 5
1571 1516 5
1571 5189 5
1571 9021 5
1571 10962 5
1571 964 2
1571 10251 5
1571 9585 5
1571 9609 4
1571 6001 1
1571 9100 5
1571 900 5
1571 7888 5
1571 6969 5
1571 1006 5
1571 979 5
1571 9036 5
1571 4834 4
1571 2928 5
1571 10963 5
1571 10862 5
1571 8430 5
1571 4634 2
1571 901 5
1571 3619 4
1571 3447 2
1571 814 5
1571 4675 1
1571 3775 5
1571 10964 2
1571 10965 4
1571 2398 1
1571 5168 2
1571 1457 1
1571 5318 1
1571 9831 2
1571 10966 5
1571 5467 1
1571 537 5
1571 978 4
1571 4286 5
1571 10967 5
1571 9927 5
1571 10856 5
1571 3757 5
1571 1025 3
1571 8312 5
1571 5737 5
1571 7734 1
1571 934 5
1571 10626 5
1571 3059 3
1571 3782 3
1571 10968 2
1571 2009 5
1571 1469 5
1571 5524 3
1571 10600 5
1571 9676 3
1571 10969 5
1571 6586 5
1571 3759 5
1571 4628 5
1571 1407 5
1571 572 5
1571 360 5
1571 6664 1
1571 3069 5
1571 102 5
1571 6077 4
1571 2615 3
1571 1280 5
1571 2373 5
1571 7579 2
1571 3275 5
1571 4212 5
1571 10920 4
1571 378 4
1571 8349 5
1571 4275 1
1571 4748 5
1571 2269 5
1571 10242 4
1571 327 4
1571 10970 5
1571 10230 4
1571 10523 3
1571 5163 4
1571 3832 4
1571 9940 5
1571 3138 4
1571 3784 5
1571 1365 5
1571 9457 4
1572 4897 3
1572 5080 5
1572 5651 4
1572 8650 5
1572 1876 4
1572 5230 5
1572 1671 4
1572 5643 3
1572 10774 4
1572 934 5
1572 5466 5
1572 3687 5
1572 974 2
1572 5766 4
1572 10530 5
1572 4437 2
1572 8895 5
1572 5846 5
1572 1467 5
1572 4908 3
1572 2257 5
1572 10971 2
1572 10082 3
1572 10392 4
1572 3801 5
1572 9784 4
1572 1003 5
1572 1508 5
1572 4634 3
1572 10803 4
1572 3927 3
1572 5226 3
1572 4277 3
1572 9411 4
1572 8750 2
1572 1013 3
1572 3194 4
1572 10775 4
1572 5617 5
1572 10591 4
1572 9210 2
1573 7573 4
1573 7197 4
1573 8563 4
1573 9772 4
1573 947 4
1573 10972 4
1573 10717 3
1573 5549 4
1573 3340 4
1573 9438 4
1573 10891 5
1573 4057 4
1573 992 5
1573 1060 5
1573 5397 5
1573 5318 5
1573 5539 5
1573 5166 4
1573 8881 2
1573 4058 4
1574 1054 5
1574 2091 5
1574 4277 5
1574 7560 5
1574 1490 5
1574 4711 5
1574 1506 5
1574 8428 5
1574 4829 5
1574 3282 4
1575 10575 5
1575 979 4
1575 3263 5
1575 1278 4
1575 7560 4
1575 864 4
1575 258 5
1575 1370 3
1575 10698 4
1575 312 5
1575 1403 1
1575 734 5
1575 3985 4
1575 9566 4
1575 296 5
1575 305 3
1575 8815 4
1575 313 3
1575 286 4
1575 2978 4
1575 780 1
1575 4886 3
1575 6167 4
1575 3083 5
1575 706 5
1575 7554 4
1575 5263 5
1575 8258 1
1575 10973 2
1575 5257 3
1575 10974 5
1575 5026 3
1575 1335 1
1575 803 4
1575 252 5
1575 9507 5
1575 3989 5
1575 1397 5
1575 9538 3
1575 1241 4
1575 7560 4
1575 751 3
1575 6725 5
1575 5805 5
1575 215 5
1575 1412 1
1575 6075 3
1575 1473 5
1575 1281 5
1575 6181 5
1575 832 5
1575 2128 4
1575 2110 5
1575 3959 4
1575 9944 4
1575 314 3
1575 696 4
1575 2763 3
1575 9079 4
1575 147 5
1575 96 5
1575 9900 3
1575 8198 5
1575 4598 4
1575 662 4
1575 5638 4
1575 95 5
1575 896 3
1575 7416 4
1575 965 4
1575 10598 5
1575 9298 4
1575 40 5
1575 1516 3
1575 9627 5
1575 3699 4
1575 7382 5
1575 5397 5
1575 5408 5
1576 1262 5
1576 732 5
1576 312 3
1576 759 4
1576 323 5
1576 309 3
1576 762 3
1576 313 4
1576 255 4
1576 1429 5
1576 1332 4
1576 149 4
1576 1410 4
1576 3417 5
1576 3837 4
1576 5603 5
1576 728 4
1576 6696 4
1576 3000 5
1576 4280 5
1576 3146 5
1576 5525 3
1576 4346 5
1576 9775 4
1576 10735 4
1576 10637 5
1576 7546 5
1576 1435 4
1576 275 4
1576 10018 4
1576 9351 5
1576 10627 4
1576 1427 5
1576 6673 4
1576 3815 5
1576 6626 5
1576 9067 5
1576 3451 4
1576 1443 4
1576 887 5
1576 9442 4
1576 1000 4
1576 3583 4
1576 1518 4
1576 4748 5
1576 3871 1
1576 3579 5
1576 3849 2
1576 5089 2
1576 10805 5
1576 8635 5
1576 9603 5
1576 1519 4
1576 4597 4
1576 3879 3
1576 2266 4
1576 4805 5
1576 5184 2
1576 5000 3
1576 799 5
1576 9675 5
1576 9613 4
1576 9159 4
1576 3267 4
1576 2695 5
1576 920 5
1576 5239 5
1576 10975 4
1576 9187 5
1576 5358 4
1576 1039 4
1576 2252 5
1576 4717 5
1576 3685 1
1576 4708 4
1576 975 4
1576 934 5
1576 10752 3
1576 4759 5
1576 9447 4
1576 4634 4
1576 10466 3
1576 203 5
1576 895 5
1576 952 4
1576 4526 3
1576 10647 4
1576 1080 5
1576 1081 5
1576 9096 5
1576 1469 5
1576 1662 5
1576 3113 5
1576 9458 3
1576 1076 3
1576 3150 5
1576 3121 5
1576 3091 4
1576 1513 1
1576 814 5
1576 3866 5
1576 10783 3
1576 4595 1
1576 684 5
1576 9952 5
1576 1044 4
1576 1086 5
1576 951 5
1576 10976 5
1576 10977 4
1576 978 4
1576 933 5
1576 884 5
1576 5026 4
1576 8746 5
1576 1060 5
1576 9314 4
1576 5539 4
1576 9760 4
1576 3881 1
1576 10978 4
1576 5335 5
1576 4427 5
1576 6496 5
1576 7329 5
1576 8470 5
1576 1001 5
1576 7770 5
1576 638 5
1576 3773 4
1576 2220 4
1576 10822 5
1576 3881 3
1576 4220 3
1576 4012 3
1576 1442 5
1576 1496 5
1576 10496 3
1576 7302 4
1576 6332 4
1576 5220 5
1576 327 5
1576 6965 5
1576 974 5
1576 892 3
1576 6675 5
1576 3627 2
1576 9237 5
1576 1061 5
1576 1520 5
1576 7522 5
1577 904 4
1577 934 3
1577 10865 4
1577 9828 5
1577 961 5
1577 3869 2
1577 3791 5
1577 8485 5
1577 3804 5
1577 3793 5
1577 9757 5
1577 980 5
1577 5076 4
1577 5138 4
1577 10979 5
1577 3883 5
1577 5192 5
1577 8553 4
1577 9543 5
1577 5141 3
1577 2876 5
1577 5174 5
1577 8463 5
1577 9208 4
1577 3859 5
1577 2874 5
1577 10980 5
1577 760 4
1577 729 3
1577 9934 4
1577 3617 5
1577 5142 5
1577 5139 5
1577 10981 5
1577 7832 5
1577 7979 5
1578 5421 5
1578 732 5
1578 5004 5
1578 3702 2
1578 867 5
1578 7498 5
1578 3263 5
1578 164 5
1578 6675 5
1578 7527 5
1578 10637 5
1578 324 4
1578 3963 5
1578 6984 5
1578 10182 1
1578 992 5
1578 913 5
1578 153 5
1578 899 4
1578 881 5
1578 900 5
1578 897 3
1578 5442 5
1578 7918 4
1578 895 5
1578 10981 4
1578 5155 5
1578 326 5
1578 640 4
1578 909 1
1578 6564 5
1578 4465 3
1578 574 2
1578 10097 4
1578 938 5
1578 860 5
1578 3261 5
1578 6457 4
1578 7437 5
1578 934 4
1578 7437 5
1578 187 4
1578 844 5
1578 4074 4
1578 3685 2
1578 5681 3
1578 7502 5
1578 5574 5
1578 4401 4
1578 4615 5
1578 5839 5
1578 10595 5
1578 7594 5
1578 4002 4
1578 844 5
1578 10982 2
1578 10983 5
1578 6224 5
1578 1515 4
1578 995 4
1578 9287 4
1578 3659 5
1578 4445 5
1578 928 4
1578 185 4
1578 4294 5
1578 4652 2
1578 2847 5
1578 4929 4
1578 1029 5
1579 524 5
1579 10898 4
1579 9143 5
1579 10143 5
1579 1671 4
1579 10136 4
1579 5938 2
1579 934 5
1579 3796 5
1579 3139 5
1579 2941 5
1579 1003 5
1579 10984 5
1579 10397 4
1579 9969 5
1579 8741 5
1579 3884 5
1579 9709 5
1579 3801 5
1579 5476 4
1579 3718 4
1579 5663 2
1579 1503 4
1579 1453 5
1579 10888 4
1580 762 1
1580 309 5
1580 1450 4
1580 309 5
1580 8231 5
1580 3275 5
1580 10985 5
1580 857 5
1580 10649 4
1580 3590 5
1580 10986 5
1580 8501 1
1580 10770 5
1580 4561 5
1580 3446 4
1580 5232 5
1580 8239 5
1580 3869 5
1580 892 5
1580 1241 5
1580 3108 5
1580 10987 5
1580 10691 5
1580 991 5
1580 3801 5
1580 4135 3
1580 4834 5
1580 3617 2
1580 4022 5
1580 5579 5
1580 4634 1
1580 1522 5
1580 3615 5
1580 3950 5
1580 6764 5
1580 10988 5
1581 5605 4
1581 4829 1
1581 1049 5
1581 327 3
1581 5226 3
1581 4135 4
1581 4275 3
1581 868 1
1581 3768 5
1582 1515 4
1582 8563 4
1582 3974 5
1582 920 4
1582 8765 5
1582 5529 4
1582 1522 5
1582 3422 5
1582 10976 5
1582 580 5
1582 844 5
1582 10780 4
1582 128 4
1582 10989 5
1582 10412 3
1582 300 5
1582 3715 5
1582 10865 4
1582 7977 5
1582 8435 5
1582 5141 5
1582 5142 5
1582 978 4
1582 5139 5
1582 9743 5
1582 9626 5
1582 1516 2
1582 10337 4
1582 10785 4
1582 10532 4
1582 966 5
1582 7505 2
1582 8993 3
1582 10990 4
1582 858 5
1582 3683 5
1582 1501 1
1582 7142 4
1582 5323 4
1582 2404 2
1582 4657 3
1582 10991 4
1582 8090 5
1582 514 3
1582 2689 4
1582 10482 5
1582 4402 3
1582 2152 4
1582 3796 5
1582 3138 3
1582 1791 5
1582 10992 5
1582 544 2
1582 10491 5
1582 8765 4
1582 10993 5
1582 9175 5
1582 10994 3
1582 970 5
1582 9199 5
1582 1837 5
1582 10093 4
1582 8830 4
1582 2413 5
1582 10474 5
1582 9276 4
1582 2417 5
1582 4788 5
1582 1067 1
1582 1515 5
1582 4833 4
1582 906 5
1582 8946 5
1582 992 5
1582 934 5
1582 10793 3
1582 5167 4
1582 9375 5
1582 8362 5
1582 3953 5
1582 4022 3
1582 9293 5
1582 10397 4
1582 8500 5
1582 5546 5
1582 5058 3
1582 5210 4
1582 8511 5
1582 5131 5
1582 4135 4
1582 6834 5
1582 10614 3
1582 5516 5
1582 8469 5
1582 3091 2
1582 9324 5
1582 3444 1
1582 9179 4
1582 10561 5
1583 3146 5
1583 2670 3
1583 3797 2
1583 5833 5
1583 3717 3
1583 3950 5
1583 3879 4
1583 3790 5
1583 5741 5
1583 4406 4
1583 2944 5
1583 5546 4
1583 2252 5
1583 1522 5
1583 9189 4
1583 7110 5
1583 1061 5
1583 934 5
1583 3422 5
1583 2220 5
1583 10995 5
1583 4676 5
1583 10808 3
1583 1349 4
1583 1357 4
1583 10996 4
1583 4374 5
1583 8306 5
1583 1509 4
1583 1241 5
1583 10025 2
1583 2269 5
1583 4704 3
1583 6174 5
1583 5177 4
1583 10997 5
1583 4636 4
1583 1060 5
1583 10653 5
1583 1101 3
1583 3583 3
1583 10998 2
1583 1084 3
1583 4026 3
1583 10151 5
1583 3798 3
1584 3417 4
1584 10076 3
1584 6899 5
1584 10220 5
1584 1876 5
1584 3814 3
1584 3845 4
1584 2305 4
1584 10237 5
1584 2695 5
1584 10999 5
1584 963 5
1584 935 5
1584 4634 4
1584 1086 5
1584 1101 5
1584 954 5
1584 1013 5
1584 10737 5
1584 10737 5
1584 1457 5
1584 6631 1
1584 3869 5
1584 862 5
1584 978 5
1584 979 5
1584 994 5
1584 1472 5
1584 900 5
1584 934 5
1584 10006 2
1584 1460 5
1584 1452 5
1584 3799 5
1584 1063 5
1584 9153 5
1584 8501 5
1584 3776 5
1584 1365 5
1584 11000 3
1584 7479 5
1584 4833 1
1584 2722 1
1584 1496 3
1584 1060 5
1584 3881 5
1584 9139 5
1584 4965 5
1584 9137 5
1584 3252 3
1584 5355 5
1584 10118 5
1584 992 1
1584 3627 2
1584 5663 5
1584 11001 5
1584 8730 5
1584 9747 5
1584 11002 5
1584 9397 5
1584 1067 5
1584 3790 5
1584 2722 4
1584 4214 5
1584 8033 5
1584 1105 5
1584 10980 5
1584 8561 5
1584 8561 5
1584 5058 3
1584 1067 5
1584 760 5
1584 11003 5
1584 9749 5
1584 5392 5
1584 2689 4
1584 2893 3
1584 1062 5
1584 1062 5
1584 2262 5
1584 8285 3
1584 3773 5
1584 5177 5
1584 1520 5
1584 7501 5
1584 1522 3
1585 9550 5
1585 1629 3
1585 1513 1
1585 2305 5
1585 7141 5
1585 974 2
1585 934 5
1585 3928 5
1585 7579 5
1585 4400 4
1585 5647 5
1585 5981 5
1585 981 4
1585 4673 4
1585 3518 4
1585 8665 5
1585 6784 1
1585 10268 1
1585 8008 5
1585 4827 5
1585 995 4
1585 1357 5
1585 10129 5
1585 10959 3
1585 1452 5
1585 5737 5
1585 341 1
1585 5285 1
1585 5133 4
1585 9787 5
1585 8194 5
1585 10262 5
1585 8183 3
1585 9705 3
1585 5185 5
1585 9174 5
1585 9453 3
1585 5473 4
1585 4354 4
1585 981 5
1585 10039 3
1585 5985 5
1585 1515 5
1585 5365 4
1585 5305 5
1585 9654 4
1585 6336 5
1585 10751 3
1585 3933 5
1585 1060 5
1585 966 5
1585 8500 3
1585 10776 5
1585 9665 3
1585 5985 5
1585 9092 5
1585 10353 5
1585 6313 2
1585 10868 5
1585 11004 4
1585 11005 2
1585 957 4
1585 10606 5
1585 5834 4
1585 4386 5
1585 4135 5
1585 9658 1
1585 4939 5
1585 9191 5
1585 3606 5
1585 5226 4
1585 5134 5
1585 3923 5
1585 3568 5
1586 3617 5
1586 1522 4
1586 979 5
1586 901 5
1586 4776 5
1586 3583 3
1586 9535 5
1586 6971 4
1586 2095 4
1586 10082 4
1586 4634 4
1586 3791 4
1586 3770 4
1586 10945 4
1586 10614 3
1586 1509 4
1587 3446 4
1587 3952 5
1587 5360 5
1587 3606 5
1587 11006 5
1588 8661 2
1588 1876 4
1588 1001 4
1588 9731 4
1588 2833 4
1588 8857 5
1588 3475 4
1588 10952 4
1588 984 4
1588 206 4
1588 4595 2
1588 10451 3
1588 10031 4
1588 9601 4
1588 9994 4
1588 962 4
1588 298 4
1588 7188 4
1588 9996 5
1588 9218 3
1588 8857 5
1588 3686 4
1588 4787 5
1588 8950 4
1588 975 4
1588 168 5
1588 5325 4
1589 4530 5
1589 4141 5
1589 6457 5
1589 8152 5
1589 864 5
1589 6939 5
1589 10603 5
1589 8531 4
1589 10341 5
1589 1241 2
1589 6984 3
1589 1029 3
1589 913 5
1589 10182 3
1589 200 1
1589 992 2
1589 9277 5
1589 3808 5
1589 999 5
1589 946 5
1589 4864 5
1589 3717 3
1589 9173 5
1589 8523 5
1589 2648 5
1589 262 5
1589 6371 5
1589 3763 5
1589 10843 4
1589 711 5
1589 916 5
1589 979 5
1589 185 5
1589 4358 4
1589 1854 5
1589 6163 5
1589 3315 1
1589 4131 5
1589 1509 5
1589 4385 4
1589 2257 5
1589 302 5
1589 934 5
1589 5774 5
1589 9912 5
1589 4019 3
1589 2305 5
1589 4026 5
1589 3683 4
1589 898 4
1589 7759 3
1589 9287 5
1590 4203 5
1590 3715 5
1590 11007 5
1590 3778 5
1590 9326 5
1590 4044 5
1590 4135 5
1590 3944 5
1590 946 3
1590 964 2
1590 994 1
1590 11008 5
1590 979 5
1590 5828 5
1590 9210 3
1590 9086 4
1590 978 5
1590 2095 5
1590 3156 5
1590 10506 2
1590 8830 5
1590 4135 5
1590 1020 5
1590 857 5
1590 11009 4
1590 1357 4
1590 9459 5
1590 3952 4
1590 5635 3
1590 3881 5
1590 947 4
1590 934 4
1590 3954 4
1590 11010 4
1590 11010 4
1590 10264 5
1591 4496 4
1591 4010 4
1591 6269 5
1591 4968 5
1591 8836 5
1591 4967 5
1591 11011 4
1591 5220 3
1591 6706 3
1591 974 2
1591 10602 3
1591 10771 4
1591 7574 4
1591 10159 5
1591 4334 5
1591 10533 3
1591 3954 3
1591 3446 4
1591 3521 5
1591 11012 4
1591 943 4
1592 4189 5
1592 947 5
1592 10945 5
1592 10791 2
1592 4635 5
1592 3884 5
1592 9741 5
1592 5166 4
1592 8239 5
1592 5733 4
1592 10676 1
1592 3796 5
1592 10629 5
1592 5458 5
1592 3798 4
1592 4135 5
1593 5181 5
1593 747 5
1593 9443 5
1593 3146 5
1593 5621 5
1593 4958 5
1593 4628 5
1593 7141 5
1593 5733 5
1593 9773 4
1593 4239 5
1593 1462 5
1593 8978 5
1593 1516 5
1593 4210 5
1593 2916 5
1593 4675 5
1593 4800 5
1593 932 5
1593 50 5
1593 3912 3
1593 2252 5
1593 3801 5
1593 6352 4
1593 11013 5
1593 920 4
1593 3875 2
1593 7188 3
1593 124 5
1593 10176 5
1593 8239 5
1593 5532 5
1593 2701 5
1593 5450 5
1593 4136 4
1593 9912 5
1593 130 5
1593 3781 4
1593 9597 5
1593 5042 5
1593 5482 5
1593 4314 5
1593 3583 5
1593 9949 5
1593 1086 5
1593 8782 5
1593 5235 5
1593 3774 4
1593 321 5
1593 10972 5
1593 3606 5
1593 981 5
1593 2730 5
1593 5539 5
1593 9910 4
1593 7903 5
1593 2701 5
1593 3307 5
1593 5288 4
1593 2713 4
1593 2590 5
1593 1037 5
1593 4349 4
1593 9434 5
1593 2742 4
1593 9353 5
1593 8514 1
1593 3934 4
1593 5594 5
1593 9407 5
1593 3954 1
1593 3659 2
1593 1055 5
1593 9508 5
1593 7153 5
1593 3055 5
1593 5607 1
1593 11014 5
1593 11015 5
1593 11016 5
1594 805 5
1594 3687 4
1594 9339 5
1594 4181 5
1594 1441 3
1594 3846 4
1594 9612 4
1594 5572 4
1594 9623 5
1594 4472 4
1594 4878 4
1594 4275 4
1594 11017 5
1594 9805 5
1594 11018 4
1594 9325 5
1594 814 5
1594 895 5
1594 5260 4
1594 229 5
1594 9777 3
1594 30 5
1594 10112 5
1594 934 4
1594 943 5
1594 9104 5
1594 221 5
1594 978 3
1594 5815 5
1594 9684 5
1594 5564 5
1594 171 5
1594 9398 5
1594 10768 3
1595 10291 4
1595 313 5
1595 1276 5
1595 309 5
1595 9212 3
1595 5488 5
1595 11019 5
1595 4954 5
1595 3099 5
1595 10520 4
1595 4613 3
1595 9986 4
1595 8761 5
1595 5520 5
1595 1409 5
1595 8003 4
1595 1333 5
1595 1281 5
1595 1408 5
1595 2698 5
1595 40 3
1595 3556 5
1595 6141 5
1595 8288 5
1595 7710 4
1595 3666 5
1595 891 5
1595 1241 5
1595 1439 5
1595 1359 4
1595 3252 5
1595 10845 3
1595 1340 4
1595 643 4
1595 4135 4
1595 4203 4
1595 4694 5
1595 5801 4
1595 4276 4
1595 11020 5
1595 4044 4
1595 925 5
1595 11021 5
1595 7373 5
1595 10858 3
1595 3769 4
1595 1870 4
1595 3881 4
1595 8767 5
1595 5470 5
1595 2494 5
1595 1442 4
1595 5309 5
1595 3934 4
1595 1515 5
1595 10397 2
1595 5242 4
1595 4829 4
1595 3985 5
1595 4559 4
1595 3310 5
1595 10750 5
1595 9493 4
1595 9950 5
1595 5546 5
1595 10839 5
1595 10851 4
1595 10966 5
1595 10915 4
1595 4409 4
1595 9769 4
1595 5780 5
1595 10694 5
1595 3818 4
1595 10483 1
1595 10791 2
1595 9507 5
1595 11022 5
1595 9446 2
1595 5312 4
1595 1052 5
1595 3800 4
1595 1629 4
1595 5537 5
1595 10887 3
1595 8500 4
1595 5019 4
1595 3927 3
1595 1042 3
1595 11023 4
1595 11024 5
1595 9626 4
1595 5400 5
1595 327 4
1595 3884 5
1595 6694 4
1595 2752 5
1595 4220 3
1595 3818 5
1595 3315 5
1595 4633 2
1595 5584 3
1595 861 5
1595 1365 5
1595 10397 5
1596 1876 5
1596 2824 4
1596 10223 4
1596 7773 4
1596 946 4
1596 964 4
1596 10285 5
1596 4961 4
1596 3783 4
1596 9729 5
1596 1960 5
1596 5832 4
1596 1618 5
1596 10900 2
1596 8211 3
1596 10758 4
1596 9731 5
1596 5650 3
1596 11025 4
1596 10828 5
1596 4021 5
1596 926 5
1596 3728 5
1596 10275 5
1596 3310 4
1596 8210 4
1596 940 5
1596 9659 5
1596 3852 5
1596 910 5
1596 5674 4
1596 4856 5
1597 862 3
1597 1316 5
1597 8538 4
1597 8656 5
1597 6622 4
1597 10074 5
1597 4884 5
1597 2252 4
1597 10634 5
1597 1764 5
1597 9435 4
1597 2701 5
1597 1458 1
1597 7450 5
1597 1342 4
1597 5520 5
1597 1410 3
1597 749 4
1597 4465 5
1597 8696 4
1597 10325 5
1597 917 4
1597 8088 4
1597 3136 5
1597 6141 5
1597 9326 5
1597 922 3
1597 239 3
1597 990 4
1597 977 5
1597 10999 5
1597 8695 4
1597 1067 5
1597 3777 4
1597 4019 3
1597 5362 5
1597 3790 4
1597 4272 4
1597 2614 5
1597 4337 2
1597 7887 5
1597 9411 4
1597 10099 5
1597 978 5
1597 3801 5
1597 3953 4
1597 994 2
1597 10812 4
1597 8640 3
1597 892 5
1597 984 5
1597 943 5
1597 128 5
1597 966 5
1597 974 4
1597 901 5
1597 4016 5
1597 979 5
1597 986 5
1597 1522 5
1597 910 5
1597 10905 3
1597 1472 5
1597 814 5
1597 900 5
1597 10656 4
1597 990 5
1597 2648 5
1597 4634 5
1597 8221 3
1597 5605 5
1597 995 5
1597 3798 4
1597 1060 2
1597 3275 5
1597 11026 5
1597 10998 3
1597 3138 5
1597 8239 5
1597 1928 5
1597 6749 5
1597 9773 4
1597 1042 3
1597 3422 5
1597 4784 2
1597 1365 5
1597 10926 2
1597 947 4
1597 10490 4
1597 9140 5
1597 7824 4
1597 10039 4
1597 2269 5
1597 5184 5
1597 934 5
1597 10896 3
1597 9948 3
1597 8005 2
1597 906 5
1597 1081 4
1597 10562 2
1597 1078 4
1597 10424 4
1597 1077 2
1597 10563 4
1597 10421 5
1597 10238 3
1597 3055 5
1597 8504 4
1597 3784 5
1597 10733 5
1597 9431 4
1597 9953 2
1597 3791 5
1597 3770 5
1597 845 4
1597 10606 5
1597 11015 5
1597 10645 5
1597 5368 5
1597 10526 4
1597 4787 5
1597 9952 4
1597 10839 2
1597 3612 3
1597 956 5
1597 10764 2
1597 11027 3
1597 3752 5
1597 1028 5
1597 10413 5
1597 8299 4
1597 1452 5
1597 1618 5
1597 942 4
1597 9465 5
1597 1447 5
1597 5368 5
1597 10995 3
1597 4591 5
1597 3796 5
1597 1059 5
1597 5183 4
1597 936 5
1597 11028 5
1597 3952 5
1597 10445 4
1597 11029 5
1597 8173 3
1597 11030 3
1597 6777 4
1597 1096 4
1597 7966 5
1597 9280 3
1597 10796 4
1597 10593 5
1597 11031 4
1597 9139 5
1597 9137 5
1597 9745 2
1597 1491 4
1597 3757 5
1597 3826 4
1597 10520 5
1597 341 3
1597 2214 5
1597 9938 2
1597 5177 4
1597 3421 4
1597 2404 3
1597 2252 5
1597 9650 1
1597 10833 2
1597 3791 5
1597 3796 5
1597 981 4
1597 6764 2
1597 749 4
1597 10345 5
1597 9949 5
1597 1466 3
1597 8312 4
1597 3804 5
1597 1450 4
1597 3852 5
1597 11032 5
1597 11032 5
1597 1062 5
1598 3064 5
1598 11033 5
1598 947 5
1598 3267 4
1598 4708 4
1598 8198 4
1598 184 3
1598 10096 5
1598 1081 4
1599 704 5
1599 1484 5
1599 4583 4
1599 6141 5
1599 4688 5
1599 1395 5
1599 11034 5
1599 10756 3
1599 5206 4
1599 4193 4
1599 4886 3
1599 5654 4
1599 9281 3
1599 3593 4
1599 4592 5
1599 2689 2
1599 8495 4
1599 3782 5
1599 10801 4
1599 8032 4
1599 3952 4
1599 11035 3
1599 3891 5
1599 8351 5
1599 934 5
1599 5327 4
1599 11036 3
1599 8353 4
1599 4776 5
1599 2919 2
1599 3478 5
1599 1365 5
1599 10497 4
1599 2722 4
1599 9771 5
1599 944 5
1599 3714 5
1599 3627 4
1599 1526 5
1599 1461 1
1599 5318 1
1599 3310 5
1599 6344 5
1599 9760 2
1599 2395 5
1599 6657 5
1599 485 5
1599 9448 2
1599 1101 5
1599 1688 5
1599 3949 4
1599 10217 5
1599 9762 3
1599 5121 4
1599 10324 4
1599 9759 5
1599 10561 4
1599 4721 4
1599 5388 5
1599 1522 5
1599 3950 5
1600 4303 4
1600 2132 2
1600 5599 5
1600 9217 3
1600 1050 5
1601 3867 2
1601 10942 3
1601 3267 4
1601 7098 5
1601 9159 5
1601 9220 4
1601 1629 3
1601 5345 4
1601 9342 4
1601 3832 4
1601 3602 5
1601 3913 5
1601 6427 5
1601 10211 2
1601 1365 5
1601 1051 5
1601 10491 4
1601 6573 3
1601 8445 5
1601 10385 4
1601 10904 5
1601 7734 5
1602 10492 5
1602 9676 2
1602 906 3
1602 10483 4
1602 8362 5
1602 7507 5
1602 9969 5
1602 10025 4
1602 11037 5
1602 3949 4
1602 2095 3
1602 3155 5
1602 3250 1
1602 3830 5
1602 1048 4
1602 1365 5
1602 5506 4
1602 1508 5
1602 5633 4
1602 1515 5
1602 6562 5
1602 934 5
1602 8500 5
1602 10959 2
1602 4634 2
1602 1506 5
1602 861 5
1602 11038 4
1602 4676 5
1602 3764 4
1602 10129 5
1602 11039 4
1602 10506 1
1602 10685 3
1602 8748 2
1602 3784 5
1602 936 4
1602 1067 5
1602 10404 5
1602 3744 2
1602 5213 4
1602 1051 5
1602 2045 1
1602 1093 4
1602 1450 2
1602 1081 5
1602 10615 5
1603 11040 5
1603 1463 4
1603 9715 5
1603 858 5
1603 8902 5
1603 8585 3
1603 7955 5
1603 5258 5
1603 4673 4
1603 868 5
1603 5110 5
1603 3716 5
1603 1388 5
1603 11041 5
1603 743 5
1603 5645 3
1603 10650 5
1603 300 5
1603 4994 4
1603 9670 4
1603 6496 4
1603 3437 5
1603 8169 4
1603 913 4
1603 4465 4
1603 8322 4
1603 10990 4
1603 955 4
1603 794 4
1603 2257 4
1603 8874 5
1603 9150 4
1603 3810 4
1603 320 4
1603 966 4
1603 11042 4
1603 6573 4
1603 9434 4
1603 946 3
1603 7475 4
1603 9697 4
1603 10475 4
1603 964 4
1603 1066 3
1603 11043 4
1603 4917 4
1603 9072 4
1603 3784 4
1603 11044 4
1603 4358 4
1603 10785 4
1603 10791 2
1603 10975 2
1603 9220 4
1603 957 4
1603 11005 4
1603 3798 4
1603 4371 4
1603 5323 4
1603 8847 4
1603 10216 4
1603 919 4
1603 4829 4
1603 3717 4
1603 10569 4
1603 6595 3
1603 4633 4
1603 2257 4
1603 6457 4
1603 4094 4
1603 1012 4
1603 10175 4
1603 306 4
1603 5733 4
1603 961 5
1603 284 4
1603 1013 4
1603 1514 4
1603 4848 3
1603 892 4
1603 10832 3
1603 5781 3
1603 977 4
1603 10006 4
1603 10947 4
1603 9718 4
1603 11045 4
1603 10524 4
1603 3275 4
1603 3590 4
1603 9590 3
1603 2018 4
1603 3830 4
1603 2009 4
1603 10931 4
1603 10888 5
1603 286 4
1603 11046 4
1603 10979 4
1603 8115 4
1603 3272 4
1603 944 4
1603 10937 4
1603 9517 3
1603 9125 4
1603 1870 4
1603 1462 3
1603 6116 4
1603 3774 4
1603 4917 4
1603 638 4
1603 4597 4
1603 239 4
1603 6601 4
1603 9174 4
1603 4878 4
1603 5398 4
1603 1032 4
1603 4288 4
1603 1501 2
1603 9253 4
1603 4786 3
1603 9741 4
1603 979 5
1603 5775 4
1603 9436 4
1603 9442 5
1603 10021 4
1603 10803 4
1603 10749 4
1603 3800 3
1603 266 4
1603 10653 4
1603 1468 4
1603 5288 4
1603 5854 4
1603 10789 3
1603 10488 3
1603 2977 4
1603 926 5
1603 4198 4
1603 3598 4
1603 885 4
1603 11047 4
1603 4559 4
1603 6631 3
1603 6634 4
1603 5370 5
1603 3934 4
1603 11048 3
1603 1607 4
1603 2095 4
1603 8757 5
1603 10923 4
1603 10493 4
1603 7259 4
1603 900 4
1603 3656 4
1603 4135 3
1603 10804 4
1603 3944 3
1603 9395 4
1603 11049 4
1603 10760 4
1603 10730 4
1603 910 3
1603 812 4
1603 143 4
1603 5228 4
1603 3756 3
1603 5163 3
1603 8606 4
1603 11050 4
1603 3275 4
1603 3329 4
1603 1457 2
1603 10348 4
1603 9189 4
1603 9574 4
1603 9422 4
1603 978 4
1603 7568 4
1603 10772 4
1603 5833 4
1603 9568 4
1603 3819 3
1603 868 3
1603 11051 4
1603 3744 4
1603 5000 4
1603 3749 4
1603 4354 3
1603 3929 4
1603 7487 4
1603 10985 4
1603 5565 4
1603 3195 4
1603 981 4
1603 3806 4
1603 10920 3
1603 3379 4
1603 11052 3
1603 8362 4
1603 10672 3
1603 4595 4
1603 983 4
1603 4629 3
1603 5766 4
1603 11004 4
1603 10492 4
1603 4634 4
1603 9952 4
1603 3801 4
1603 5198 4
1603 485 4
1603 10031 3
1603 3768 4
1603 8598 4
1603 1241 4
1603 3617 4
1603 9820 4
1603 10129 3
1603 11053 4
1603 10336 4
1603 5636 4
1603 1059 4
1603 8695 3
1603 5473 4
1603 10583 4
1603 4394 4
1603 5409 5
1603 5112 4
1603 1349 3
1603 6486 4
1603 10733 4
1603 3829 4
1603 8499 2
1603 10349 4
1603 994 4
1603 7192 4
1603 9100 4
1603 8005 3
1603 6332 3
1603 5048 3
1603 2045 3
1603 8954 4
1603 5175 4
1603 2701 4
1603 862 4
1603 11054 4
1603 5481 4
1603 10968 4
1603 3757 5
1603 930 4
1603 11055 4
1603 7730 5
1603 10691 5
1603 4414 4
1603 10563 3
1603 1516 4
1603 5183 4
1603 4565 4
1603 8831 4
1603 5482 4
1603 7664 4
1603 6770 4
1603 1097 4
1603 954 4
1603 1067 4
1603 952 3
1603 934 4
1603 992 4
1603 10586 4
1603 1107 4
1603 4058 4
1603 9769 4
1603 1094 5
1603 10468 3
1603 6186 4
1603 1344 5
1603 4216 3
1603 9233 5
1603 11056 4
1603 1042 4
1603 5467 4
1603 8493 4
1603 857 4
1603 9212 4
1603 8007 4
1603 5228 4
1603 9296 4
1603 8505 4
1603 9325 4
1603 8495 4
1603 3819 4
1603 1099 4
1603 2263 4
1603 10128 4
1603 5058 4
1603 9458 4
1603 1052 5
1603 1450 4
1603 1516 4
1603 1049 3
1603 9772 4
1603 1365 4
1603 239 4
1603 3315 4
1603 10224 4
1603 7579 5
1603 1329 3
1603 8033 3
1603 8362 3
1603 937 4
1603 936 4
1603 4787 5
1603 906 4
1603 1076 4
1603 8747 4
1604 5643 5
1604 11057 4
1604 11058 5
1604 5733 4
1604 9278 5
1604 9443 4
1604 9220 4
1604 10649 5
1604 341 5
1604 1469 5
1604 10202 5
1604 8846 5
1604 9631 5
1604 979 5
1604 9572 2
1604 6615 5
1604 10123 3
1604 11059 5
1604 9601 5
1604 10888 4
1604 4135 3
1604 5327 5
1604 3085 5
1604 10889 2
1604 930 5
1604 10484 5
1604 10749 2
1604 9147 5
1604 845 4
1604 5395 4
1604 5766 5
1604 9435 5
1604 4917 4
1604 3627 1
1604 5198 5
1604 3618 2
1604 10454 5
1604 10671 5
1604 9980 5
1604 975 4
1604 4675 2
1604 8668 3
1604 5048 3
1604 6845 4
1604 9684 5
1604 8739 5
1604 4785 5
1604 9422 3
1604 1052 5
1604 10825 5
1604 9617 3
1604 9676 4
1604 4639 4
1604 2721 5
1604 11054 5
1604 7507 5
1604 1042 5
1604 3929 5
1604 4727 4
1604 11060 4
1604 3290 5
1604 10483 4
1604 8648 5
1604 11061 3
1604 11062 5
1604 11063 5
1604 3884 5
1604 3880 5
1604 5671 5
1604 4031 5
1604 2380 5
1604 5092 3
1604 11039 5
1604 10115 4
1604 11064 4
1605 8992 5
1605 1547 5
1605 5698 3
1605 8368 5
1605 3183 5
1605 41 4
1605 2252 5
1605 5903 5
1605 2801 3
1605 1215 4
1605 8562 5
1605 1408 5
1605 1616 3
1605 2592 5
1605 5839 5
1605 4030 4
1605 1364 5
1605 1127 4
1605 1657 5
1606 759 3
1606 1285 3
1606 739 5
1606 1733 4
1606 706 1
1606 1581 4
1606 6951 3
1606 1881 1
1606 5721 5
1606 762 4
1606 829 1
1606 104 5
1606 7295 5
1606 313 2
1606 312 1
1606 8967 4
1606 3906 4
1606 2651 5
1606 10716 4
1606 9797 5
1606 7466 5
1606 6393 5
1606 5751 4
1606 1507 5
1606 8057 3
1606 8395 4
1606 6949 5
1606 7481 5
1606 11065 5
1606 8530 5
1606 1454 5
1606 8654 2
1606 9595 4
1606 11066 4
1606 3985 3
1606 3344 5
1606 10261 4
1606 5476 4
1606 5888 5
1606 3849 1
1606 5318 4
1606 6351 5
1606 9631 5
1606 5668 4
1606 4395 4
1606 8880 5
1606 8993 3
1606 4894 4
1606 3636 5
1606 4676 5
1606 4109 4
1606 226 5
1606 4958 5
1606 944 2
1606 8968 3
1606 4561 1
1606 5781 5
1606 1049 5
1606 3465 3
1606 327 5
1606 5220 4
1606 1282 1
1606 102 5
1606 2616 5
1606 1225 4
1606 8156 5
1606 6790 4
1606 6625 4
1606 11067 3
1606 8652 1
1606 7899 4
1606 11068 4
1606 7559 1
1606 5602 4
1606 3444 4
1606 49 5
1606 4275 1
1606 8394 3
1606 11069 4
1606 1467 2
1606 4897 2
1606 3899 5
1606 9555 5
1606 10811 1
1606 9126 2
1606 3694 4
1606 1778 1
1606 5700 4
1607 3639 4
1607 1855 4
1607 1872 3
1607 652 4
1607 7284 5
1607 3484 3
1607 2479 4
1607 1134 4
1607 6451 4
1607 1868 5
1607 1851 4
1607 1783 5
1607 7870 5
1607 518 5
1607 6789 4
1607 1243 4
1607 2416 5
1607 2580 4
1607 3001 4
1607 571 5
1607 1178 5
1607 8341 4
1607 6903 4
1607 2350 4
1607 6730 5
1607 7843 3
1607 7648 5
1607 8330 4
1607 11070 5
1607 5720 4
1607 486 5
1607 6273 4
1607 9180 5
1607 7060 5
1607 8591 5
1607 6103 5
1607 3955 4
1608 1406 1
1608 7519 5
1608 9614 3
1608 628 2
1608 10642 1
1608 3020 5
1608 8358 4
1608 10179 4
1608 4196 4
1609 6934 3
1609 2880 4
1609 5259 1
1609 6680 4
1609 2571 5
1609 2572 4
1609 3449 3
1609 3262 2
1609 2501 3
1609 11071 3
1609 6012 2
1609 6883 2
1609 1186 4
1609 1863 3
1609 6022 3
1609 2057 4
1609 7733 1
1609 2872 2
1609 2858 5
1609 6598 3
1609 1626 4
1609 6748 5
1609 6432 5
1609 5929 4
1610 7870 3
1610 8716 5
1610 9252 5
1610 2819 4
1610 869 4
1610 8189 5
1610 3651 4
1610 2507 5
1610 6070 4
1610 7658 4
1610 2499 4
1610 5025 5
1610 10352 4
1610 6150 5
1610 1277 5
1610 11072 4
1610 11073 4
1610 3725 1
1610 3660 2
1610 1673 3
1610 1430 5
1610 4410 3
1610 11074 4
1610 8558 1
1610 649 4
1610 276 5
1610 4932 1
1610 5864 5
1610 215 5
1610 2996 4
1610 4247 4
1610 3311 5
1610 4320 4
1610 7801 4
1610 11075 3
1610 759 5
1610 717 5
1610 6247 5
1610 3513 4
1610 645 4
1610 4753 4
1610 288 5
1610 312 3
1610 6816 4
1610 3025 1
1610 3550 4
1610 4805 4
1610 7077 4
1610 3000 4
1610 8015 3
1610 3714 2
1610 7415 5
1610 7682 4
1610 3444 4
1610 8982 4
1610 5353 4
1610 4791 3
1610 3686 5
1610 538 4
1611 2499 4
1611 3214 4
1611 5967 4
1611 1215 4
1611 11076 5
1611 506 4
1611 347 3
1611 5882 4
1611 9156 4
1611 495 3
1611 1655 5
1611 494 2
1611 5669 1
1611 464 3
1611 8002 3
1612 2961 4
1612 2090 4
1612 211 4
1612 1191 5
1612 3333 4
1612 5791 4
1612 3174 4
1612 6806 4
1612 3367 4
1612 5996 4
1612 4358 4
1612 695 5
1612 1713 4
1613 3200 5
1613 3315 3
1613 3573 3
1613 8156 4
1614 2377 5
1614 632 4
1614 2817 3
1614 3304 2
1614 3260 1
1614 4023 5
1614 11077 2
1614 3687 4
1614 4248 4
1614 9891 5
1614 2103 5
1614 3349 3
1614 8403 5
1614 3669 3
1614 5731 5
1614 1674 5
1614 9864 5
1614 1816 5
1614 5177 5
1614 3638 3
1614 3356 5
1614 7452 4
1615 2077 4
1615 5425 4
1615 6745 4
1615 2579 3
1616 1187 2
1616 2386 5
1616 3184 4
1616 7702 5
1616 1289 3
1616 635 4
1616 9268 5
1616 2297 4
1616 8345 4
1616 655 5
1616 5236 5
1616 11078 2
1616 5009 5
1616 10702 5
1617 8415 5
1617 6311 5
1617 2123 5
1617 6154 5
1617 4277 2
1617 4574 5
1617 4576 5
1617 2011 4
1617 1241 5
1617 7625 5
1617 8156 4
1617 1313 5
1617 8803 3
1617 728 5
1617 1631 3
1617 1191 5
1617 3687 5
1617 7953 5
1617 7928 5
1617 4597 5
1617 1289 3
1617 3304 4
1617 3187 2
1617 3253 4
1617 1347 4
1617 7241 4
1617 3304 4
1617 4017 5
1617 7106 5
1617 6142 3
1617 6368 4
1617 6822 3
1617 7364 5
1617 8850 2
1617 3274 4
1617 1693 4
1617 9110 5
1617 6948 4
1617 5092 4
1617 1673 1
1617 991 5
1617 4618 4
1617 4689 4
1617 5384 5
1618 273 2
1618 9900 5
1618 1615 5
1618 4402 4
1618 6822 5
1618 10094 5
1618 575 5
1618 5120 5
1618 5678 2
1618 3183 5
1619 3465 3
1619 2779 4
1619 7116 4
1619 759 5
1619 109 5
1619 104 1
1619 7433 4
1619 1939 5
1619 3000 4
1619 309 4
1619 1864 4
1619 3561 5
1619 1885 5
1619 2487 3
1619 1282 1
1619 6989 5
1619 4419 3
1619 6053 5
1619 8661 1
1619 6347 5
1620 7545 5
1620 8936 5
1620 6805 4
1620 2287 4
1620 1135 4
1620 10352 4
1620 7962 5
1620 7533 5
1620 7403 5
1620 105 4
1620 4883 4
1620 1709 4
1620 1119 4
1620 379 4
1620 2316 4
1620 9882 4
1620 2730 4
1620 9070 5
1620 1299 5
1620 8343 4
1620 8317 5
1620 510 5
1620 1241 5
1620 8471 4
1620 8172 5
1620 4842 5
1620 622 4
1620 2476 4
1620 1083 5
1620 1173 4
1620 3073 5
1620 8469 5
1620 5988 5
1620 1953 5
1620 5632 5
1620 9332 5
1620 1097 5
1620 9335 5
1620 9887 5
1620 1498 5
1620 3808 4
1620 10470 5
1620 1365 5
1620 2125 5
1620 2263 5
1620 1466 5
1620 10528 5
1620 1054 5
1620 2584 5
1620 2582 5
1620 1181 5
1620 2414 5
1620 544 5
1620 4646 5
1620 3183 5
1620 1084 5
1620 4530 5
1620 3773 5
1620 3810 5
1620 11079 5
1620 6662 5
1620 2398 5
1620 2469 5
1620 1505 5
1620 1615 5
1620 8174 5
1620 5516 5
1620 628 5
1620 574 5
1620 1616 2
1620 414 5
1620 5651 5
1620 1949 5
1620 632 5
1620 4463 5
1620 667 5
1620 7406 5
1620 10275 5
1620 1673 5
1620 3553 5
1620 3399 5
1620 3579 5
1620 5117 5
1620 4539 5
1620 429 4
1620 3263 5
1620 517 5
1620 2726 5
1621 7543 5
1621 8433 5
1621 5666 4
1621 6150 4
1621 6149 4
1621 5129 5
1621 7545 4
1621 7400 4
1621 8445 5
1621 9869 5
1622 258 5
1622 8627 5
1622 4368 4
1622 1351 3
1622 5147 4
1622 7870 4
1622 11072 4
1622 6051 4
1622 3447 4
1622 46 5
1622 7273 4
1622 929 3
1622 6063 4
1622 4047 5
1622 3277 4
1622 4574 5
1623 7931 1
1623 2858 5
1623 4599 4
1623 312 4
1623 2890 4
1623 2130 1
1623 276 5
1623 1634 4
1623 4013 5
1623 1548 1
1623 6002 3
1623 3490 3
1623 7765 5
1623 2972 1
1623 6435 4
1623 2940 5
1624 1899 4
1624 7146 4
1624 11080 5
1624 663 5
1624 1934 4
1624 6207 5
1624 5484 4
1624 5514 4
1624 1211 3
1624 7294 3
1624 1826 4
1624 3042 5
1625 1275 5
1625 728 5
1625 1611 5
1625 850 5
1626 385 5
1626 2356 5
1626 1592 5
1626 1600 5
1626 10213 5
1626 2872 4
1626 7234 5
1626 6263 4
1626 435 4
1626 1615 3
1626 3727 4
1626 1275 1
1626 3693 5
1626 1953 5
1626 2567 4
1626 2858 4
1626 2101 4
1626 4782 5
1626 1499 5
1626 2354 4
1626 1352 5
1626 3049 5
1626 11081 5
1626 2572 5
1626 28 5
1626 6555 5
1626 9991 3
1626 561 5
1626 2439 5
1626 9157 4
1626 6952 3
1626 3256 5
1626 7967 1
1627 10211 4
1627 333 1
1627 4280 5
1627 64 5
1627 2817 3
1627 1646 4
1627 4614 3
1627 8965 5
1627 525 3
1627 4187 4
1627 8688 5
1627 1277 5
1627 120 4
1627 11082 5
1627 59 5
1627 8735 4
1627 8812 2
1627 1963 2
1627 236 5
1627 3640 2
1627 6495 5
1627 8192 3
1627 8134 5
1627 3627 3
1627 8171 4
1627 3000 4
1627 732 5
1627 3849 2
1627 4496 5
1627 829 5
1627 312 1
1627 9082 4
1627 153 4
1627 4105 5
1627 6256 5
1627 309 5
1627 4447 4
1627 6499 5
1628 3639 4
1628 1657 5
1628 9890 5
1628 6437 5
1628 6723 5
1628 627 5
1628 2449 5
1628 1058 5
1628 7458 4
1628 7322 5
1628 1629 5
1628 3650 5
1628 11083 5
1628 10244 5
1628 1289 3
1628 6817 5
1628 7408 5
1628 1902 4
1628 1430 1
1628 1147 4
1628 991 4
1628 233 5
1628 191 4
1628 203 5
1628 3995 4
1628 190 5
1628 785 5
1628 254 5
1628 4324 4
1628 10447 4
1628 5978 4
1628 4457 5
1628 5504 5
1628 3219 4
1628 8171 5
1628 9926 5
1628 2441 5
1628 5688 5
1628 3257 4
1628 7496 5
1628 3440 5
1628 530 4
1628 1331 4
1628 9937 5
1628 8182 5
1628 769 4
1628 6833 5
1628 3716 5
1628 156 5
1628 4501 5
1628 5260 4
1628 9174 5
1628 783 5
1628 185 4
1628 3360 5
1628 5879 5
1628 5802 5
1628 4504 5
1628 5120 5
1628 302 4
1628 4895 4
1628 3721 5
1628 9761 5
1628 4935 5
1628 9546 4
1628 4829 4
1628 11084 5
1628 2718 5
1628 5664 4
1628 7336 4
1628 871 4
1628 868 3
1628 8146 4
1628 4369 5
1628 965 5
1628 10357 5
1628 10957 5
1628 1029 5
1628 4795 5
1628 10706 4
1628 5539 5
1629 2279 5
1629 8280 5
1629 1407 5
1629 6027 5
1629 1650 5
1629 5018 3
1629 507 5
1629 5720 4
1629 1707 5
1629 355 3
1629 1252 4
1629 2397 5
1629 2896 5
1629 1873 4
1629 567 5
1629 8343 4
1629 1283 4
1629 1212 4
1630 6355 4
1630 1365 4
1630 609 5
1630 1934 4
1630 5471 5
1630 3031 4
1630 196 4
1630 8362 4
1630 1870 4
1630 4466 5
1630 3230 5
1630 4463 4
1630 4280 4
1630 1340 4
1630 1675 4
1630 6963 4
1631 7400 5
1631 7900 5
1631 5945 5
1631 8937 1
1631 762 5
1631 8876 5
1631 603 3
1631 3202 1
1631 5581 5
1631 637 5
1631 4206 3
1631 3521 5
1631 4969 5
1631 323 5
1631 3551 5
1631 8357 3
1631 4897 3
1631 3075 4
1631 695 5
1631 728 3
1631 7581 5
1632 4731 4
1632 3170 5
1632 3175 5
1632 2592 5
1632 3177 5
1632 2858 5
1633 2351 5
1633 843 1
1633 312 5
1633 7269 5
1633 3315 2
1633 880 4
1633 11085 4
1633 4729 5
1633 3482 2
1633 5845 4
1634 1650 2
1634 1921 3
1634 1673 5
1634 11086 5
1634 4800 5
1635 6557 5
1635 1419 5
1635 7882 5
1635 8442 3
1635 8985 5
1635 7291 4
1635 843 5
1635 6498 5
1635 6906 5
1635 9896 5
1635 1374 3
1635 9792 4
1635 3088 3
1635 1332 5
1635 3447 1
1635 1386 4
1636 3699 5
1636 2083 5
1636 3661 4
1636 3165 5
1636 8087 5
1636 5592 5
1636 5945 5
1636 5881 4
1636 3341 4
1636 8062 4
1636 5781 5
1636 1963 4
1636 7167 4
1636 1347 5
1636 3254 4
1636 8059 5
1636 4454 4
1636 6788 5
1636 4247 5
1636 4741 5
1636 11087 3
1636 3200 4
1636 5022 3
1636 1910 4
1636 7435 4
1636 1665 5
1636 6104 5
1636 211 5
1636 9650 4
1636 771 5
1636 1314 5
1636 5082 3
1636 3954 4
1636 1691 4
1636 912 5
1636 6822 3
1636 1668 5
1636 1620 5
1636 11088 5
1636 7750 5
1636 8806 4
1636 609 5
1636 3333 4
1636 1704 5
1636 3252 5
1636 1960 4
1636 913 5
1637 5916 4
1637 1942 4
1637 3510 4
1637 4042 5
1637 6367 5
1637 10713 4
1637 5948 2
1637 6765 5
1637 6014 5
1637 5997 4
1637 4904 3
1637 3654 2
1637 8450 5
1637 5787 3
1637 3328 5
1637 11089 5
1637 3302 4
1637 4043 1
1637 4336 5
1637 6066 5
1637 9955 4
1637 5730 4
1637 6777 4
1637 2808 2
1637 8124 3
1637 4094 5
1637 632 5
1637 6026 5
1637 9169 5
1637 8180 5
1637 6483 3
1637 4158 4
1637 877 5
1637 6304 4
1637 3550 5
1637 3357 4
1637 3687 5
1637 5206 3
1637 3709 4
1637 9693 3
1637 7053 4
1637 9384 1
1637 2883 4
1637 3733 4
1637 9470 2
1637 6829 4
1637 2005 5
1637 5551 5
1637 6830 5
1637 1041 4
1637 2484 2
1638 6885 4
1638 5902 3
1638 8905 5
1638 9874 3
1638 1289 1
1638 7387 2
1638 4428 4
1638 2802 5
1638 4721 5
1638 1599 5
1638 3827 5
1638 276 5
1638 813 5
1638 309 5
1638 8964 4
1638 11090 5
1638 8925 3
1638 11091 4
1638 2954 5
1638 1761 5
1638 2721 5
1638 9525 2
1638 11092 2
1638 1305 4
1638 4431 5
1638 7257 5
1638 7578 2
1638 3444 5
1638 732 5
1638 7426 4
1638 3364 2
1638 4812 4
1638 734 5
1638 4283 4
1638 1676 1
1638 11093 4
1638 9101 4
1638 11094 3
1638 9760 4
1638 196 5
1638 3641 3
1638 2655 1
1638 9554 5
1638 7562 2
1638 8075 5
1638 211 5
1638 739 5
1638 217 5
1638 9556 3
1638 1278 5
1638 1636 5
1638 3110 5
1638 712 5
1638 2051 4
1638 313 5
1638 2763 5
1638 1350 5
1638 1641 4
1639 1849 3
1639 2124 5
1639 1904 5
1639 494 4
1639 4744 5
1639 5132 4
1639 8530 5
1639 5822 4
1639 355 5
1639 9067 5
1639 9030 5
1639 516 5
1639 6602 5
1639 8391 4
1639 8860 5
1639 9765 5
1639 8687 5
1639 8380 5
1639 3132 5
1639 2235 3
1639 2573 4
1639 495 4
1639 2597 4
1639 2263 5
1639 9070 5
1639 3447 4
1639 2899 4
1639 4061 4
1639 6472 5
1639 2889 5
1639 4316 4
1639 7300 4
1639 6661 5
1639 6286 1
1639 11095 4
1639 3260 5
1639 3415 5
1639 2294 5
1639 8687 5
1639 7474 4
1639 645 5
1639 3579 5
1639 2512 4
1639 2504 5
1639 8956 4
1640 8111 4
1640 5603 5
1640 8691 5
1640 5268 5
1640 4512 2
1640 7568 5
1640 7725 5
1640 4201 5
1640 7018 5
1640 4297 5
1640 7358 4
1640 11096 5
1640 11097 3
1641 762 5
1641 1975 1
1641 5711 4
1641 1395 5
1641 4491 5
1641 523 5
1641 3892 5
1641 1588 1
1641 339 4
1641 7933 1
1641 2379 5
1641 6613 1
1641 8334 1
1641 9753 5
1642 6592 4
1642 6936 3
1642 2474 5
1642 2104 5
1642 1150 3
1642 672 5
1642 1848 5
1642 1174 5
1642 6018 5
1642 2454 5
1642 6907 5
1642 7134 5
1642 2589 3
1642 333 5
1642 7521 5
1642 2164 3
1642 1265 5
1642 11078 2
1642 5669 1
1642 8329 2
1642 6681 3
1642 6894 5
1642 3077 4
1642 8960 5
1642 546 5
1642 1255 5
1642 470 1
1642 478 4
1642 1716 4
1642 3440 5
1642 7524 5
1642 739 5
1642 11098 5
1642 2143 5
1642 9724 5
1642 2418 3
1642 11099 4
1642 651 5
1642 2489 5
1642 2427 4
1642 3484 5
1642 3254 5
1642 2160 5
1642 659 5
1642 2159 5
1642 1233 5
1642 1933 5
1642 5116 5
1642 1707 5
1642 425 3
1642 472 2
1642 3667 5
1642 4656 5
1642 934 5
1642 8909 4
1642 1014 5
1642 3281 5
1642 1202 4
1642 501 5
1642 3512 3
1642 5195 5
1643 3985 2
1643 3430 2
1643 7101 4
1643 347 4
1644 9051 4
1644 1254 3
1644 1239 4
1644 507 5
1644 6992 4
1644 2463 4
1645 3249 5
1645 10380 5
1645 2359 5
1645 276 5
1645 9314 5
1645 5701 5
1645 10352 5
1645 7307 5
1645 3452 5
1645 9965 4
1645 8951 5
1645 6576 1
1645 8605 4
1645 9282 5
1646 7368 5
1646 8799 5
1646 1692 3
1646 661 3
1646 8107 3
1646 843 3
1646 3378 4
1646 4008 5
1646 728 4
1647 3727 1
1647 2797 5
1647 3007 5
1647 1165 4
1647 1926 5
1647 7410 5
1647 1226 5
1647 8619 1
1647 196 5
1647 8357 1
1647 7952 5
1647 11100 5
1647 9248 4
1647 695 5
1647 81 3
1647 5883 4
1647 309 3
1647 8537 5
1647 1275 3
1647 3012 4
1647 2782 5
1647 313 4
1647 312 4
1647 3451 5
1647 4515 3
1647 8365 4
1647 3450 4
1647 2427 4
1647 913 4
1647 1475 5
1647 4048 4
1647 8015 5
1647 755 5
1647 1314 4
1647 974 1
1647 829 5
1647 3332 5
1647 3654 4
1647 1332 4
1647 3506 5
1647 5975 3
1647 5404 5
1647 4167 5
1647 4391 5
1647 962 3
1647 5144 4
1647 4542 5
1647 2475 5
1647 6421 5
1648 6316 3
1648 1849 2
1648 9509 4
1648 1963 4
1648 902 5
1648 28 3
1648 1649 4
1648 4770 5
1648 7928 3
1648 3921 4
1648 732 3
1648 4048 1
1648 7021 4
1648 9374 3
1648 4275 5
1648 832 3
1648 313 3
1648 11101 5
1648 11102 2
1648 3227 3
1648 6366 5
1648 323 4
1648 574 1
1648 309 5
1648 1414 1
1648 704 2
1648 104 3
1648 8198 2
1648 5652 4
1648 6848 4
1648 1864 3
1648 8186 5
1648 8896 5
1648 4368 4
1648 11088 5
1648 3687 4
1648 4921 5
1648 10302 5
1648 8485 5
1648 4138 4
1649 1834 5
1649 7713 4
1649 2956 4
1649 2857 4
1649 1855 5
1649 603 4
1649 1856 5
1649 11103 5
1649 7245 4
1649 1887 4
1649 4749 4
1649 4650 5
1649 7654 4
1649 10837 5
1649 9955 5
1649 7513 3
1649 11104 5
1649 1874 5
1649 1878 5
1649 323 5
1649 1849 3
1649 759 3
1649 611 4
1649 574 1
1649 6891 4
1649 1907 5
1649 4123 4
1649 7209 5
1649 1903 5
1649 641 4
1649 9795 4
1649 8559 4
1649 7301 5
1649 1301 4
1649 7831 5
1649 104 3
1649 1920 5
1649 8417 4
1649 8985 5
1649 3226 5
1649 3302 4
1649 9478 4
1649 7526 4
1649 7289 5
1649 9543 5
1649 8808 5
1649 4996 5
1649 8097 4
1649 3975 4
1649 8194 4
1649 4942 5
1649 3419 5
1649 8463 4
1649 9757 5
1649 2910 3
1649 2916 5
1649 9964 4
1649 8898 5
1649 6590 4
1649 3459 5
1650 3551 5
1650 728 5
1650 661 3
1650 3082 5
1650 3130 5
1650 766 3
1650 8877 4
1650 8877 4
1650 8877 4
1650 2987 5
1650 4608 4
1651 80 4
1651 2484 4
1651 2305 5
1651 6894 4
1651 2318 5
1651 10811 5
1651 9579 4
1651 4606 4
1651 7072 5
1651 4838 5
1651 3259 3
1651 141 5
1651 4592 5
1651 7243 3
1652 8901 4
1652 1942 3
1652 4049 5
1652 704 5
1652 9079 5
1652 1607 1
1652 183 5
1652 1939 4
1652 772 4
1652 258 4
1652 1965 4
1652 7167 5
1652 9362 2
1652 313 4
1652 1275 1
1652 323 4
1652 2759 5
1652 673 4
1652 1403 1
1652 1733 5
1652 1749 5
1652 5921 5
1652 1652 3
1652 1045 5
1652 4772 5
1652 4229 5
1652 309 4
1652 4981 4
1652 1414 1
1652 1949 5
1652 3302 4
1652 3682 5
1652 2837 5
1653 1657 5
1653 1668 1
1653 728 3
1653 4381 5
1653 4495 5
1653 890 4
1653 9884 5
1654 7688 5
1654 2452 4
1654 442 5
1654 1670 4
1654 10163 5
1655 6823 3
1655 4036 4
1655 3748 4
1655 3936 5
1655 829 2
1655 258 5
1656 347 5
1656 3655 3
1656 5707 5
1656 5174 4
1656 7702 5
1656 4209 5
1656 5696 1
1656 1301 5
1656 9030 4
1656 7526 5
1656 8816 4
1656 323 5
1656 579 5
1656 460 4
1656 7301 4
1656 8711 4
1656 2988 4
1656 539 3
1656 2927 4
1656 4156 5
1656 2277 5
1656 5018 4
1656 8651 5
1656 11105 5
1656 6400 4
1656 3587 5
1657 10823 5
1657 2016 5
1657 9161 5
1657 11106 5
1657 87 5
1657 7806 5
1657 7752 5
1657 4840 4
1657 6897 5
1657 323 4
1657 6347 5
1657 1395 4
1657 4186 5
1657 704 4
1657 668 2
1657 7451 5
1657 5073 5
1657 303 4
1657 6708 5
1657 196 5
1657 7197 5
1657 11107 5
1657 286 5
1657 5718 5
1657 832 5
1657 6434 5
1657 6045 5
1657 6834 2
1657 7462 5
1657 5150 5
1657 104 4
1657 4151 5
1657 2702 5
1657 708 3
1657 718 5
1657 1352 5
1657 5298 5
1657 288 5
1657 5790 5
1658 829 5
1658 824 5
1658 2951 5
1658 6073 1
1658 6600 5
1658 5537 5
1658 4187 4
1658 9880 4
1658 7339 5
1658 10551 5
1658 3376 5
1658 6839 5
1658 4771 5
1658 9965 5
1658 1395 5
1658 9178 5
1658 5581 5
1658 5615 5
1658 8482 5
1658 9594 5
1658 3457 4
1658 4570 4
1658 8666 5
1658 313 5
1658 8941 5
1658 10837 5
1658 5145 5
1658 1903 3
1658 8607 5
1658 104 5
1658 732 5
1658 2146 4
1658 323 5
1658 5682 5
1658 7539 5
1658 2150 5
1658 10070 3
1658 5148 5
1658 8886 1
1658 4871 5
1658 8421 5
1658 699 5
1658 309 5
1658 9400 5
1658 4706 3
1658 6497 4
1658 8940 4
1658 8791 5
1658 2959 3
1659 1650 4
1659 1673 3
1659 3533 4
1659 8958 5
1659 1332 4
1659 9962 4
1659 3333 5
1659 104 5
1659 9273 4
1659 11108 4
1660 1541 5
1660 2843 5
1660 6257 4
1660 11109 5
1660 1536 5
1660 6519 5
1660 2472 2
1660 6196 5
1660 1678 5
1660 1792 3
1660 550 5
1660 11026 4
1660 1903 5
1660 8558 5
1660 1650 3
1660 1673 3
1660 1665 4
1660 7405 4
1660 2484 2
1660 255 5
1660 8382 4
1660 574 1
1660 3002 4
1660 8867 4
1660 748 4
1660 4734 4
1660 553 3
1660 919 4
1660 3492 4
1660 1677 3
1660 4927 5
1660 1680 5
1660 7745 5
1660 9162 5
1660 673 5
1660 2964 4
1660 2468 5
1660 2193 4
1660 1222 3
1660 8955 4
1660 712 5
1660 661 3
1660 4767 4
1660 1035 4
1660 313 4
1660 8020 4
1660 1908 5
1660 6618 4
1660 196 5
1660 10081 5
1660 6775 5
1660 2514 3
1660 739 4
1660 1518 5
1660 10828 5
1660 6943 5
1660 4693 3
1660 7300 5
1660 4280 5
1660 125 4
1660 878 5
1660 477 5
1660 638 5
1660 1607 2
1660 4491 5
1660 4394 5
1660 6399 4
1660 3975 5
1661 8444 5
1661 604 5
1661 8302 4
1661 1972 3
1661 1821 4
1661 9315 4
1661 7376 4
1661 3392 4
1661 7201 4
1661 2264 5
1661 2429 5
1661 3284 4
1661 2424 4
1661 9303 5
1661 276 5
1661 1965 4
1661 2804 4
1661 9271 4
1661 1683 4
1661 4255 4
1661 9552 4
1661 8711 5
1661 104 5
1661 3263 4
1661 609 3
1661 832 3
1661 4069 5
1661 6988 4
1661 323 5
1661 6069 4
1661 1332 5
1661 8135 4
1661 6096 5
1661 7645 5
1661 1279 5
1661 8583 5
1661 11110 5
1662 1855 5
1662 6978 5
1662 1962 5
1662 1862 5
1662 1856 5
1662 7727 4
1662 7278 5
1662 7337 5
1662 2820 5
1662 1880 4
1662 1874 4
1662 4455 4
1662 611 5
1662 7994 5
1662 1887 5
1662 1878 4
1662 1920 5
1662 1907 5
1662 1903 5
1662 9762 4
1662 5061 5
1662 3365 3
1662 206 5
1662 8072 2
1662 205 5
1662 9008 5
1662 2078 4
1662 8536 5
1662 2971 5
1662 738 3
1662 66 4
1662 2280 4
1662 8521 4
1662 7990 4
1662 9386 5
1662 141 5
1662 8821 4
1662 7997 5
1662 2010 5
1662 1053 5
1662 4053 5
1662 5028 4
1662 7632 4
1662 9293 5
1662 2494 5
1662 11111 5
1662 6139 4
1662 172 5
1662 8045 5
1662 1728 4
1662 8046 4
1662 550 5
1662 3847 5
1662 2364 5
1662 272 5
1662 10307 4
1662 10761 4
1662 7453 4
1662 9707 4
1662 7673 5
1662 11112 4
1662 2972 2
1662 250 5
1662 7598 2
1662 9815 4
1662 6093 5
1662 4495 5
1662 2344 5
1662 54 5
1662 9766 5
1662 6132 5
1662 4433 4
1662 6202 4
1662 5225 4
1662 73 4
1662 5029 5
1662 9452 4
1662 11113 5
1662 1383 5
1662 5004 5
1662 5292 5
1662 6275 5
1662 60 4
1662 4995 1
1662 6215 5
1662 4434 2
1662 239 2
1662 11114 5
1663 503 5
1663 64 4
1663 6642 4
1663 2858 4
1663 4941 4
1663 1965 3
1663 323 4
1663 2903 5
1663 7414 4
1663 7489 4
1663 1628 4
1663 6805 5
1663 5832 4
1663 1641 4
1663 8459 3
1663 11115 5
1663 2683 5
1663 3338 4
1663 1346 3
1663 6766 3
1663 7257 5
1663 11116 4
1663 5617 1
1664 7030 4
1664 2507 5
1664 8420 5
1664 1634 3
1664 1900 3
1664 8107 5
1664 6137 5
1664 1975 5
1664 900 5
1664 997 5
1664 745 4
1664 6442 4
1664 1747 4
1664 11117 1
1664 1439 5
1664 1501 3
1664 171 5
1664 4299 5
1664 8617 3
1664 9096 4
1664 6664 3
1664 1067 3
1664 1323 5
1664 739 4
1664 1693 4
1664 1406 4
1664 10238 3
1664 8640 4
1664 1043 5
1664 9832 5
1664 741 5
1664 6138 5
1664 3752 5
1664 8635 5
1664 700 4
1664 691 4
1664 919 5
1664 4359 3
1664 254 5
1664 4673 5
1664 3658 4
1664 6985 5
1664 11118 5
1664 10680 5
1664 4921 5
1664 327 5
1664 4507 5
1664 681 5
1664 8860 5
1664 1332 5
1664 11086 5
1664 11119 4
1664 5169 5
1664 1386 5
1664 7142 5
1664 1691 4
1664 8592 5
1664 4955 4
1664 866 5
1664 7907 5
1664 3431 4
1664 4877 5
1665 1992 5
1665 3462 5
1665 8836 5
1665 960 5
1665 3932 5
1665 11043 4
1665 7550 5
1665 3553 5
1665 7902 5
1665 11120 3
1665 9089 5
1666 6726 5
1666 8951 5
1666 4223 5
1666 2030 4
1666 4896 4
1666 6083 5
1666 7635 5
1666 7880 5
1666 196 5
1666 1727 5
1666 323 5
1666 673 5
1666 1632 5
1666 3578 5
1666 832 5
1666 270 5
1666 3064 4
1666 8660 5
1666 4812 5
1667 3996 5
1667 10908 4
1667 7899 1
1667 2561 4
1667 832 3
1667 1516 5
1667 323 5
1667 312 5
1667 196 5
1667 3972 3
1667 5649 4
1668 6474 5
1668 206 5
1668 11121 4
1668 7713 3
1668 6009 2
1668 643 4
1668 7414 4
1668 8442 5
1668 1920 4
1668 8985 5
1668 5134 5
1668 3657 5
1668 1418 5
1668 8211 4
1668 3467 5
1668 10073 5
1668 309 3
1668 7513 5
1668 1332 3
1668 4320 5
1668 2675 4
1668 1049 3
1668 1857 4
1668 11122 5
1668 5802 5
1668 3182 5
1669 6229 5
1669 2491 5
1669 6087 5
1669 6236 5
1669 7901 5
1669 6528 5
1669 2849 5
1669 6124 1
1670 11123 5
1670 8588 3
1670 6502 5
1670 1785 4
1670 7123 5
1670 3971 4
1670 7269 5
1670 6734 4
1670 2039 5
1670 6285 4
1670 3815 5
1670 4024 4
1670 311 5
1670 1547 4
1671 5574 5
1671 6319 3
1671 1935 2
1671 349 4
1671 1806 5
1671 8581 3
1671 6170 4
1671 5862 4
1671 6910 5
1671 11124 4
1671 6459 4
1671 6425 4
1671 7028 4
1671 6172 5
1671 11125 4
1671 7607 4
1671 6236 3
1671 3318 5
1671 208 4
1671 1533 4
1671 6265 4
1671 1547 4
1671 1215 4
1671 1808 4
1671 7628 4
1671 2489 4
1671 5665 1
1671 2288 3
1671 1937 5
1671 3009 5
1671 11126 5
1671 6729 5
1671 2293 4
1671 7968 3
1671 404 3
1671 1824 4
1671 7177 3
1672 2792 5
1672 2762 5
1672 2856 5
1672 2187 2
1672 5885 5
1672 6534 5
1672 8146 3
1672 5618 4
1672 9404 5
1672 6736 5
1672 1602 4
1673 9059 5
1673 7327 4
1673 4279 5
1673 2705 4
1673 2002 4
1673 4935 5
1673 113 4
1673 6322 5
1673 3303 3
1673 1547 5
1673 4395 4
1673 1040 4
1673 7251 5
1673 5029 5
1673 7443 4
1673 7103 4
1673 1743 5
1674 10609 4
1674 4666 5
1674 881 2
1674 7077 5
1674 11127 4
1674 327 3
1674 3271 5
1675 7270 5
1675 9313 5
1675 6709 5
1675 7802 5
1675 8104 5
1675 6233 5
1675 6424 5
1675 31 5
1675 6421 5
1675 3196 5
1675 22 4
1675 7668 3
1675 4195 2
1675 6531 4
1675 7029 5
1675 7684 3
1675 6236 4
1675 6345 5
1675 6261 4
1675 11128 4
1675 6232 3
1675 2007 2
1675 6235 4
1675 3328 5
1675 5895 5
1675 2382 2
1675 11129 5
1675 14 4
1675 6685 4
1675 3081 4
1675 6006 5
1675 6006 4
1675 6467 5
1675 3182 5
1675 6429 4
1675 1549 4
1675 7093 5
1675 6731 5
1675 6482 5
1675 7091 3
1675 6530 5
1675 6535 3
1675 7682 4
1675 6924 4
1675 3730 5
1675 6177 4
1675 6229 5
1675 6452 4
1675 78 5
1675 7691 5
1675 7180 4
1675 9078 5
1675 7465 3
1675 7636 5
1675 7725 4
1675 3550 5
1675 7016 4
1675 1630 5
1675 233 5
1675 2504 5
1675 2069 5
1675 8150 4
1675 6746 5
1675 2071 4
1675 834 4
1675 1864 5
1675 2962 4
1675 1718 2
1675 3670 4
1675 1922 4
1675 1570 5
1675 5350 5
1675 4135 4
1675 6033 5
1675 189 5
1675 8163 5
1675 4671 4
1675 3037 5
1675 77 5
1675 5926 4
1675 2470 4
1675 5384 5
1675 2455 5
1675 2772 5
1675 3516 5
1675 3395 4
1675 8762 4
1675 2549 4
1675 2274 5
1675 5972 5
1675 4822 5
1676 5488 3
1676 239 5
1676 5731 5
1676 5350 5
1676 126 3
1676 4880 3
1676 1547 5
1676 6451 5
1676 1537 4
1676 207 4
1676 6294 4
1676 5905 4
1676 6162 5
1677 7078 4
1677 7649 2
1677 199 4
1677 2306 4
1677 6073 5
1677 2495 4
1677 6981 4
1677 7786 4
1677 6253 4
1677 8145 4
1677 1564 4
1677 7882 4
1677 8147 5
1677 7500 5
1677 9791 4
1677 4391 3
1677 7374 4
1677 6239 4
1677 5903 4
1677 8564 4
1677 5905 4
1678 3171 4
1678 7343 4
1678 4483 4
1678 1972 5
1678 426 5
1678 1536 5
1678 6219 3
1678 3605 5
1678 6221 5
1678 330 4
1678 7347 4
1678 7779 4
1678 2861 4
1678 1682 5
1678 1529 4
1678 2718 5
1678 6218 4
1678 2508 4
1678 6630 4
1678 2177 4
1678 2211 4
1678 2534 3
1678 2862 4
1678 7963 4
1678 6222 5
1678 7344 5
1678 2595 4
1678 2948 5
1678 9895 2
1678 2229 3
1678 2166 4
1678 1144 4
1678 2165 2
1679 3045 1
1679 995 5
1679 7122 1
1679 2856 4
1679 6265 5
1679 713 1
1679 5820 5
1679 9905 5
1679 309 3
1679 4904 5
1679 843 3
1679 1541 5
1679 1130 5
1679 4101 5
1679 2655 1
1679 9495 5
1679 772 5
1679 9864 5
1679 8239 5
1679 7547 5
1679 6180 3
1679 6777 3
1679 2526 4
1679 5025 5
1679 6855 5
1679 7292 5
1679 7844 5
1679 728 3
1679 7845 5
1679 7777 4
1679 10893 3
1679 2100 4
1679 7053 5
1679 6782 4
1680 732 5
1680 6322 3
1680 5694 4
1680 5245 4
1680 7321 2
1680 6508 4
1680 329 2
1680 392 4
1680 1209 4
1680 1229 5
1680 1680 4
1680 5910 1
1680 1693 3
1680 7450 5
1680 1287 4
1680 8436 5
1681 11130 5
1681 2646 5
1681 8214 5
1681 2083 5
1681 4666 5
1682 8588 4
1682 1889 3
1682 6684 4
1682 5957 1
1682 2455 5
1682 7064 4
1682 6258 4
1682 5967 4
1682 6298 4
1682 8269 4
1682 5733 3
1682 211 3
1682 3670 3
1682 2651 3
1682 605 3
1682 623 2
1682 7129 5
1682 9987 5
1682 362 5
1682 7420 5
1682 5648 5
1682 5973 4
1682 2495 4
1682 1877 5
1682 1933 3
1682 7409 3
1682 1861 3
1682 2397 3
1682 1922 4
1682 1934 3
1682 531 5
1682 1926 4
1682 4805 5
1682 7380 4
1682 2572 5
1682 7210 4
1682 474 4
1682 6107 5
1682 6355 5
1682 2449 5
1682 7054 5
1683 7908 4
1683 6049 3
1683 1650 4
1683 3454 1
1684 5442 4
1684 1533 4
1684 1541 5
1684 288 5
1684 6381 3
1684 4496 5
1684 6926 4
1684 4129 1
1684 1864 4
1684 292 3
1684 1561 4
1684 7108 5
1684 3015 3
1684 3683 5
1684 6444 5
1684 4294 4
1684 8824 4
1684 8899 4
1684 6645 4
1684 2066 4
1684 7997 4
1684 913 4
1684 4072 1
1684 2102 3
1684 5822 5
1684 235 5
1684 832 5
1684 1530 3
1684 320 5
1684 1638 5
1684 8797 5
1684 7648 5
1684 4300 4
1684 657 4
1684 8031 4
1685 7531 5
1685 6974 5
1685 7954 4
1685 1809 5
1685 7528 5
1685 7904 5
1685 5968 5
1685 8539 1
1685 368 3
1685 5870 3
1685 1789 5
1685 8622 4
1685 1804 3
1685 2249 3
1685 694 4
1685 1960 4
1685 7747 4
1685 6318 4
1685 3008 5
1685 8077 4
1685 7285 3
1685 6070 5
1686 6157 4
1686 2528 4
1686 1278 5
1686 6188 3
1686 2254 1
1686 5709 3
1686 2417 5
1686 4721 5
1686 2218 4
1686 604 5
1686 2182 4
1686 2591 4
1686 1820 5
1686 1646 5
1686 10046 5
1686 2522 4
1686 9335 4
1686 2370 4
1686 2289 4
1686 5209 5
1686 2454 1
1687 3693 5
1687 9495 4
1687 7518 3
1687 891 3
1687 5884 1
1687 6758 4
1687 6229 4
1687 1532 4
1687 6124 3
1687 6079 4
1687 5914 4
1687 7179 5
1687 6408 4
1687 6702 4
1687 10228 4
1687 6300 5
1687 7496 5
1687 4675 3
1687 3959 5
1687 7178 4
1687 592 4
1687 7245 5
1687 6292 1
1687 6337 4
1687 7877 4
1687 2526 4
1687 6902 4
1687 8116 2
1687 601 5
1687 8148 3
1687 6729 5
1687 604 5
1687 8544 4
1687 2864 2
1687 6475 3
1687 2495 4
1687 8823 5
1687 992 4
1687 1995 4
1687 7804 3
1687 6531 3
1687 3971 4
1687 3186 4
1687 8809 4
1687 6909 4
1687 1949 4
1687 2761 4
1687 1448 5
1687 2069 3
1687 1567 2
1687 9313 4
1687 8998 1
1687 1574 4
1687 7672 4
1687 7058 3
1687 8709 4
1687 2197 5
1687 8212 4
1687 7628 3
1687 2223 3
1687 1486 3
1687 2782 5
1687 1670 4
1687 11131 4
1687 6107 5
1688 2810 5
1688 309 5
1688 4460 5
1688 5961 5
1688 7043 5
1688 5959 5
1688 7224 5
1688 6778 5
1688 6933 4
1688 7878 5
1688 2835 5
1688 8914 5
1688 2066 5
1688 5385 5
1688 5941 5
1688 4908 4
1688 3987 4
1688 7613 5
1688 7058 5
1688 2056 5
1688 7699 4
1688 4274 4
1688 196 3
1688 2054 5
1688 2005 5
1688 1704 5
1688 6076 3
1688 1840 4
1688 1847 5
1688 8267 4
1689 10375 5
1689 9980 5
1689 7992 4
1689 10565 5
1689 9866 4
1689 1467 4
1689 2765 4
1689 3086 5
1689 8087 4
1689 4563 5
1689 944 2
1689 7703 5
1689 11132 5
1689 1917 5
1689 8880 5
1689 8853 5
1689 5969 5
1690 1536 4
1690 110 5
1690 7931 4
1690 11133 5
1690 6404 3
1690 8706 4
1690 3000 5
1690 8126 4
1690 5952 4
1690 4336 4
1690 6719 5
1690 4496 4
1690 5861 5
1690 490 5
1690 4339 5
1690 4461 2
1690 7988 3
1690 4245 5
1690 3920 1
1690 10311 4
1690 7102 2
1690 7268 5
1690 7114 3
1690 9022 3
1691 4303 4
1691 3731 5
1691 5721 4
1692 1528 1
1692 2257 4
1692 3956 5
1692 404 5
1692 1576 3
1692 8663 3
1692 374 5
1692 7098 5
1692 1350 5
1692 2667 3
1692 5160 5
1692 1142 5
1692 3575 4
1692 2755 5
1693 7200 4
1693 5862 3
1693 2860 5
1693 1543 4
1693 7619 5
1693 1553 4
1693 8114 3
1693 1268 3
1693 2124 5
1693 1592 4
1693 8393 3
1693 6883 4
1693 7292 5
1693 1871 4
1693 5708 5
1693 1608 5
1694 6593 5
1694 8367 5
1694 3575 5
1694 6806 5
1694 1693 5
1694 906 5
1694 10924 4
1694 5741 4
1694 9064 5
1694 462 5
1694 2342 5
1694 468 5
1694 6028 2
1694 2637 5
1694 7243 3
1694 3039 5
1694 2439 5
1694 5956 5
1694 2850 5
1694 3400 5
1694 1346 5
1694 7564 5
1694 3411 5
1694 1837 4
1694 11134 5
1694 8264 4
1694 5670 4
1694 3817 5
1694 5641 4
1694 7327 5
1694 3748 5
1694 6167 5
1695 8743 5
1695 1624 3
1695 1289 1
1695 1737 1
1695 516 4
1695 9456 3
1695 1300 1
1695 4523 5
1695 6788 4
1695 661 1
1695 8422 5
1695 1754 5
1695 1966 3
1695 1542 1
1695 3548 5
1695 780 4
1695 8548 1
1695 739 5
1695 1692 2
1695 1956 1
1695 288 1
1695 8911 2
1695 8823 5
1695 1219 5
1695 934 5
1695 732 1
1695 6390 1
1695 1217 5
1695 1977 5
1695 3711 3
1695 1240 3
1695 4099 5
1695 740 3
1695 1976 3
1695 323 1
1695 4119 5
1695 1335 5
1695 757 5
1695 167 5
1695 673 3
1695 766 5
1695 735 1
1695 6610 3
1695 174 1
1695 829 5
1695 699 5
1695 836 1
1695 4818 3
1695 278 1
1695 4377 5
1695 728 1
1695 695 1
1695 1988 5
1695 1981 3
1695 8107 5
1695 1306 1
1695 792 1
1695 7574 5
1695 704 1
1695 1984 5
1695 10642 2
1695 913 5
1695 1423 1
1695 6572 1
1695 762 1
1695 28 5
1695 313 3
1695 5808 5
1695 1852 5
1695 4932 1
1695 710 4
1695 258 1
1695 196 5
1695 305 3
1695 1275 4
1695 5452 5
1695 1387 3
1695 7992 4
1695 4373 3
1695 5418 1
1695 1350 5
1695 741 4
1695 4742 5
1695 832 5
1695 952 4
1695 738 1
1695 276 5
1695 217 4
1695 10040 1
1695 3088 3
1695 9159 5
1695 678 5
1695 650 5
1695 759 5
1695 4865 5
1695 954 2
1695 1395 1
1695 8839 3
1695 975 1
1695 1278 5
1695 706 5
1695 712 4
1695 3731 5
1695 323 4
1695 10339 5
1695 4758 1
1695 1324 5
1695 751 1
1695 1419 1
1695 8425 2
1695 1444 2
1695 3082 5
1695 3000 5
1695 104 5
1695 4072 1
1695 3098 5
1695 6181 5
1695 8511 5
1695 7693 5
1695 6822 2
1695 4981 5
1695 309 5
1695 312 5
1695 1332 3
1695 772 1
1695 574 1
1695 1476 1
1695 8097 1
1695 6552 5
1696 7674 3
1696 2345 3
1696 6469 5
1696 8250 5
1696 1535 1
1696 1541 5
1696 4698 5
1696 7168 5
1696 6506 5
1696 8287 3
1696 7080 5
1696 6783 5
1696 502 5
1696 552 4
1696 341 5
1696 419 5
1696 4018 5
1696 941 5
1696 5940 5
1696 8313 5
1696 509 4
1696 1037 5
1696 636 5
1696 2678 5
1696 2420 5
1696 9061 5
1696 8385 3
1696 11135 4
1696 1853 5
1696 9157 5
1696 8162 5
1696 7745 5
1696 7786 5
1696 199 5
1696 6845 5
1696 4428 5
1696 3942 5
1696 4032 4
1696 2933 5
1696 6421 5
1696 2846 2
1696 2802 5
1696 1084 5
1696 4531 2
1696 3687 4
1696 3269 4
1696 1728 4
1696 909 1
1696 1686 5
1696 309 5
1696 1667 4
1696 4424 5
1696 7434 5
1696 1547 5
1696 7880 4
1696 1636 5
1696 3203 5
1696 3279 5
1696 6767 5
1696 9092 5
1696 9694 5
1696 3170 4
1696 11136 4
1696 1853 5
1697 1584 3
1697 722 5
1697 305 4
1697 7931 3
1697 4471 5
1697 1650 4
1697 1864 5
1697 4699 5
1697 771 1
1697 9365 4
1697 3921 5
1697 9932 4
1697 8038 5
1697 7100 4
1697 8015 4
1697 2005 4
1697 3358 4
1697 9384 5
1697 8812 4
1697 1963 3
1697 1665 4
1697 11137 5
1697 661 3
1697 3064 4
1697 3014 5
1697 1972 4
1697 1962 5
1697 5560 5
1697 732 5
1697 3724 4
1697 5726 4
1697 2054 5
1697 1965 3
1697 3308 5
1697 258 4
1697 288 5
1697 728 3
1697 4847 5
1697 7056 4
1697 712 5
1697 6581 5
1697 11107 3
1697 276 4
1697 7524 4
1697 813 3
1697 3990 5
1697 312 5
1697 1903 5
1697 1912 5
1697 323 4
1697 1925 5
1697 211 5
1697 28 4
1697 2905 4
1697 5637 3
1697 741 5
1697 2537 4
1697 8029 4
1697 829 5
1697 2826 5
1697 3075 5
1697 11138 5
1697 6442 4
1697 832 4
1697 3474 5
1697 677 5
1697 2651 4
1697 313 5
1697 785 4
1697 6255 4
1697 196 5
1697 2475 5
1697 1277 5
1697 820 5
1697 3856 5
1697 104 5
1697 1476 1
1697 2499 5
1697 3316 4
1697 609 1
1697 6453 5
1697 309 4
1697 1275 4
1697 3672 5
1697 699 4
1698 4651 5
1698 3556 5
1698 6273 1
1698 10609 5
1698 2458 2
1698 4624 5
1698 3879 4
1698 4209 5
1698 1277 5
1698 1963 4
1698 2085 5
1698 606 5
1698 4285 5
1698 1395 5
1698 258 1
1698 8057 3
1698 6815 5
1698 323 3
1698 4591 5
1698 7538 5
1698 313 3
1698 759 3
1698 4396 5
1698 164 5
1698 609 5
1698 3000 5
1698 1475 5
1698 5744 5
1698 9233 5
1698 6298 1
1698 3449 3
1698 4571 5
1698 2296 5
1698 2277 5
1698 501 5
1698 5717 5
1699 814 4
1699 827 5
1699 3123 3
1699 313 5
1699 211 5
1699 699 5
1700 3088 2
1700 697 5
1700 1418 4
1700 1332 4
1700 6400 3
1700 3396 5
1701 8465 5
1701 1580 2
1701 111 4
1701 7458 5
1701 11125 5
1701 9781 4
1701 7466 5
1701 52 4
1701 4297 4
1702 7836 5
1702 796 5
1702 2594 4
1702 9661 4
1702 3600 5
1703 1282 1
1703 704 1
1703 4334 5
1703 1332 5
1703 1275 5
1703 3626 5
1703 4991 5
1703 1406 5
1703 10135 3
1703 728 3
1703 8402 5
1703 5379 4
1703 3123 3
1703 10376 5
1703 211 5
1703 7138 5
1703 2355 4
1704 1472 3
1704 1278 4
1704 313 1
1704 1219 1
1704 1211 3
1704 716 4
1704 4278 4
1704 8667 1
1704 124 5
1704 9947 3
1704 791 5
1704 704 5
1704 650 4
1704 8973 5
1704 1403 2
1704 706 5
1704 1984 4
1704 741 5
1704 710 5
1704 772 5
1704 728 1
1704 3553 5
1704 8743 4
1704 11018 3
1704 4050 5
1704 832 4
1704 288 2
1704 3231 5
1704 10032 3
1704 2158 4
1704 1358 1
1704 792 5
1704 4107 5
1704 740 5
1704 992 4
1704 59 5
1704 1395 4
1704 732 4
1704 5539 5
1704 164 5
1704 7466 5
1704 1335 4
1704 640 2
1704 9498 5
1704 10833 4
1704 925 5
1704 4615 5
1704 1412 5
1704 4496 5
1704 9042 5
1704 836 1
1704 1263 5
1704 3450 5
1704 312 3
1704 3561 5
1704 323 2
1704 4000 5
1704 913 5
1705 1386 4
1705 1419 4
1705 704 5
1705 1974 5
1705 609 4
1705 1275 5
1705 2130 5
1705 197 5
1705 1682 5
1705 3012 5
1705 832 5
1705 7020 5
1705 3555 5
1705 10089 5
1705 6897 5
1705 2669 4
1705 1279 4
1705 1271 5
1705 6354 5
1705 7201 4
1705 9282 1
1705 2143 5
1705 9107 5
1705 3654 5
1705 7365 2
1705 9542 5
1706 9963 5
1706 1965 3
1706 258 3
1706 739 3
1706 6066 5
1707 660 4
1707 7109 5
1707 686 4
1707 8387 5
1707 4282 4
1707 699 3
1707 8669 4
1707 4782 4
1707 1510 4
1707 839 5
1707 860 3
1707 862 5
1707 10539 5
1707 6695 5
1707 867 5
1707 773 5
1708 5114 5
1708 276 5
1708 1684 5
1708 829 5
1708 250 4
1708 323 4
1708 832 5
1708 2931 4
1708 1915 4
1708 1766 5
1708 3263 5
1708 704 5
1708 5488 5
1708 104 4
1708 8783 4
1708 196 1
1708 1719 4
1708 10841 5
1708 5045 4
1708 9300 5
1708 8890 4
1708 3667 5
1709 4820 3
1709 10660 4
1709 513 4
1709 567 4
1709 8944 5
1709 2320 4
1709 5456 4
1709 5939 5
1709 11139 5
1709 754 4
1709 3132 3
1709 8355 4
1709 5663 5
1709 674 5
1709 702 2
1709 474 5
1709 1968 1
1709 4708 5
1709 1512 3
1709 8561 5
1709 6618 4
1709 2190 4
1709 4115 4
1709 5144 2
1709 9884 5
1709 5688 4
1709 347 3
1709 2475 5
1709 9801 4
1709 11140 3
1709 10178 5
1709 3145 4
1709 11141 4
1709 5145 4
1709 1301 3
1709 3440 3
1709 11142 4
1709 772 5
1709 4653 5
1709 3861 5
1709 6837 3
1709 3289 4
1709 6936 2
1709 6278 3
1709 9792 4
1709 313 5
1709 746 5
1709 9180 4
1709 6996 5
1709 576 4
1709 1908 3
1709 4166 5
1709 2576 4
1709 712 5
1709 4225 5
1709 493 4
1709 738 5
1709 9817 2
1709 10301 5
1709 11143 5
1709 3979 3
1709 9816 3
1709 728 2
1709 3935 5
1709 722 5
1709 323 1
1709 4818 5
1709 1299 3
1709 900 4
1709 6906 2
1709 276 4
1709 11139 5
1709 4259 4
1709 524 5
1709 3868 4
1709 1852 3
1709 684 4
1709 11144 4
1709 3087 5
1709 732 5
1709 2376 5
1709 781 5
1709 312 5
1709 9932 4
1709 2911 5
1709 762 1
1709 7365 5
1709 2143 3
1709 9542 4
1709 258 2
1709 6212 5
1709 3481 4
1709 2646 4
1709 6193 4
1709 4084 4
1709 5808 5
1709 843 5
1709 3883 5
1709 5582 5
1709 354 5
1709 7851 5
1709 571 5
1709 513 4
1709 2413 4
1709 3891 4
1709 11145 4
1709 11146 5
1709 10227 3
1709 1509 1
1709 3751 5
1709 11147 5
1709 10345 5
1709 4590 4
1710 895 4
1710 206 5
1710 9119 4
1710 1912 5
1710 798 5
1710 424 2
1710 513 5
1710 411 5
1710 2342 4
1710 8937 4
1711 5029 3
1711 658 4
1711 2931 5
1711 4909 4
1711 3091 4
1711 5096 3
1711 5997 5
1711 1275 5
1711 2824 4
1711 7194 4
1711 4152 4
1711 6980 5
1711 5502 4
1711 1949 5
1711 9776 3
1711 3521 4
1711 1361 4
1711 8096 3
1712 4091 5
1712 7645 5
1712 5881 5
1712 3742 5
1712 3222 5
1712 6890 5
1712 785 5
1712 944 4
1712 196 4
1712 759 5
1712 4782 5
1712 991 5
1712 3528 5
1712 9269 5
1712 3051 3
1712 3687 5
1712 276 4
1712 11148 5
1712 1395 4
1712 4835 3
1712 3899 5
1712 6182 5
1712 2461 5
1712 4197 3
1712 699 4
1712 609 3
1712 9128 5
1712 4848 4
1712 1864 5
1712 5993 4
1712 11108 4
1712 6952 5
1712 7555 5
1712 704 4
1712 829 4
1712 433 5
1712 309 4
1712 5615 5
1712 211 4
1712 3536 5
1713 7518 5
1713 5239 4
1713 3701 5
1713 1384 1
1713 4675 3
1714 8645 4
1714 5808 5
1714 8632 1
1714 1869 5
1714 5640 4
1714 829 5
1714 11149 4
1714 4968 5
1714 5336 4
1714 695 4
1714 3140 5
1714 4891 5
1714 3075 4
1714 5452 4
1714 762 5
1714 1697 4
1714 8669 5
1714 4280 4
1714 1772 4
1714 258 5
1714 2960 5
1714 3521 5
1714 9730 5
1714 1332 4
1714 728 4
1715 850 4
1715 4 4
1715 8120 4
1715 4208 5
1715 196 4
1715 5577 4
1715 9016 4
1715 4075 4
1715 4775 5
1715 8105 5
1715 7194 5
1715 759 4
1715 2824 5
1715 5248 4
1715 732 5
1715 104 4
1715 728 4
1715 609 4
1715 832 3
1715 288 4
1715 7121 5
1715 699 4
1715 829 5
1715 309 5
1715 6043 5
1715 3190 5
1716 3994 5
1716 609 3
1716 5910 3
1716 829 4
1716 1412 4
1716 104 5
1716 323 3
1716 309 5
1716 1332 4
1716 3469 4
1716 8436 4
1716 528 5
1716 3333 4
1716 1637 5
1717 9742 3
1717 6868 5
1717 10249 5
1717 3508 5
1717 4919 5
1717 9822 4
1717 3173 5
1717 11150 3
1717 4619 5
1717 822 5
1717 11151 3
1717 9821 5
1717 4764 4
1717 4878 5
1717 4616 5
1717 10287 5
1717 10199 5
1717 11152 5
1717 11153 5
1717 9259 5
1717 4203 5
1718 7823 5
1718 732 5
1718 3414 5
1718 2005 4
1718 2087 4
1718 104 5
1718 738 5
1718 160 5
1718 2088 4
1718 313 5
1718 309 3
1718 609 2
1718 699 4
1718 813 4
1718 8021 5
1718 312 5
1718 276 5
1718 780 3
1718 10401 5
1718 7952 5
1719 5247 4
1719 106 5
1719 1292 5
1720 1395 4
1720 728 3
1720 104 3
1720 656 4
1720 8476 4
1721 12 3
1721 10876 4
1721 1079 4
1721 1968 5
1721 3533 5
1721 6927 2
1721 7425 5
1721 9050 5
1721 10326 1
1721 1995 5
1721 6676 4
1721 10533 4
1721 1945 5
1721 309 5
1721 306 4
1721 9613 5
1721 4448 5
1721 489 5
1721 2048 4
1721 1682 5
1721 9294 3
1721 7434 2
1722 6279 2
1722 1275 1
1722 1963 4
1722 7663 5
1722 28 4
1722 7225 1
1722 7216 5
1722 3436 3
1722 832 4
1722 288 4
1722 9724 5
1722 3325 5
1722 7847 5
1722 5091 5
1722 4563 1
1722 8179 4
1722 6716 4
1722 2814 5
1722 1219 1
1722 788 5
1722 7690 5
1722 276 4
1722 732 4
1722 9413 5
1722 3074 4
1722 323 3
1722 6494 4
1722 4518 3
1722 7611 3
1722 104 4
1722 4470 4
1722 4326 5
1722 7142 5
1722 704 3
1722 8143 2
1722 4178 4
1722 804 5
1722 6886 4
1722 3985 4
1722 10720 5
1722 313 3
1722 803 4
1722 798 2
1722 3990 5
1722 3077 4
1722 2055 4
1722 7609 4
1722 4181 5
1722 762 4
1722 211 5
1722 217 3
1722 609 5
1722 813 4
1722 309 5
1722 7610 4
1722 5956 3
1722 4199 4
1723 7702 5
1723 11154 5
1723 4606 5
1723 832 5
1723 5193 4
1723 656 3
1723 11104 5
1723 728 3
1723 104 4
1723 762 3
1723 820 4
1723 1419 5
1723 2617 3
1723 2617 4
1723 5519 4
1723 323 3
1723 28 4
1723 6665 5
1723 753 4
1723 2689 4
1723 1422 3
1723 4547 5
1724 309 5
1724 10567 5
1724 2655 1
1724 10266 5
1724 3082 5
1724 1160 5
1724 4558 2
1724 4571 5
1725 8024 5
1725 1262 5
1725 6725 5
1725 1673 3
1725 5784 4
1725 4823 5
1725 258 4
1725 8380 4
1725 739 5
1725 9404 4
1725 138 4
1725 704 4
1725 1274 5
1725 4343 4
1725 7536 3
1725 744 3
1725 2629 4
1725 11072 4
1725 6494 4
1725 3654 4
1725 662 4
1725 8966 5
1725 5152 2
1725 2845 4
1725 4099 5
1725 772 5
1725 323 4
1725 829 4
1725 699 4
1725 3702 4
1725 762 4
1725 1275 1
1725 312 5
1725 827 4
1725 718 5
1725 610 5
1725 5513 5
1725 713 1
1725 309 4
1725 7678 3
1725 8099 4
1725 609 5
1725 4746 4
1725 8476 4
1725 4505 3
1725 3992 5
1725 8875 2
1725 747 5
1725 7149 5
1725 5652 5
1726 3552 5
1726 3348 5
1726 4019 5
1726 11155 3
1726 4215 4
1726 9018 5
1726 9364 5
1726 3898 5
1727 7283 5
1727 186 5
1727 2939 5
1727 8108 5
1727 3217 4
1727 4513 5
1727 7727 2
1727 7575 5
1727 2109 5
1727 8622 5
1727 6891 4
1727 6009 4
1727 10944 5
1727 673 5
1727 211 5
1727 7514 5
1727 678 5
1727 829 5
1727 6421 5
1727 323 3
1727 305 5
1727 6795 3
1727 1939 5
1727 4199 5
1727 5818 1
1728 7528 5
1728 2254 4
1728 2319 5
1728 2539 4
1728 2211 4
1728 2227 5
1728 2371 3
1728 8089 5
1728 11107 1
1728 1278 4
1728 735 1
1728 5984 4
1728 2437 4
1728 447 4
1728 335 5
1728 2446 5
1728 534 4
1728 8619 4
1728 7403 5
1728 1194 4
1728 6896 4
1728 792 1
1728 7299 4
1728 8819 4
1728 6305 5
1728 6799 5
1728 6026 5
1728 347 4
1728 8094 5
1728 1998 4
1728 8624 5
1728 1204 4
1728 7837 5
1728 5989 4
1728 8724 1
1728 704 1
1728 309 4
1728 6603 5
1728 1535 3
1728 3483 4
1728 2392 4
1728 1208 2
1728 1274 4
1728 1980 4
1728 1974 4
1728 1536 5
1728 1408 5
1728 610 4
1728 2903 5
1728 2629 4
1728 10663 5
1728 8422 4
1728 673 4
1728 2655 4
1728 1976 4
1728 7274 4
1728 6752 5
1728 1395 4
1728 772 4
1728 1219 4
1728 7757 5
1728 2651 4
1728 4098 4
1728 2245 5
1728 1851 5
1728 6821 4
1728 759 4
1728 6763 5
1728 9720 4
1728 3473 3
1728 4253 5
1728 7312 4
1728 8231 4
1728 2937 5
1728 10166 5
1728 9063 4
1728 7158 5
1728 9157 4
1728 699 4
1728 9691 5
1728 10841 4
1728 8243 4
1728 6676 4
1728 288 5
1728 9117 4
1728 3000 5
1728 739 4
1728 11079 5
1728 2420 5
1728 656 4
1728 8211 5
1728 2898 4
1728 9994 5
1728 1160 5
1728 829 4
1728 3260 4
1728 706 4
1728 11076 5
1728 741 4
1728 1981 4
1728 1275 4
1728 6759 4
1728 1277 4
1728 740 4
1728 3359 5
1728 2875 5
1728 449 4
1728 2205 5
1728 1990 4
1728 9291 3
1728 762 4
1728 276 4
1728 710 4
1728 6897 4
1728 976 5
1728 832 4
1728 728 4
1728 9755 4
1728 712 4
1728 4104 3
1728 9922 5
1728 738 5
1728 732 3
1728 258 4
1728 672 5
1728 713 4
1728 3632 4
1728 10277 4
1728 671 3
1728 661 4
1728 8122 4
1728 837 5
1728 1832 4
1728 3688 5
1728 3862 4
1728 4120 4
1728 5698 4
1728 500 4
1728 1945 5
1728 6891 4
1728 11156 4
1728 2699 4
1728 9166 5
1728 8008 5
1728 695 4
1728 313 4
1728 6942 4
1728 365 4
1728 10941 4
1728 6860 4
1728 11157 5
1728 7430 4
1728 2021 4
1728 11025 5
1728 3821 4
1728 3123 5
1728 312 5
1728 104 3
1728 196 5
1728 675 4
1728 217 3
1728 2247 4
1728 3083 4
1728 9050 5
1728 4693 5
1728 28 4
1728 678 4
1728 4251 4
1728 609 1
1728 10514 5
1728 2842 5
1728 4708 5
1728 6789 5
1728 323 4
1728 10389 4
1728 4224 4
1728 4766 4
1728 4259 5
1728 9692 4
1728 2660 3
1728 843 4
1728 3509 4
1728 8246 5
1728 4257 4
1728 2925 5
1728 685 4
1728 893 4
1728 8816 5
1728 9170 4
1728 9996 5
1729 732 5
1729 1979 5
1729 738 5
1729 258 5
1729 968 4
1729 1512 4
1729 699 5
1729 6665 5
1729 313 4
1729 764 1
1729 1981 3
1729 4777 5
1729 9282 4
1730 1650 5
1730 6079 5
1730 704 5
1730 88 3
1730 323 5
1730 8117 5
1730 169 5
1730 832 5
1730 309 5
1730 732 5
1730 2537 5
1730 1275 5
1730 196 4
1730 313 4
1730 772 5
1730 712 5
1730 28 5
1730 312 5
1730 276 3
1730 762 5
1730 1332 4
1730 11158 5
1730 638 5
1730 3315 5
1730 7748 5
1730 4922 4
1730 5432 4
1730 6823 2
1730 3547 5
1730 2242 1
1730 10688 4
1730 4711 4
1730 6910 5
1731 1759 1
1731 1403 1
1731 710 5
1731 5615 5
1731 288 5
1731 4694 5
1731 9505 3
1731 459 4
1731 2152 2
1731 309 4
1731 3556 5
1732 8472 4
1732 762 3
1732 9353 5
1732 104 5
1732 6779 4
1732 9799 5
1732 3495 5
1732 9285 3
1732 3236 4
1732 3216 4
1732 5026 5
1733 3859 5
1733 2158 1
1733 2009 5
1733 704 1
1733 792 1
1733 1628 3
1733 11159 1
1733 7325 3
1733 6980 3
1733 6601 5
1733 6138 5
1733 2280 4
1733 632 4
1733 6940 1
1733 1879 4
1733 5666 4
1733 1395 1
1733 6083 4
1733 706 4
1733 3219 4
1733 1225 5
1733 1872 3
1733 1202 4
1733 3551 2
1733 4947 3
1733 4963 3
1733 8555 1
1733 1963 4
1733 2483 4
1733 829 1
1733 516 4
1733 2503 4
1733 4206 5
1733 1665 3
1733 2505 5
1733 10716 2
1733 288 3
1733 1243 5
1733 312 5
1733 5174 3
1733 1280 5
1733 276 5
1733 1303 3
1733 3308 5
1733 2686 5
1733 5969 5
1733 104 3
1733 3028 2
1733 1467 2
1733 2899 5
1733 1972 4
1733 762 5
1733 1137 5
1733 98 5
1733 963 1
1733 710 5
1733 313 5
1733 3304 2
1733 759 5
1733 1305 4
1733 4028 3
1733 8986 5
1733 6355 4
1733 3004 5
1733 732 1
1733 6370 4
1733 696 4
1733 1870 4
1733 258 4
1733 8744 4
1733 1998 1
1733 10314 4
1733 3537 5
1733 4205 2
1733 5158 5
1733 673 3
1733 1422 5
1733 437 4
1733 661 3
1733 28 5
1733 694 5
1733 741 5
1733 11073 4
1733 4692 4
1733 1336 5
1733 8587 5
1733 738 4
1733 4686 5
1733 4463 5
1733 10933 1
1733 11160 3
1733 735 3
1733 1384 2
1733 772 1
1733 712 5
1733 323 4
1733 669 5
1733 5214 3
1733 1324 3
1733 810 5
1733 832 1
1733 211 5
1733 3088 5
1733 196 5
1733 5954 4
1733 727 5
1734 909 4
1734 656 4
1734 832 4
1734 792 2
1734 751 4
1734 1332 4
1734 276 5
1734 196 4
1734 8770 4
1734 712 4
1734 762 4
1734 6497 4
1734 3449 3
1734 4373 4
1734 277 4
1734 7745 4
1734 341 5
1734 2274 4
1734 9316 2
1734 6581 5
1734 6100 4
1734 863 3
1734 2969 2
1734 3358 5
1734 4058 4
1734 3963 5
1734 895 5
1734 1267 2
1734 1772 4
1734 4754 3
1734 4558 2
1734 912 5
1734 1029 4
1734 1303 3
1734 6240 5
1734 4709 1
1734 8169 5
1735 1749 5
1735 1442 5
1735 11161 5
1735 9030 5
1736 2996 5
1736 7962 4
1736 6580 5
1737 7476 5
1737 1005 4
1737 10285 4
1737 762 5
1737 571 5
1737 11162 4
1737 1299 5
1737 276 1
1737 837 5
1737 8706 2
1737 712 3
1737 4446 5
1737 28 3
1737 8189 5
1737 7072 5
1737 2433 5
1737 4418 1
1737 2461 5
1737 2649 4
1737 2995 4
1737 4362 5
1737 4302 4
1737 2298 4
1737 2635 5
1737 1467 4
1737 9817 2
1737 2280 4
1737 3535 2
1737 4248 4
1737 1136 5
1738 739 5
1738 1775 5
1738 706 5
1738 1971 5
1738 11163 5
1738 1264 5
1738 1317 1
1738 712 5
1738 4996 4
1738 1158 5
1738 4588 5
1738 3451 5
1738 3442 5
1738 728 5
1738 3348 3
1738 309 5
1738 3263 4
1738 323 5
1738 104 1
1738 2907 2
1738 288 5
1738 9871 4
1738 678 5
1738 843 5
1739 4995 3
1739 4122 5
1739 9982 5
1739 11164 4
1739 9709 5
1739 54 5
1739 6704 5
1739 196 5
1739 759 5
1739 1074 5
1739 1277 5
1739 753 4
1739 851 4
1739 609 3
1739 1939 4
1739 309 3
1739 258 4
1739 9089 4
1739 4262 5
1739 3000 4
1739 728 5
1739 1408 5
1739 837 4
1739 7800 5
1739 2011 3
1739 3189 5
1739 6240 5
1739 4440 3
1739 9035 5
1740 1766 5
1740 1981 5
1740 3588 5
1740 6399 5
1740 7800 5
1740 313 5
1740 217 5
1740 878 5
1740 10335 3
1740 9428 4
1740 3870 3
1740 1520 5
1740 10067 3
1740 7208 4
1740 4694 5
1740 7584 3
1740 1618 5
1740 585 5
1740 10229 4
1740 5597 4
1740 3331 5
1740 3796 1
1741 1476 1
1741 196 4
1741 1979 4
1741 167 5
1741 7905 5
1741 759 1
1741 762 5
1741 1278 5
1741 312 1
1741 309 5
1741 712 5
1741 104 1
1741 710 5
1741 5297 5
1741 740 4
1741 1395 1
1741 997 5
1741 3972 1
1741 829 4
1741 9083 4
1741 258 1
1741 5651 4
1741 706 3
1741 323 5
1741 5833 5
1741 3085 5
1741 1022 5
1741 9877 5
1741 10781 3
1741 9623 5
1741 4829 1
1742 6875 5
1742 4158 3
1742 313 4
1742 706 4
1742 8436 4
1742 6939 3
1742 6839 5
1742 973 5
1743 3098 4
1743 3024 5
1743 104 5
1743 6818 5
1743 312 5
1743 829 5
1743 762 5
1743 5029 3
1743 9462 5
1743 8065 3
1743 167 5
1743 713 1
1743 9145 5
1743 1741 5
1743 313 5
1743 8545 5
1743 824 5
1743 4631 4
1743 4927 4
1743 728 3
1744 656 3
1744 312 5
1744 104 5
1744 276 1
1745 8693 5
1745 2974 3
1745 4244 5
1745 8381 4
1745 3899 4
1745 5134 5
1746 706 5
1746 3460 4
1746 10803 5
1746 8043 4
1746 5517 5
1747 6049 5
1747 1306 4
1747 4519 5
1747 6344 5
1747 27 5
1747 10100 5
1747 4427 5
1747 6373 5
1748 757 5
1748 309 5
1748 728 5
1748 477 4
1748 4612 5
1748 8684 4
1748 1352 5
1748 9535 4
1748 488 4
1748 1417 5
1748 3811 4
1748 9554 4
1749 309 4
1749 1980 1
1749 8367 5
1749 9335 4
1749 5513 5
1749 10323 5
1749 1332 5
1749 1724 4
1749 1240 5
1749 1337 4
1749 9388 5
1749 1329 5
1749 3680 4
1749 1306 4
1749 1368 4
1749 1275 3
1749 1945 4
1749 11165 5
1749 1304 3
1749 1260 3
1749 4518 5
1749 4281 5
1749 1418 4
1750 9231 3
1750 3539 1
1750 3683 2
1750 4652 1
1750 1665 4
1750 2935 5
1750 1884 1
1750 712 3
1750 4449 4
1750 1277 5
1750 1272 4
1750 11166 2
1750 7329 5
1750 309 3
1750 3686 4
1750 312 5
1750 104 1
1750 288 5
1750 6789 5
1750 4904 4
1750 738 4
1750 1275 1
1750 152 5
1750 792 3
1750 258 4
1750 3340 3
1750 1422 1
1750 913 4
1750 2655 2
1750 313 4
1750 11167 3
1751 196 4
1751 7056 5
1751 4913 3
1751 104 4
1751 732 5
1751 4302 4
1751 728 3
1751 2445 4
1751 8425 3
1751 9900 4
1751 8135 4
1751 309 5
1752 5442 3
1752 1981 5
1752 712 5
1752 288 5
1752 727 4
1752 843 5
1752 327 5
1752 2924 4
1752 313 3
1752 2754 5
1752 276 5
1752 1240 5
1752 104 5
1752 739 5
1752 309 3
1752 740 4
1752 217 1
1752 699 3
1752 7397 4
1752 5151 4
1752 1433 4
1752 10826 4
1752 3264 5
1752 4027 4
1752 4113 4
1752 6863 5
1752 6010 5
1752 3895 5
1753 698 5
1753 1971 1
1753 196 1
1753 6837 5
1753 843 1
1753 10457 4
1753 2492 5
1754 673 5
1754 7645 5
1754 104 5
1754 759 5
1754 792 5
1754 735 4
1754 217 5
1754 741 5
1754 614 4
1754 762 1
1754 4844 2
1754 8042 5
1754 11141 5
1754 10133 5
1754 9578 5
1754 288 5
1754 671 5
1754 10037 5
1754 607 5
1754 174 4
1754 9203 4
1754 10274 4
1754 1767 5
1754 211 5
1754 787 5
1754 4078 2
1754 9577 5
1754 854 3
1754 258 5
1754 2824 5
1754 1408 5
1754 1659 4
1754 4260 3
1754 7205 2
1754 2655 1
1754 7884 5
1754 829 5
1754 4251 5
1754 710 5
1754 739 4
1754 313 2
1754 5622 4
1754 7419 2
1754 740 5
1754 832 4
1754 3465 5
1754 694 5
1754 8475 3
1754 738 4
1754 323 5
1754 4711 5
1754 10570 4
1754 699 5
1754 6676 3
1754 5099 5
1754 824 5
1754 4128 5
1754 1414 1
1754 1395 4
1754 196 4
1754 712 4
1754 704 4
1754 519 4
1754 1262 5
1755 4618 5
1755 8521 4
1755 934 4
1755 4035 5
1755 5925 5
1755 3289 4
1755 8800 5
1755 683 4
1755 720 5
1755 3146 5
1755 10381 5
1756 11168 1
1756 5513 5
1756 8662 4
1756 3823 4
1756 167 2
1756 673 3
1756 1277 5
1756 829 5
1756 1412 5
1756 1954 5
1756 309 5
1756 211 1
1756 732 3
1756 740 3
1756 1976 1
1756 762 1
1756 9585 3
1756 1219 1
1756 4105 5
1756 1274 5
1756 4099 5
1756 738 3
1756 6204 4
1756 2016 4
1756 704 1
1756 258 1
1756 1988 3
1756 4844 5
1756 1979 3
1756 832 1
1756 2625 5
1756 1980 1
1756 772 3
1756 7523 5
1756 1395 5
1756 759 1
1756 288 3
1756 1998 1
1756 217 1
1756 8422 1
1756 712 5
1756 728 4
1756 641 4
1756 710 3
1756 104 1
1756 3775 5
1756 1981 5
1756 610 1
1756 739 3
1756 780 1
1756 792 5
1756 735 3
1756 28 3
1756 196 3
1756 706 1
1756 312 1
1756 286 4
1756 10841 2
1756 276 3
1756 1278 4
1756 4078 5
1756 8215 3
1756 323 3
1756 313 3
1756 152 5
1756 10438 5
1756 9959 3
1756 1275 1
1756 8584 3
1756 2653 3
1756 4063 3
1756 5629 5
1756 9021 5
1756 5710 4
1756 5319 3
1757 8061 4
1757 3167 2
1757 4117 5
1757 1754 5
1757 3256 5
1757 5833 5
1757 4842 5
1757 2638 4
1757 1332 4
1757 8299 4
1757 10392 5
1757 323 3
1757 689 4
1757 4831 5
1757 313 4
1757 1274 4
1757 686 4
1757 683 5
1757 3280 5
1757 222 4
1758 3496 5
1758 3381 5
1758 3043 5
1758 10660 3
1758 843 4
1758 323 5
1758 3480 5
1758 2629 5
1758 1775 5
1758 11169 5
1758 11170 4
1758 1278 5
1758 8425 4
1758 3711 1
1758 4175 5
1758 738 3
1758 650 4
1758 5820 3
1758 9650 5
1758 2693 4
1758 4105 4
1758 3556 4
1758 10479 5
1758 5119 4
1758 5925 5
1758 610 4
1758 309 3
1759 5878 4
1759 8677 5
1759 11171 4
1759 3496 4
1759 7298 5
1759 11172 4
1759 11173 3
1759 11174 4
1759 4691 5
1759 4670 5
1759 3235 5
1759 8852 5
1759 4584 5
1759 3500 3
1759 1741 4
1759 9575 3
1759 4034 4
1759 9137 5
1759 5547 3
1759 11175 5
1759 11176 4
1759 6204 4
1759 1988 5
1759 309 5
1759 8360 4
1759 4817 5
1759 4883 5
1759 8091 5
1759 6480 4
1759 9529 4
1759 11177 4
1759 7965 4
1759 4819 4
1759 9749 4
1759 9145 3
1759 9139 4
1759 10999 4
1759 5460 4
1759 9839 4
1759 9139 5
1759 8091 5
1759 9142 4
1759 313 5
1759 6116 5
1759 2932 4
1759 5555 3
1759 5355 3
1759 9530 4
1759 258 1
1759 7712 3
1759 3252 4
1759 3352 4
1759 288 4
1759 8360 4
1759 9260 4
1759 6117 3
1759 9842 4
1759 4580 4
1759 704 4
1760 3263 5
1760 728 5
1760 326 5
1760 6435 5
1760 3474 3
1760 8962 5
1760 211 4
1760 8435 4
1760 3000 5
1760 3553 5
1760 1774 5
1760 10378 3
1760 1698 3
1760 855 4
1760 9464 5
1760 4010 5
1760 203 5
1224 6254 2
1761 1838 4
1761 8619 5
1761 345 5
1761 6607 5
1761 5876 4
1761 8344 5
1761 4468 4
1761 3871 5
1761 6895 4
1761 3960 5
1761 4805 3
1761 11100 5
1761 292 4
1761 6394 3
1761 4595 5
1761 10365 3
1761 6004 4
1761 10612 5
1762 6715 5
1762 7877 5
1762 7878 3
1762 6292 1
1762 7182 2
1762 6797 4
1762 7672 5
1762 7835 4
1762 6888 5
1762 2313 3
1762 8016 3
1762 11178 3
1762 8117 5
1762 10171 3
1762 7229 4
1762 7610 5
1762 6843 5
1762 1 4
1762 2770 1
1762 7700 4
1762 4451 3
1762 2060 5
1762 10869 3
1762 7790 1
1762 6338 5
1762 850 5
1762 7638 1
1762 8143 5
1762 6773 5
1762 7272 2
1762 9987 5
1762 7826 4
1762 7287 4
1762 11179 5
1762 6476 5
1762 7882 4
1762 7908 5
1762 6836 5
1762 5714 1
1762 7224 5
1762 8102 5
1762 5711 5
1762 7179 5
1762 4329 5
1762 8196 5
1762 9608 5
1762 5955 3
1762 332 5
1762 8905 3
1762 6279 5
1762 7010 5
1762 3635 4
1762 3303 4
1762 6067 4
1762 7051 3
1762 9074 5
1762 6006 4
1762 4970 5
1762 4907 5
1762 2034 5
1762 7810 5
1762 7927 2
1762 7782 5
1762 8622 5
1762 4178 4
1762 5948 3
1762 5964 5
1762 6849 5
1762 7412 5
1762 7808 5
1762 6305 5
1762 6762 5
1762 5900 5
1762 1922 3
1762 7123 5
1762 854 1
1762 6451 5
1762 1914 5
1763 15 4
1763 8038 4
1763 8712 5
1763 3263 5
1763 7636 4
1763 7725 4
1763 3436 4
1763 5819 5
1763 8163 5
1763 597 5
1763 3215 5
1763 9091 5
1764 7697 3
1764 6849 2
1764 2024 3
1764 2777 3
1764 850 5
1764 7763 5
1764 5963 5
1764 10652 3
1764 7267 4
1764 6325 5
1764 2784 4
1764 5784 4
1764 7960 4
1764 6887 4
1764 6307 5
1764 8251 5
1764 7912 4
1764 3998 5
1764 7628 5
1764 5725 2
1764 2035 2
1764 6350 5
1764 7265 4
1764 7809 4
1764 5729 5
1764 6317 5
1764 6316 5
1764 6848 3
1764 1926 5
1764 615 4
1764 6793 4
1764 7376 5
1764 8393 3
1764 4476 5
1764 6741 5
1764 2759 5
1764 1864 5
1764 6778 2
1764 6293 4
1764 3165 4
1764 309 5
1764 6088 5
1764 5446 3
1764 4689 5
1764 1343 5
1764 2651 5
1764 1914 5
1764 173 5
1764 2372 4
1764 6944 4
1764 5908 5
1764 7093 4
1764 2154 4
1764 7354 4
1764 11180 4
1765 843 1
1765 4386 1
1765 323 1
1765 866 5
1765 2869 1
1765 6745 5
1765 3454 3
1765 6934 5
1766 574 1
1766 584 5
1766 3588 5
1766 6773 4
1766 9750 4
1766 5872 2
1766 7971 3
1766 7972 3
1766 5350 5
1766 3879 5
1766 7973 4
1766 8920 5
1766 7974 4
1766 3146 5
1766 354 4
1766 4820 5
1766 7975 4
1766 7966 4
1766 7155 4
1766 6832 4
1766 6329 3
1766 3553 4
1766 4280 4
1766 627 4
1766 4023 4
1766 1939 4
1766 2344 4
1767 1459 5
1767 8016 5
1767 8991 5
1767 7078 2
1767 7518 5
1767 4089 5
1767 8203 5
1767 6516 5
1767 5230 4
1767 8100 4
1767 3538 5
1767 2532 5
1767 850 5
1767 2855 4
1767 7179 5
1767 2643 4
1767 2261 5
1767 9931 5
1767 5427 5
1767 1823 4
1767 8196 5
1767 9585 5
1767 1277 5
1767 6079 5
1767 9039 5
1767 4372 5
1767 8047 5
1767 6698 5
1767 7193 5
1767 10862 5
1767 1130 5
1767 5080 5
1767 11181 1
1767 8020 3
1767 8048 5
1767 7559 1
1767 1922 3
1767 6697 5
1767 1926 4
1768 312 4
1768 3191 5
1768 3472 5
1769 926 5
1769 2427 4
1769 429 5
1769 4198 5
1769 465 5
1769 4530 5
1769 1248 4
1769 1053 5
1769 6678 5
1769 3350 5
1769 3131 5
1769 3143 5
1769 8342 3
1769 2374 4
1769 3499 5
1769 2414 5
1769 2325 5
1769 8343 5
1769 2544 5
1769 4861 5
1769 366 5
1769 3062 3
1769 1363 5
1769 8307 4
1769 3275 5
1769 6223 5
1769 5178 5
1769 3805 5
1769 6616 5
1769 2662 5
1769 6772 5
1769 11157 5
1769 6193 5
1769 8309 4
1769 5810 5
1769 8310 5
1769 518 5
1769 4023 5
1769 9020 5
1769 5811 5
1769 2587 5
1769 3622 5
1769 2299 5
1769 2254 2
1769 447 5
1769 7430 5
1769 8780 4
1769 9938 3
1769 2395 5
1769 2479 4
1769 2224 5
1769 9069 5
1769 3609 3
1769 2718 5
1769 2880 4
1769 1466 5
1769 3041 5
1769 8955 5
1769 452 4
1769 2332 2
1769 1198 5
1769 2670 5
1769 2390 2
1769 7961 2
1769 2534 5
1769 2521 5
1769 6732 5
1769 2510 3
1769 3868 3
1769 1295 5
1769 11182 5
1769 8404 5
1769 2376 5
1769 9912 5
1769 3597 5
1769 10962 5
1769 2118 4
1769 6027 5
1769 4071 5
1769 3834 5
1769 10940 4
1769 11124 5
1769 4610 5
1769 3605 5
1769 466 5
1769 6351 5
1769 2191 5
1769 1865 5
1769 468 4
1769 2194 5
1769 2407 5
1769 2348 5
1769 6024 2
1769 3506 2
1769 1311 3
1769 484 5
1769 1847 5
1769 7976 5
1769 2622 5
1769 8235 4
1769 4377 5
1769 2349 5
1769 9818 5
1769 1141 1
1769 6993 5
1769 6994 5
1769 2449 5
1769 2948 2
1769 341 5
1769 2190 5
1769 7604 3
1769 485 5
1769 6759 5
1769 1365 5
1769 5733 5
1769 963 1
1769 6663 5
1769 5331 4
1769 239 4
1769 8634 4
1769 6138 5
1769 10078 4
1769 5283 1
1769 812 5
1769 632 4
1769 1066 2
1769 6456 4
1769 3985 3
1769 812 5
1769 9118 3
1769 1261 5
1769 1157 5
1769 2329 5
1769 7334 5
1769 367 4
1769 2635 5
1769 2553 3
1769 5931 5
1769 2572 5
1769 904 3
1769 1083 5
1769 3781 5
1769 1146 5
1769 550 5
1769 2292 2
1769 2310 5
1769 2678 3
1769 446 5
1769 359 5
1769 9535 5
1769 2335 5
1769 374 5
1769 4216 5
1769 6627 5
1769 2727 5
1769 2730 5
1769 2355 5
1769 8849 5
1769 5501 1
1769 412 5
1769 2080 5
1769 373 4
1769 1054 5
1769 6936 3
1769 4628 5
1769 1353 3
1769 3778 3
1769 7202 4
1769 4022 4
1769 2694 5
1769 2271 4
1769 5720 5
1769 2503 3
1769 497 5
1769 2459 4
1769 572 5
1769 2255 4
1769 1820 4
1769 403 5
1769 1405 5
1769 1254 5
1769 2209 5
1769 3837 4
1769 2700 5
1769 2323 5
1769 537 5
1769 3037 3
1769 2681 4
1769 1136 5
1769 8201 5
1769 11183 4
1769 3398 4
1769 9070 5
1769 4632 4
1769 3806 4
1769 4210 5
1769 3388 4
1769 7203 5
1769 3808 5
1769 384 5
1769 7319 5
1769 2277 4
1769 2264 4
1769 1498 5
1769 8351 5
1769 2590 5
1769 6681 3
1769 2461 5
1769 8298 4
1769 2405 4
1769 932 5
1769 1036 5
1769 5834 5
1769 1505 5
1769 2373 5
1769 7409 1
1769 3580 5
1769 488 5
1769 924 5
1769 8843 4
1769 1035 4
1769 6609 4
1769 1308 5
1769 2340 5
1769 2911 5
1769 1082 3
1769 8846 5
1769 9923 5
1769 1889 5
1769 3447 4
1769 1707 5
1769 10337 4
1769 966 5
1769 3762 5
1769 1134 3
1769 3813 4
1769 2174 4
1769 2495 4
1769 11184 4
1769 7702 4
1769 7708 4
1769 1621 4
1770 10360 5
1770 3825 5
1770 8852 3
1770 2711 5
1770 4211 5
1770 6826 5
1770 2281 5
1770 7164 4
1770 5869 4
1770 7238 3
1770 6188 2
1770 6508 3
1770 2100 5
1770 6209 3
1770 3668 5
1770 11185 2
1770 9921 5
1770 2582 5
1770 6859 5
1770 378 5
1770 6872 5
1770 4577 5
1770 2325 4
1771 3333 5
1771 6663 4
1771 1621 5
1771 6449 4
1771 6998 4
1771 727 5
1771 9197 4
1771 632 5
1771 6272 5
1771 7825 4
1771 6875 5
1771 8429 5
1771 7009 5
1771 11145 4
1771 11186 3
1771 11187 4
1771 11188 5
1771 4155 3
1771 9842 4
1771 6209 4
1771 9358 3
1771 11172 3
1771 3606 4
1771 9356 3
1771 2619 5
1772 6333 4
1772 350 5
1772 4290 5
1772 4642 4
1772 3248 4
1772 11189 4
1772 4338 4
1772 2247 5
1772 10837 4
1772 2312 5
1773 1091 5
1773 3635 4
1773 2526 4
1773 2213 4
1773 10057 5
1773 830 5
1773 623 3
1773 9609 4
1773 10581 4
1773 2100 4
1773 6449 5
1773 4260 4
1773 1486 5
1773 3605 5
1773 722 5
1773 8613 3
1773 8357 3
1773 7003 5
1773 2097 4
1773 3673 5
1773 1120 4
1773 6979 5
1773 1648 4
1773 5692 5
1773 4448 5
1773 2651 5
1773 5906 4
1773 327 4
1773 7551 3
1773 3449 3
1773 10044 4
1773 122 5
1773 4825 4
1773 9964 5
1773 373 3
1773 457 3
1773 10138 3
1773 627 5
1773 1787 3
1773 1674 5
1773 3810 4
1773 2324 4
1773 3692 3
1774 3586 4
1774 6999 5
1774 211 5
1774 6996 5
1774 6998 5
1774 6997 5
1774 7000 5
1774 1826 4
1774 4475 5
1774 8284 4
1774 2572 4
1774 339 2
1774 8438 5
1774 3200 3
1774 8138 4
1775 6754 4
1775 3181 4
1775 1657 5
1775 1199 4
1775 6801 2
1775 8076 4
1775 8438 4
1775 2870 4
1776 6479 5
1776 1959 5
1776 7701 5
1776 7702 5
1776 2374 4
1776 3622 5
1776 6597 5
1776 1311 5
1776 372 5
1776 449 3
1776 2543 4
1776 10622 5
1776 1407 5
1776 6361 5
1776 504 4
1776 6415 4
1777 7345 4
1777 7853 5
1777 1847 3
1777 6144 4
1778 5712 3
1778 2225 1
1778 2180 5
1778 601 5
1778 8214 4
1778 10549 4
1778 604 5
1778 1566 4
1778 6659 5
1778 2855 4
1778 6142 1
1778 6909 5
1778 1564 4
1778 2178 5
1778 6751 3
1778 2353 5
1778 356 4
1778 8049 4
1778 2221 3
1778 2867 2
1778 2186 3
1778 1146 3
1778 1543 4
1778 2227 3
1778 2319 5
1778 2371 3
1778 8163 4
1778 2245 4
1778 8645 5
1778 1278 5
1778 3444 4
1778 6796 5
1778 2299 5
1778 5502 5
1778 2313 4
1778 2295 4
1778 7290 3
1778 385 3
1778 2100 5
1778 2317 5
1778 8267 4
1778 1576 3
1778 2175 5
1778 2549 3
1778 1119 1
1778 8076 5
1778 4303 5
1778 2009 5
1778 326 5
1778 6635 5
1778 2928 4
1778 748 5
1778 6156 5
1778 1129 4
1778 1905 5
1778 2336 2
1778 413 3
1778 1122 5
1778 1831 5
1778 375 5
1778 8250 5
1778 1990 5
1778 1132 5
1778 723 5
1778 513 5
1778 722 5
1778 3413 5
1778 1594 5
1778 392 5
1778 2925 5
1778 11115 5
1778 8844 2
1778 5982 5
1778 11190 5
1778 2729 3
1778 7931 5
1778 2350 5
1778 8161 4
1778 1814 2
1778 624 1
1778 1598 3
1778 2547 5
1778 7155 3
1778 6825 5
1778 9162 5
1778 4545 4
1778 9714 3
1778 4160 5
1778 9692 3
1778 2903 4
1778 7158 5
1778 653 5
1778 3488 5
1778 7841 5
1778 11123 5
1778 9586 3
1778 2297 5
1778 8412 1
1778 458 5
1778 1505 5
1778 6274 5
1778 529 5
1778 457 5
1778 2460 4
1778 8920 4
1778 11191 5
1778 1134 5
1778 3579 5
1778 366 5
1778 6326 1
1778 2120 3
1778 2137 5
1778 6851 5
1778 661 5
1778 1144 5
1778 7282 5
1778 1264 5
1778 843 4
1778 2247 4
1778 2305 5
1778 3693 5
1778 4820 5
1778 4544 4
1778 5988 5
1778 6015 5
1778 2568 4
1778 2126 4
1778 1176 2
1778 397 4
1778 829 5
1778 1859 5
1778 8414 5
1778 628 5
1778 6165 5
1778 5728 5
1778 6611 5
1778 6138 5
1778 699 5
1778 5945 5
1778 4251 5
1778 441 5
1778 497 4
1778 3533 5
1778 3349 4
1778 1332 3
1778 196 2
1778 4497 5
1778 2578 5
1778 1191 5
1778 1274 5
1778 5811 5
1778 1275 5
1778 1314 5
1778 276 5
1778 3556 5
1778 3852 5
1778 4101 5
1778 11123 4
1778 830 5
1778 531 5
1778 3034 5
1778 6957 4
1778 11168 5
1778 1673 5
1778 837 5
1778 1277 5
1778 1907 3
1778 1903 3
1778 309 3
1778 3042 5
1778 1787 5
1778 6860 5
1778 6826 4
1778 2263 5
1778 1879 5
1779 7304 5
1779 7123 4
1779 6162 5
1779 640 1
1779 1915 5
1779 2828 5
1779 8173 5
1779 6084 5
1780 6489 2
1780 4512 3
1780 1703 4
1780 8438 5
1780 1718 2
1780 95 5
1780 5924 5
1780 6169 5
1780 6862 5
1780 8763 5
1780 1746 5
1781 2756 3
1781 8019 3
1781 8683 3
1781 2920 3
1781 8230 4
1781 11192 3
1781 11172 2
1781 11193 3
1781 3741 3
1781 2648 3
1781 8216 4
1781 5468 4
1781 5972 3
1781 3638 3
1781 1223 2
1781 9256 3
1781 5907 3
1781 2765 4
1781 2585 3
1781 5532 4
1781 7376 4
1781 7931 3
1781 5495 3
1781 496 2
1781 9262 3
1781 8091 3
1781 6549 4
1781 8039 3
1781 3193 3
1781 9575 3
1781 5359 2
1781 5379 3
1781 10322 3
1781 8342 2
1781 4991 4
1781 8402 5
1781 9193 3
1781 11142 4
1781 11194 3
1781 11195 4
1781 6207 4
1781 6551 3
1781 1972 1
1781 9778 3
1781 3863 4
1781 7139 5
1781 9823 4
1781 4189 4
1781 7119 3
1781 11031 4
1781 11196 4
1781 6874 4
1781 1395 2
1781 8363 4
1781 8091 4
1781 10745 3
1781 9849 3
1781 3425 3
1781 9225 4
1781 5315 4
1781 9853 4
1781 11007 3
1781 5493 1
1781 7349 4
1781 7348 4
1782 772 4
1782 896 5
1782 338 4
1782 1825 5
1782 211 4
1782 195 5
1782 1820 5
1782 2348 5
1782 1853 5
1782 3675 4
1782 2446 5
1782 397 4
1782 518 4
1782 762 3
1782 6756 5
1782 5617 4
1782 3742 4
1782 11099 5
1782 8861 5
1782 6030 3
1782 9231 2
1782 6448 4
1782 4058 1
1782 11120 1
1782 1648 5
1782 5073 5
1782 3263 5
1782 8173 5
1782 7304 5
1782 2469 4
1782 8174 5
1783 5860 5
1783 6929 5
1783 6807 5
1783 8894 4
1783 7720 5
1783 706 5
1783 2091 5
1783 3071 5
1783 11100 5
1783 6887 4
1783 8056 5
1783 2034 4
1783 9864 5
1783 3654 3
1783 10921 4
1784 8270 4
1784 1111 4
1784 5528 4
1784 6221 3
1784 1528 1
1784 9525 4
1784 6630 4
1784 1913 3
1784 539 3
1784 2510 3
1784 505 5
1784 6671 3
1784 1167 4
1784 9814 4
1784 6218 4
1784 5875 3
1784 2048 4
1784 1238 4
1784 790 4
1784 2521 4
1784 2630 3
1784 2120 3
1784 3382 5
1784 6759 4
1784 2083 5
1784 6732 4
1784 359 4
1784 329 3
1784 2513 3
1784 2861 4
1784 9161 5
1784 6341 4
1784 440 4
1784 2163 4
1784 1637 4
1784 2533 3
1784 421 4
1784 6680 4
1784 6553 4
1784 7041 5
1784 3778 3
1784 8049 4
1784 6504 5
1784 2166 4
1784 9156 4
1784 1311 3
1784 9879 3
1784 10304 4
1784 4632 4
1784 2273 4
1784 7027 4
1784 2299 4
1784 1451 5
1784 2254 4
1784 2545 4
1784 6391 4
1784 2084 4
1784 1224 2
1784 8346 4
1784 2303 4
1784 623 4
1784 468 3
1784 356 4
1784 400 5
1784 2519 4
1784 1122 5
1784 772 5
1784 6679 5
1784 5018 5
1784 6559 2
1784 2346 4
1784 558 3
1784 405 3
1784 333 4
1784 1141 3
1784 11197 4
1784 8078 3
1784 2307 3
1784 2415 4
1784 7967 4
1784 6681 4
1784 408 4
1784 386 4
1784 6600 4
1784 1142 3
1784 7155 4
1784 1163 4
1784 1169 4
1784 394 3
1784 379 4
1784 2473 3
1784 8780 4
1784 6273 4
1784 1138 3
1784 462 4
1784 11079 5
1784 1820 5
1784 1151 4
1784 7156 4
1784 1166 3
1784 2298 5
1784 2483 3
1784 3413 5
1784 1194 5
1784 2468 4
1784 11140 3
1784 1164 4
1784 7417 5
1784 8619 4
1784 417 4
1784 9154 5
1784 6602 2
1784 4734 3
1784 1226 4
1784 1157 4
1784 1124 5
1784 2622 4
1784 1518 5
1784 2884 4
1784 446 2
1784 11198 4
1784 1280 4
1784 1171 4
1784 436 4
1784 1838 2
1784 6029 4
1784 2397 3
1784 1304 3
1784 2654 4
1784 3566 2
1784 4546 4
1784 4550 5
1784 288 2
1784 2328 4
1784 5298 3
1784 5298 3
1784 5298 4
1784 5296 4
1784 5303 5
1784 7282 5
1784 4009 4
1784 1035 5
1784 5986 4
1784 7098 5
1784 6148 3
1784 1631 4
1784 2118 4
1784 2623 2
1784 2287 4
1784 2658 4
1784 8344 4
1784 469 4
1784 2027 4
1784 1341 5
1784 529 4
1784 507 4
1784 472 3
1784 2505 5
1784 2338 5
1784 2289 5
1784 4893 4
1784 2434 4
1784 7141 4
1784 3393 4
1784 8081 3
1784 397 3
1784 2460 3
1784 4551 4
1784 6596 2
1784 3676 4
1784 5811 4
1784 1865 4
1784 1178 4
1784 2427 2
1784 4284 5
1784 9159 5
1784 1298 3
1784 2416 4
1784 3812 4
1784 2392 4
1784 337 4
1784 1229 5
1784 11199 3
1784 2987 3
1784 3551 3
1784 506 4
1784 2482 2
1784 3037 3
1784 510 4
1784 11183 2
1784 474 5
1784 5953 4
1784 9062 4
1784 6413 4
1784 4463 5
1784 637 5
1784 2576 4
1784 9815 4
1784 11200 5
1784 3635 4
1784 535 3
1784 1689 4
1784 509 3
1784 6979 4
1784 4848 5
1784 2578 5
1784 6210 5
1784 3254 5
1784 3252 5
1784 2544 3
1784 4579 5
1784 3742 4
1784 1237 4
1784 1675 5
1784 7986 4
1784 5558 5
1784 496 4
1784 8587 5
1784 1319 5
1784 518 5
1784 11184 5
1784 1241 5
1784 5969 5
1784 3531 4
1785 741 5
1785 10736 5
1785 10544 5
1785 762 5
1785 1972 5
1785 738 5
1785 735 5
1785 276 4
1785 9460 5
1785 726 5
1785 7749 3
1785 3556 5
1785 196 2
1785 1629 4
1785 1395 5
1785 759 3
1785 766 5
1785 1408 5
1785 28 4
1785 823 4
1785 104 2
1785 2711 5
1785 716 5
1785 792 3
1785 1412 4
1785 732 1
1785 4143 4
1785 312 5
1785 1344 3
1785 712 5
1785 2748 5
1785 5371 5
1785 739 5
1785 9023 5
1785 704 5
1785 829 5
1785 772 4
1785 832 3
1785 9554 4
1785 706 5
1785 2702 4
1785 288 5
1785 323 5
1785 258 5
1785 1052 5
1785 313 5
1785 211 5
1785 5185 5
1785 2685 5
1785 2709 5
1785 901 5
1785 1439 5
1785 8033 4
1785 3161 5
1785 900 5
1785 4917 3
1785 9563 3
1785 10367 5
1785 10462 5
1785 8362 5
1785 8495 5
1785 5891 3
1785 4784 2
1785 1876 4
1785 8504 5
1785 4675 4
1785 327 4
1785 3953 5
1785 10499 5
1785 3252 5
1785 885 5
1785 4385 5
1785 10592 5
1785 5228 3
1785 10967 5
1785 2749 5
1785 3421 5
1785 5318 1
1785 6267 5
1785 5460 5
1785 3953 5
1785 3913 4
1785 10802 5
1785 3252 5
1786 543 5
1786 7713 3
1786 6712 5
1786 8058 5
1786 7285 2
1786 6280 5
1786 6773 5
1786 8938 5
1786 5173 3
1786 3458 5
1786 647 2
1786 11201 3
1786 6836 5
1786 627 1
1786 1849 3
1786 5076 4
1786 8898 4
1786 5592 5
1786 11202 3
1786 7514 4
1786 4749 4
1786 3835 5
1786 3188 5
1786 1903 4
1786 2966 4
1786 2975 5
1786 626 4
1786 2487 3
1786 5542 5
1786 1856 4
1786 7654 4
1786 6839 5
1786 9249 3
1786 8519 2
1786 5757 3
1786 10073 5
1787 323 5
1787 3670 5
1787 1049 5
1787 1536 3
1787 196 5
1787 5986 4
1787 11203 5
1787 799 5
1787 9498 5
1787 128 5
1787 948 5
1787 8200 5
1787 2814 5
1787 4702 5
1787 8962 5
1787 2507 3
1787 2858 5
1787 954 3
1787 7388 3
1787 1693 5
1787 9580 5
1787 1675 5
1787 1301 5
1787 8397 2
1787 6044 5
1787 849 5
1787 3354 3
1787 9835 5
1788 7034 5
1788 8791 5
1788 9230 3
1788 8447 3
1788 5682 4
1788 1907 3
1788 7206 4
1788 4897 3
1789 5819 5
1789 163 5
1789 1987 5
1789 6769 2
1789 212 5
1789 8882 1
1789 2009 5
1789 770 5
1789 927 3
1789 8149 2
1789 107 5
1789 116 4
1789 1543 5
1789 1393 4
1789 4297 5
1789 77 5
1789 8675 3
1789 2094 1
1789 7463 5
1789 849 2
1789 5683 4
1789 5206 3
1789 8551 5
1789 6973 2
1789 7813 4
1789 8655 5
1789 1122 4
1789 7367 5
1789 1845 5
1789 5235 5
1789 1734 4
1789 6526 5
1789 6793 2
1789 6012 2
1789 3607 1
1789 9298 5
1789 6335 4
1789 2737 4
1789 1600 4
1789 2787 5
1789 1669 5
1789 1601 2
1789 439 3
1789 9044 4
1789 1255 2
1789 2389 1
1789 170 5
1790 7463 5
1790 408 4
1790 10761 5
1790 7458 5
1790 200 5
1790 7406 4
1790 8225 3
1790 8525 2
1790 6493 3
1790 3698 4
1790 2973 5
1790 7897 4
1791 1665 4
1791 2382 2
1791 7322 5
1791 189 1
1791 6429 2
1791 7619 4
1791 7860 3
1791 6854 5
1791 6481 5
1791 6531 3
1791 11164 5
1791 5870 4
1791 6902 5
1791 9000 3
1791 1442 4
1791 1834 3
1791 1153 5
1791 6445 4
1791 6773 4
1791 1855 2
1791 6929 2
1791 934 3
1791 9365 4
1791 1573 4
1791 3303 5
1791 11181 1
1791 2100 4
1791 7058 3
1791 3215 4
1791 2207 4
1791 8058 4
1791 2782 5
1791 7285 5
1791 7747 5
1791 1591 3
1791 2765 4
1791 7654 4
1791 2081 3
1791 1597 4
1791 1623 2
1791 4574 5
1791 7014 4
1791 3629 4
1792 597 5
1792 4668 4
1792 4312 5
1792 6073 4
1792 6412 5
1792 7722 5
1792 7858 5
1792 6197 4
1792 2131 5
1792 6470 4
1792 3971 5
1792 6312 5
1792 6323 5
1792 6758 4
1792 9074 4
1792 6492 4
1792 6754 5
1792 3221 3
1792 582 3
1792 2520 3
1792 6869 2
1792 4461 5
1792 1122 5
1792 2293 5
1792 394 4
1792 2079 5
1792 7267 5
1792 5961 5
1792 4469 5
1792 5964 5
1792 8267 5
1792 1831 5
1792 5940 5
1792 7782 5
1792 1124 4
1792 7014 5
1792 8161 4
1792 4416 5
1792 4866 5
1792 11190 5
1792 2436 5
1792 141 4
1792 867 5
1792 2354 5
1792 441 5
1792 2484 5
1792 2573 5
1792 686 5
1792 1060 5
1792 1134 4
1792 2318 4
1792 2392 3
1792 2344 5
1792 7488 5
1792 6825 5
1792 6814 5
1792 3569 5
1792 2472 5
1792 6663 5
1792 5997 4
1792 7583 4
1792 1041 2
1792 4908 4
1792 327 2
1792 6309 3
1792 1516 5
1792 3193 4
1792 9550 4
1792 5937 3
1792 4091 5
1792 3195 5
1792 4399 4
1792 5279 5
1792 3687 5
1792 6281 5
1792 7813 5
1792 1859 5
1792 7204 4
1792 2127 4
1792 7116 5
1792 5565 5
1792 8847 5
1792 3579 5
1792 10464 4
1792 8941 5
1792 6138 5
1792 642 4
1792 988 5
1792 2019 5
1792 3284 5
1792 2762 5
1792 457 4
1792 4512 5
1792 2808 4
1792 2372 4
1792 1908 4
1792 1873 4
1792 182 5
1792 6017 4
1792 7187 5
1792 8395 4
1792 3267 3
1792 531 5
1792 4253 3
1792 3979 5
1792 7312 5
1792 6779 5
1792 2559 4
1792 478 5
1792 2638 4
1792 2665 5
1792 3225 5
1792 7967 4
1792 3287 5
1792 2794 4
1792 2716 5
1792 2452 4
1792 1905 4
1792 2475 5
1792 1832 5
1792 9068 4
1792 4248 3
1792 3655 5
1792 3417 5
1792 9003 3
1792 1054 5
1792 2305 5
1792 4252 5
1792 2318 5
1792 489 4
1792 2544 5
1792 4820 5
1792 477 5
1792 3131 4
1792 2479 3
1792 1853 5
1792 675 3
1792 842 5
1792 6076 4
1792 9346 5
1792 7093 5
1792 4907 5
1792 3081 3
1792 4330 4
1792 7706 4
1792 4331 4
1792 4336 5
1792 11204 5
1792 5971 4
1792 5189 4
1792 7841 5
1792 5972 5
1792 1191 4
1792 1836 3
1792 6065 5
1792 2443 4
1792 1017 5
1792 2502 4
1792 2472 5
1792 638 5
1792 2505 5
1792 497 4
1792 2342 5
1792 1631 4
1792 2476 5
1792 534 4
1792 1651 3
1792 8920 5
1792 5974 4
1792 1177 3
1792 3649 4
1792 2156 3
1792 2474 2
1792 7278 5
1792 6803 5
1792 5673 5
1792 467 4
1792 3185 5
1793 7345 5
1793 7733 3
1793 1673 5
1793 309 5
1793 11076 5
1794 7537 5
1794 3263 5
1794 5073 5
1794 6007 5
1794 7733 4
1795 6755 1
1795 373 2
1795 3898 4
1795 889 2
1795 11166 3
1795 7044 2
1795 6953 5
1795 1930 2
1796 6280 5
1796 2808 4
1796 7970 3
1796 7528 4
1796 5870 1
1796 1851 4
1796 7974 3
1796 7975 4
1796 5831 4
1796 2069 5
1796 6773 5
1796 5872 4
1796 332 3
1796 7904 4
1796 6712 3
1796 6832 4
1796 2859 3
1796 7285 3
1796 3034 3
1796 627 5
1796 9049 5
1796 2127 2
1796 7283 4
1796 2311 1
1796 1122 5
1796 6745 4
1796 379 5
1796 9750 5
1796 6944 4
1796 1834 2
1796 8588 4
1796 11201 3
1796 7037 5
1796 5615 5
1796 635 3
1796 2117 3
1796 1843 4
1796 6836 5
1796 3376 5
1796 1804 4
1796 4297 4
1796 1856 3
1796 4043 2
1796 487 4
1796 2077 5
1796 457 5
1796 1847 4
1796 9611 5
1796 3302 3
1796 245 5
1796 1673 3
1796 9549 2
1796 4737 5
1797 2809 5
1797 7064 2
1797 356 4
1797 109 3
1797 5920 1
1797 7715 4
1797 6893 4
1797 712 5
1797 2817 4
1797 8539 4
1797 6329 3
1797 627 3
1797 7114 2
1797 3328 3
1797 6724 3
1797 6943 3
1797 5815 4
1797 4138 4
1797 7646 5
1797 7103 5
1797 1552 4
1797 8665 4
1797 5785 5
1797 8490 4
1797 6800 3
1797 3350 3
1797 12 5
1797 3020 4
1797 6908 5
1797 7197 4
1797 5122 2
1797 6481 3
1797 1739 5
1797 2846 2
1797 4718 4
1797 1639 4
1797 6841 4
1797 3214 2
1797 6360 3
1797 4195 4
1797 1861 4
1797 7894 3
1797 6890 3
1797 827 5
1797 4145 4
1797 6689 3
1797 4046 4
1797 6087 3
1797 11205 3
1797 4266 4
1797 7325 3
1797 6753 4
1797 2940 3
1797 3042 3
1797 7958 4
1798 9402 5
1798 728 1
1798 8827 5
1798 7632 5
1798 1313 4
1798 2010 5
1798 4689 3
1798 974 3
1798 3638 5
1798 1609 5
1798 6332 5
1798 1116 5
1798 7185 4
1799 8213 3
1799 2399 5
1799 2356 5
1799 2370 5
1799 7002 5
1799 3376 5
1799 4497 5
1799 1591 1
1799 2280 3
1799 6756 5
1799 5762 5
1799 483 5
1799 5974 4
1799 1597 5
1799 545 5
1799 1150 5
1799 6882 5
1799 9712 4
1799 5300 4
1799 1853 5
1799 2649 5
1799 991 5
1799 2137 4
1799 5871 5
1799 8009 2
1799 2485 5
1799 2492 4
1799 2244 4
1799 7303 3
1799 7003 5
1799 2520 4
1799 2461 5
1799 9271 4
1799 10259 3
1799 9153 5
1799 5581 4
1799 5580 2
1799 576 4
1799 6661 5
1799 3164 5
1799 2477 4
1799 11206 5
1799 1022 5
1799 9693 5
1799 2478 5
1799 7004 4
1799 1035 1
1799 3146 4
1799 2436 5
1799 8741 4
1799 3416 3
1799 467 4
1799 1350 5
1799 518 5
1799 3336 5
1799 4946 5
1799 1037 5
1799 2433 5
1799 2276 5
1799 8343 5
1799 397 4
1799 7015 4
1799 547 5
1799 2568 4
1799 1940 5
1799 11085 5
1799 9372 5
1799 7978 4
1799 3649 4
1799 8329 5
1799 2459 5
1799 1404 4
1799 3285 5
1799 7982 5
1799 2417 5
1799 560 5
1799 2416 5
1799 430 5
1799 1147 5
1799 4861 5
1799 3037 4
1799 1245 5
1799 707 5
1799 2086 5
1799 6779 5
1799 2634 5
1799 1141 4
1799 7493 5
1799 3961 5
1799 556 5
1799 9020 5
1800 6495 5
1800 6162 5
1800 8897 4
1801 11207 4
1801 1994 5
1801 9302 5
1801 3179 5
1802 4825 5
1802 342 5
1802 2578 3
1802 3639 5
1802 1144 4
1802 8367 5
1802 4016 5
1802 1195 4
1803 6654 5
1803 408 3
1803 8078 4
1803 1173 4
1803 1157 4
1803 3503 5
1804 1165 3
1804 8876 4
1804 3670 3
1804 1950 4
1804 8439 5
1804 3937 5
1804 9892 5
1804 3093 4
1804 5802 5
1804 11208 4
1804 7875 5
1805 379 2
1805 430 5
1805 3428 3
1805 762 5
1805 4570 5
1805 414 3
1805 712 3
1805 2434 4
1805 8832 5
1805 11104 5
1805 3392 5
1805 258 5
1805 441 5
1805 5080 5
1805 7001 5
1805 6956 1
1805 832 5
1805 1656 5
1805 288 5
1805 6200 4
1805 1650 3
1805 1278 5
1805 5761 5
1805 810 5
1805 6996 5
1805 28 3
1805 723 3
1805 4159 5
1805 11202 4
1805 6997 4
1805 1277 4
1805 759 3
1805 6998 5
1805 6999 5
1805 1673 3
1805 7000 5
1805 313 5
1805 3430 5
1805 11209 4
1805 10548 5
1805 9972 4
1806 8794 5
1806 8932 5
1806 1305 4
1806 264 5
1806 772 4
1806 762 4
1806 1122 4
1806 5632 5
1806 4010 4
1806 11210 5
1806 1301 5
1807 1448 5
1807 8162 5
1807 6352 4
1807 3400 5
1807 6325 5
1807 3518 5
1807 1931 5
1807 487 5
1807 2108 5
1807 391 5
1807 2420 5
1807 502 4
1807 2479 5
1807 590 5
1807 6689 4
1807 7400 5
1807 4248 5
1807 5881 4
1808 2964 5
1808 8255 5
1808 7984 5
1808 1894 5
1808 7448 5
1808 2121 5
1808 139 5
1808 177 5
1808 1595 5
1808 1749 5
1808 72 5
1808 8557 5
1808 6088 5
1808 1678 5
1808 1756 5
1808 1867 4
1808 6793 5
1808 1661 4
1808 7599 5
1808 6517 5
1808 2149 5
1808 1863 4
1808 1687 5
1808 8971 5
1808 11211 5
1808 11212 4
1808 5872 5
1808 10447 4
1808 1765 4
1808 1718 3
1808 7357 5
1808 1767 5
1808 2651 5
1808 3198 5
1808 4511 4
1808 1621 5
1808 225 3
1808 6915 4
1808 292 4
1808 5273 5
1808 89 5
1808 4673 1
1808 2144 3
1808 2596 5
1808 6832 5
1808 6329 5
1808 627 5
1808 5004 5
1808 4599 3
1808 2158 5
1808 9680 5
1809 6337 4
1809 3954 5
1809 258 3
1809 11213 3
1809 6116 5
1809 5919 2
1809 1759 4
1809 1594 5
1809 3899 5
1809 4243 5
1809 1241 5
1809 1922 5
1809 3727 1
1809 6416 5
1809 5331 5
1809 7101 5
1809 4788 5
1809 962 3
1809 2592 5
1809 6555 5
1809 3048 5
1809 3503 5
1809 9640 5
1810 3808 5
1810 6320 5
1810 2006 5
1810 7954 3
1810 2197 5
1810 6339 5
1810 2772 5
1810 6254 4
1810 6540 4
1810 3630 5
1810 1568 4
1810 9925 5
1810 627 5
1810 7970 4
1810 11214 5
1810 2070 4
1810 6125 5
1810 2202 5
1810 3303 5
1810 2166 4
1810 6832 5
1810 7971 4
1810 2222 4
1810 5670 5
1810 3408 5
1810 7509 4
1810 8158 5
1810 3033 5
1810 2781 4
1810 1577 4
1810 7973 5
1810 8011 4
1810 252 5
1810 2520 3
1810 4049 5
1810 405 4
1810 2127 2
1810 1922 5
1810 342 3
1810 2104 4
1810 1831 4
1810 7908 3
1810 2335 5
1810 9244 5
1810 3879 5
1810 6329 4
1810 624 4
1810 3670 4
1810 1880 4
1810 4689 5
1810 7020 5
1810 375 3
1810 3241 4
1810 6938 3
1810 7389 5
1810 627 5
1810 8886 5
1810 6210 4
1810 5679 5
1810 9879 3
1810 5881 3
1810 3353 5
1811 10206 5
1811 386 5
1811 8907 5
1812 1859 5
1812 2340 5
1812 3708 1
1812 3674 4
1812 8958 5
1812 4775 4
1812 6138 5
1812 2443 4
1812 826 5
1812 3686 4
1812 4544 5
1812 1149 3
1812 3264 4
1812 5713 5
1812 2352 4
1812 2476 3
1812 4141 5
1812 1832 5
1812 2349 5
1812 1040 5
1812 2472 3
1813 6162 5
1813 4689 5
1813 792 5
1813 3249 5
1813 6253 5
1813 4435 4
1813 6371 3
1813 6743 5
1813 1029 5
1813 8268 4
1813 10182 3
1813 8031 5
1813 1000 4
1813 5943 2
1813 10276 4
1813 3516 3
1813 48 4
1813 7064 4
1813 6710 5
1813 762 5
1813 3066 5
1813 7842 4
1813 6708 4
1813 3511 5
1813 1564 4
1813 6164 4
1813 850 3
1813 6820 4
1813 963 4
1813 2063 3
1813 6087 5
1813 6313 5
1813 1566 5
1813 8981 5
1813 623 4
1813 2769 3
1813 8107 5
1813 1328 5
1813 6890 5
1813 6695 4
1813 6483 5
1813 1104 4
1813 8517 3
1813 7085 4
1813 9929 3
1813 2871 3
1813 6506 4
1813 8253 4
1813 4024 5
1813 772 4
1813 2632 2
1813 902 5
1813 6564 5
1813 712 5
1813 6825 5
1813 9776 5
1813 1673 5
1813 4969 5
1813 3512 4
1813 7844 3
1813 2915 4
1813 447 3
1813 462 4
1813 1936 5
1813 609 3
1813 1343 5
1813 6606 5
1813 6789 5
1813 4720 5
1813 8204 3
1813 2786 5
1813 6026 4
1813 909 1
1813 7914 4
1813 1536 5
1813 2822 3
1813 2033 3
1813 7705 4
1813 6339 3
1813 751 1
1813 10263 4
1813 9521 5
1813 7539 4
1813 6066 5
1813 3921 4
1813 1048 3
1813 6073 4
1813 7218 5
1813 7386 4
1813 8662 2
1813 672 3
1813 276 5
1813 628 5
1813 7841 5
1813 8226 4
1813 8791 5
1813 11178 5
1813 6797 5
1813 6796 3
1813 10643 4
1814 5711 4
1814 1543 4
1814 7304 5
1814 3628 5
1814 3366 5
1814 1134 5
1814 8471 5
1814 468 4
1814 2127 5
1814 2476 5
1814 408 5
1814 3165 5
1814 661 5
1814 9243 4
1814 11215 1
1814 4187 5
1814 11216 5
1814 10273 4
1814 8703 5
1814 10273 4
1814 8615 1
1814 11217 5
1814 8772 5
1814 8772 5
1814 8615 1
1814 1306 3
1814 1418 5
1814 1717 5
1814 6027 5
1814 3632 5
1814 10538 5
1815 1195 4
1815 7206 1
1815 3661 5
1815 5945 4
1816 4331 5
1816 8014 2
1816 2803 4
1816 5729 5
1816 2026 5
1816 2810 5
1816 8675 5
1816 3920 5
1816 5837 5
1816 8381 4
1816 1046 5
1816 7700 5
1816 6887 5
1816 6304 5
1816 7536 5
1816 4356 5
1816 1864 5
1816 2831 2
1816 4455 5
1816 3187 5
1816 7829 4
1816 9004 2
1816 11218 5
1816 3222 5
1816 3224 3
1816 6291 3
1816 8981 3
1816 5719 2
1816 8105 5
1816 183 5
1816 2032 1
1816 6719 5
1816 744 5
1816 8188 5
1816 7362 3
1816 8154 2
1816 3006 4
1816 10085 5
1816 10005 5
1816 2799 5
1816 7795 5
1816 2824 5
1817 6859 5
1817 420 4
1817 1184 5
1817 397 3
1817 492 3
1817 11219 4
1817 2467 2
1817 1445 5
1817 8396 5
1817 387 1
1817 5867 4
1817 2578 3
1817 3598 5
1817 3240 5
1817 2572 4
1817 10449 5
1817 9335 5
1817 9206 4
1817 433 4
1817 1857 4
1817 3484 4
1817 6994 5
1817 3243 3
1817 8010 4
1817 1308 5
1817 1449 4
1817 11220 3
1817 2327 1
1818 6686 4
1818 10042 4
1818 6216 5
1818 1529 2
1818 7059 5
1818 5913 4
1818 2171 5
1818 5915 4
1818 2374 5
1818 2510 4
1818 5898 5
1818 5916 5
1818 7785 5
1818 6732 4
1818 5886 5
1818 593 4
1818 2860 5
1818 2354 5
1818 7939 4
1818 3225 5
1818 2021 5
1818 592 4
1818 2227 5
1818 1249 1
1818 2482 5
1818 2437 3
1818 1810 5
1818 2337 4
1818 10741 4
1818 10259 4
1818 6541 2
1818 452 5
1818 6561 3
1818 6894 5
1818 2508 5
1818 238 5
1818 2863 5
1818 2830 5
1818 235 5
1818 1925 5
1818 6180 4
1818 600 5
1818 6579 3
1818 11221 5
1818 2248 5
1818 2207 5
1818 2176 5
1818 8543 5
1818 2545 4
1818 8095 5
1818 10203 5
1818 6751 5
1818 6744 5
1818 8214 5
1818 2068 3
1818 7042 5
1818 2203 5
1818 2864 5
1818 2167 5
1818 8133 4
1818 5722 5
1818 2225 3
1818 8140 5
1818 8878 4
1818 6348 5
1818 2221 5
1818 4158 4
1818 9693 5
1818 2096 4
1818 1092 5
1818 2915 5
1818 374 3
1818 2196 4
1818 2409 5
1818 1840 5
1818 385 3
1818 3277 5
1818 2295 5
1818 3511 5
1818 682 5
1818 1564 5
1818 2211 1
1818 2331 5
1818 1832 5
1818 2520 4
1818 7584 5
1818 2188 2
1818 6104 5
1818 9680 5
1818 7154 5
1818 5980 4
1818 5698 5
1818 3336 5
1818 2063 4
1818 2072 4
1818 1921 5
1818 2081 4
1818 8086 5
1818 6011 2
1818 8166 4
1818 7600 5
1818 7278 5
1818 7839 5
1818 7279 5
1818 7908 3
1818 7988 4
1818 376 3
1818 2319 5
1818 2356 5
1818 2317 5
1818 2313 5
1818 2299 5
1818 2048 5
1818 2105 5
1818 1831 5
1818 2080 5
1818 1143 5
1818 2120 5
1818 5101 5
1818 1179 5
1818 2339 1
1818 2406 5
1818 11190 5
1818 1905 5
1818 4253 5
1818 2443 5
1818 6897 5
1818 4840 5
1818 1901 4
1818 1594 5
1818 828 5
1818 2517 5
1818 8345 3
1818 4708 5
1818 719 5
1818 2126 5
1818 2350 5
1818 1805 5
1818 575 5
1818 309 5
1818 2471 5
1818 2096 3
1818 4599 4
1818 2352 5
1818 6012 3
1818 1182 5
1818 1124 1
1818 2546 5
1818 2351 5
1818 1168 5
1818 2891 5
1818 4820 5
1818 2933 5
1818 11222 5
1818 2869 3
1818 2092 4
1818 1876 5
1818 394 4
1818 3655 5
1818 7625 4
1818 773 5
1818 867 4
1818 470 3
1818 6883 4
1818 6885 1
1818 1186 5
1818 112 5
1818 6026 3
1818 7053 5
1818 5984 5
1818 1133 1
1818 447 5
1818 8094 5
1818 6827 5
1818 9107 4
1818 941 5
1818 2418 5
1818 2903 4
1818 1275 5
1818 6756 5
1818 6074 4
1818 2103 4
1818 7725 5
1818 7662 4
1818 188 4
1818 6813 5
1818 1466 5
1818 2041 4
1818 9672 5
1818 9453 5
1818 11223 4
1818 7634 5
1818 1787 5
1818 6896 5
1818 2900 5
1818 486 4
1818 7378 1
1818 2145 5
1818 1829 5
1818 5996 5
1818 77 5
1818 3458 4
1818 467 1
1818 357 5
1818 1580 5
1818 7555 5
1818 2669 5
1818 954 5
1818 8717 4
1818 952 5
1818 4884 5
1818 4513 5
1818 1084 5
1818 628 4
1818 1408 5
1818 1343 5
1818 2651 5
1818 2939 5
1818 1260 5
1818 8420 4
1818 1618 5
1818 10740 5
1818 10285 5
1818 934 4
1818 1691 4
1818 8924 4
1818 1457 5
1818 9169 5
1818 700 4
1818 1886 5
1818 11224 5
1818 3349 5
1818 7800 5
1818 609 4
1818 1328 5
1818 286 5
1818 4117 5
1818 7952 5
1818 8624 5
1818 1103 3
1818 2420 5
1818 11225 5
1818 6898 5
1818 8085 4
1818 9002 4
1818 9793 4
1818 1020 5
1818 8501 5
1818 3979 3
1818 3036 3
1818 539 5
1818 7210 5
1818 3218 5
1818 9069 5
1818 2718 5
1818 11226 4
1818 4248 4
1818 3289 5
1818 5115 4
1818 4836 5
1818 6787 5
1818 7435 5
1818 5029 5
1818 9367 4
1818 6717 5
1818 5787 3
1818 5028 5
1818 3200 5
1818 7382 1
1818 5263 5
1818 1547 5
1819 7531 4
1819 8095 5
1819 2910 4
1819 312 5
1819 7303 5
1819 1912 4
1819 2829 5
1819 206 5
1819 2478 5
1819 2158 5
1819 832 5
1819 3264 4
1819 8458 5
1819 750 4
1819 3000 5
1819 4280 5
1819 1739 4
1819 1939 5
1819 3632 4
1819 2546 5
1819 8845 4
1819 3465 3
1819 3427 4
1819 4057 2
1819 5553 4
1819 4300 4
1819 5665 4
1819 5306 5
1819 4100 5
1819 4434 5
1819 9525 2
1819 4552 4
1819 4023 5
1820 5666 2
1820 6540 4
1820 9353 5
1820 3723 5
1820 3692 5
1820 8137 3
1820 9252 5
1820 4979 4
1820 4867 5
1820 4037 4
1820 6142 1
1820 5295 5
1820 3164 5
1820 3640 4
1820 5673 5
1820 7462 2
1820 1778 4
1820 5721 5
1820 7800 5
1820 3042 4
1820 4048 1
1820 8073 5
1820 637 5
1820 333 3
1821 2775 3
1821 8937 1
1821 1547 5
1821 3066 5
1821 3063 1
1821 8897 2
1821 7650 5
1821 3610 1
1821 9083 5
1821 4709 3
1821 5612 5
1821 4671 5
1821 4285 1
1821 5817 4
1821 4227 3
1821 1682 5
1821 2635 5
1821 7455 5
1821 5586 5
1821 104 5
1821 3445 5
1821 7315 5
1821 9334 1
1821 673 5
1821 10015 5
1821 1233 5
1821 8271 5
1821 712 5
1821 7409 2
1821 8383 5
1821 196 5
1821 738 5
1821 6275 5
1821 312 5
1821 4605 4
1821 740 5
1821 7559 3
1821 309 5
1821 2939 5
1821 288 5
1821 943 1
1821 276 5
1821 3469 5
1821 9582 5
1821 8607 5
1821 9206 5
1821 909 1
1821 2048 5
1821 313 1
1821 832 1
1821 2091 5
1821 699 5
1821 739 5
1821 258 5
1821 323 5
1821 704 4
1821 759 5
1821 772 5
1821 3021 5
1821 11227 5
1821 4606 3
1821 4760 5
1821 2031 5
1821 2497 5
1821 609 5
1821 1023 4
1821 829 5
1821 3535 3
1821 1754 5
1821 975 1
1821 3268 5
1821 1990 5
1821 762 5
1821 706 5
1821 8839 1
1821 4012 1
1821 3025 3
1821 1241 5
1821 3465 5
1821 8587 5
1821 186 5
1821 2885 4
1821 4568 1
1821 4243 1
1821 3530 4
1821 5550 4
1821 5891 5
1821 9498 5
1821 11228 4
1821 4674 4
1821 10154 5
1821 9429 5
1821 10294 5
1821 10326 5
1821 10267 2
1821 952 4
1821 8462 5
1821 3620 3
1821 4275 3
1821 5309 5
1822 2418 4
1822 1497 4
1822 485 4
1822 3981 5
1822 8288 5
1822 1275 2
1822 8798 5
1822 8396 5
1822 8718 5
1822 3165 5
1822 6032 5
1822 496 5
1822 6587 5
1822 11229 5
1822 5632 5
1822 4719 5
1822 11100 5
1822 2563 4
1822 1177 5
1823 3241 1
1823 9334 1
1823 1673 3
1823 8373 5
1823 766 3
1823 728 3
1823 2049 5
1823 11230 4
1823 186 5
1823 5843 5
1823 3089 4
1823 3642 4
1823 9534 4
1824 10480 4
1824 8338 4
1824 9424 4
1824 3574 5
1824 426 3
1824 2882 5
1824 3169 3
1824 2460 4
1825 6430 5
1825 1584 1
1825 2288 4
1825 624 3
1825 602 3
1825 1122 4
1825 1611 5
1825 635 4
1825 11082 5
1825 7376 5
1825 7931 5
1825 2175 5
1825 673 5
1825 3112 5
1825 1598 5
1825 6593 3
1825 1600 5
1825 2286 3
1825 832 1
1825 6883 1
1825 1863 5
1825 6015 5
1825 4479 4
1825 5986 2
1825 688 2
1825 6526 4
1825 1278 5
1825 2158 5
1825 910 5
1825 1880 2
1825 3241 4
1825 293 4
1825 6016 3
1825 8533 4
1825 759 1
1825 4654 1
1825 6023 3
1825 41 2
1825 1150 4
1825 7492 4
1825 1634 5
1825 2802 4
1825 1277 5
1825 626 5
1825 8226 3
1825 1274 5
1825 1275 5
1825 4963 5
1826 309 3
1826 4950 5
1826 4979 5
1826 390 3
1826 11231 5
1826 3029 4
1827 1598 5
1827 6686 5
1827 1600 5
1827 7852 5
1827 3693 4
1827 8361 2
1827 2515 5
1827 3247 5
1827 9955 5
1828 6448 5
1828 6761 4
1828 7874 5
1829 2789 4
1829 2471 5
1829 5148 5
1829 7929 4
1829 807 4
1829 5212 1
1829 6785 4
1829 10266 4
1829 8175 5
1829 280 5
1829 1186 5
1829 5974 5
1829 2785 5
1829 9099 4
1829 4981 4
1829 4346 1
1829 1702 4
1829 6043 4
1829 1590 4
1829 252 4
1829 1604 4
1829 7934 4
1829 630 4
1829 3912 5
1829 4893 5
1829 1088 5
1829 653 4
1829 232 5
1829 3344 4
1829 2928 4
1829 11232 4
1829 6477 3
1829 5639 5
1829 2305 4
1829 1215 5
1829 5193 4
1829 2164 3
1829 3389 4
1829 7570 4
1829 1268 4
1829 1228 3
1829 1239 3
1829 6810 4
1829 4907 5
1829 10697 5
1829 384 5
1829 460 3
1829 2762 5
1829 474 4
1829 7432 5
1829 4841 4
1829 5729 5
1829 830 5
1829 7956 5
1829 110 5
1829 7197 5
1829 3182 4
1829 532 4
1829 7859 4
1829 6066 5
1829 5944 5
1829 8905 5
1829 5723 5
1829 1209 5
1829 8577 4
1829 8155 4
1829 7325 5
1829 9466 5
1829 1631 5
1829 9290 5
1829 3134 4
1829 4900 4
1829 3049 5
1829 3187 5
1829 6871 5
1829 7897 1
1829 2507 3
1829 9875 5
1829 4947 5
1829 2906 5
1829 3311 5
1829 706 3
1829 739 3
1829 77 5
1830 9608 4
1830 7475 5
1830 309 4
1830 5491 5
1830 6298 3
1830 10613 5
1831 8278 4
1831 1900 5
1831 5940 5
1831 826 5
1831 5521 4
1831 9861 5
1831 3353 4
1831 3164 5
1831 11233 5
1831 9826 5
1831 1140 2
1831 7862 5
1831 2091 5
1831 4578 5
1831 1657 5
1831 3634 5
1832 11234 3
1832 1861 3
1832 11235 5
1832 6029 4
1833 832 4
1833 11132 5
1833 3359 2
1833 850 4
1833 3709 4
1833 1674 5
1833 8037 4
1834 3576 5
1834 5882 4
1834 3635 5
1834 1867 5
1834 6453 5
1834 5716 2
1835 1235 3
1835 5319 3
1835 1230 5
1835 476 4
1835 423 1
1835 2899 3
1835 10256 5
1835 8840 4
1836 699 4
1836 2171 3
1836 1540 3
1836 1550 5
1836 2162 4
1836 740 4
1836 601 4
1836 15 2
1836 5325 5
1836 2779 1
1836 1278 5
1836 2859 3
1836 1972 5
1836 7932 4
1836 196 5
1836 8149 5
1836 1779 3
1836 11096 4
1836 7660 3
1836 9913 5
1836 1682 3
1836 8965 5
1836 5678 4
1836 735 5
1836 217 4
1836 538 5
1836 934 5
1836 276 5
1836 704 5
1836 1301 2
1836 673 5
1836 1395 5
1836 6487 5
1836 167 5
1836 2366 4
1836 832 4
1836 309 5
1836 918 4
1836 174 4
1836 609 5
1836 1982 5
1836 1314 5
1836 741 4
1836 4718 4
1836 9764 5
1836 762 4
1836 323 5
1836 759 5
1837 313 5
1837 6209 4
1837 104 5
1837 3252 5
1837 6204 3
1837 211 5
1837 1395 5
1837 8263 4
1837 3370 4
1837 5346 5
1837 9256 3
1837 9222 5
1837 3372 4
1837 6874 5
1837 11236 5
1837 11237 4
1837 6203 5
1837 4211 5
1837 9226 5
1837 4916 5
1837 3211 4
1837 3504 3
1837 3234 3
1837 9225 4
1837 9195 4
1837 9962 4
1838 3470 4
1838 9335 4
1838 7981 4
1838 10250 3
1838 7890 5
1838 44 5
1838 11238 4
1838 7351 5
1839 567 5
1839 8718 5
1839 3263 5
1839 8975 5
1839 7884 5
1839 1301 4
1840 8933 4
1840 1329 4
1840 6185 4
1840 11237 4
1840 3425 5
1840 11239 4
1840 5883 4
1840 8775 5
1841 5295 4
1841 1292 5
1841 3029 5
1841 5732 5
1842 1275 5
1842 309 3
1842 4500 4
1843 1963 4
1843 1922 5
1843 1665 5
1843 258 4
1843 94 3
1843 6043 5
1843 276 5
1843 734 5
1843 3161 5
1843 5206 3
1843 934 5
1843 4187 5
1843 661 5
1843 704 5
1843 4477 3
1843 287 5
1843 249 5
1843 6123 3
1843 1275 4
1843 8608 5
1843 6133 4
1843 3533 5
1843 4812 4
1843 2130 2
1843 1660 5
1843 772 5
1843 766 5
1843 824 5
1843 4960 5
1843 1682 3
1843 309 5
1843 9819 5
1843 8465 3
1843 4135 5
1843 211 4
1843 1762 3
1844 8361 1
1844 3263 5
1844 1648 5
1844 6815 1
1844 609 5
1844 8803 5
1844 4606 2
1844 5522 4
1844 3555 1
1844 3809 3
1844 10148 4
1844 506 3
1844 1682 5
1844 2689 4
1844 6085 5
1844 3625 3
1844 2327 2
1844 378 4
1844 7472 5
1844 1773 1
1844 276 4
1844 829 3
1844 2244 4
1844 2461 3
1844 832 5
1844 1418 3
1844 309 5
1844 196 4
1844 211 4
1844 173 5
1845 1535 3
1845 11173 5
1845 4689 5
1845 4109 3
1845 3532 4
1845 6140 5
1845 3296 5
1845 157 4
1845 1673 3
1845 313 1
1845 728 5
1845 7710 4
1845 11189 4
1845 6812 4
1845 4496 4
1845 52 5
1845 11240 3
1845 2904 4
1845 4857 5
1845 3168 4
1845 5843 5
1845 8962 4
1845 1939 5
1845 6195 4
1845 2811 5
1845 2973 5
1845 4823 4
1845 1723 4
1845 3432 2
1845 5316 3
1846 3691 2
1846 3165 5
1846 7769 4
1846 5449 4
1846 7195 4
1846 1290 4
1846 59 5
1846 7353 5
1846 8813 4
1846 2825 5
1846 4512 5
1846 3294 3
1846 276 5
1846 5578 4
1846 1939 5
1846 2846 2
1846 2121 3
1846 196 3
1846 313 2
1846 7959 5
1846 7768 4
1846 9024 4
1846 2964 5
1846 5999 4
1847 2863 4
1847 6280 5
1847 6927 2
1847 6481 4
1847 601 4
1847 6471 4
1847 4351 4
1847 7032 4
1847 3565 5
1847 11241 3
1847 7284 4
1847 8175 3
1847 8431 4
1847 2077 3
1847 7796 5
1847 8876 5
1847 1972 3
1847 1995 3
1847 258 5
1847 1650 3
1847 1963 3
1847 1936 4
1847 8853 4
1847 276 3
1847 1275 3
1847 1278 3
1847 9388 4
1847 1965 4
1847 323 2
1847 104 3
1847 313 3
1847 3635 4
1847 712 3
1847 8127 2
1847 8887 5
1847 5921 5
1848 728 5
1848 313 5
1848 2899 3
1848 680 5
1848 5808 5
1848 8865 4
1848 9844 5
1848 8986 4
1848 3156 2
1848 1503 3
1848 8846 5
1848 8911 5
1848 7207 4
1848 10874 5
1848 5409 5
1848 10208 5
1848 3000 5
1848 11105 4
1848 2655 1
1848 5136 5
1848 5615 5
1848 11242 4
1848 8428 5
1848 5421 4
1848 9103 5
1848 4878 4
1848 3378 5
1848 6365 3
1848 3969 5
1848 6651 2
1849 196 5
1849 3724 3
1849 1889 5
1849 281 2
1849 7643 4
1849 7511 5
1849 7707 5
1849 3436 2
1849 104 5
1849 5733 3
1850 3301 5
1850 4558 2
1850 10037 5
1851 1709 5
1851 6102 5
1851 8715 5
1852 3165 4
1852 3409 4
1852 6354 4
1852 9622 4
1852 7661 4
1852 3381 5
1852 7184 4
1852 3472 4
1852 6268 4
1852 3175 5
1852 8676 4
1852 3146 4
1853 6440 2
1853 305 1
1853 738 1
1853 5602 4
1853 276 2
1853 7967 1
1853 762 2
1853 104 1
1853 4949 4
1853 9583 5
1853 152 5
1853 8133 5
1853 258 1
1853 9980 5
1853 313 1
1853 3184 4
1853 2465 5
1853 832 1
1853 8556 5
1853 4609 5
1853 3197 3
1853 8848 4
1853 5700 4
1853 5009 4
1853 3810 4
1853 1436 4
1853 406 5
1853 3000 5
1853 6544 5
1853 312 1
1853 829 1
1853 2821 3
1853 3126 4
1853 1435 5
1853 1693 5
1853 1673 5
1853 8099 4
1853 1655 5
1853 196 5
1853 3460 4
1853 7426 4
1853 5403 5
1853 3446 4
1853 3473 4
1853 1301 5
1853 1515 4
1853 7237 5
1854 13 5
1854 5076 5
1854 3985 2
1854 2997 2
1854 7396 4
1854 10000 4
1854 2889 5
1854 2235 4
1854 4880 3
1854 1958 1
1854 6278 2
1854 6806 5
1854 2411 5
1854 609 5
1854 3759 3
1854 829 3
1854 276 5
1854 2655 1
1854 1998 1
1854 5513 5
1854 211 5
1854 7310 5
1855 6073 5
1855 810 5
1855 2805 4
1855 2147 5
1855 2845 3
1855 2809 5
1855 2059 5
1855 9643 5
1855 4017 5
1855 1939 4
1855 222 5
1855 27 4
1855 1767 5
1855 2655 1
1855 1408 5
1855 7407 5
1855 3356 4
1855 9412 4
1855 6259 4
1855 1853 5
1855 4820 5
1855 5233 5
1855 8198 5
1855 3516 5
1855 8191 4
1855 3089 5
1855 3456 3
1855 6286 5
1855 8564 4
1855 5263 5
1855 864 5
1855 8789 4
1855 4836 4
1856 2158 4
1856 7246 5
1856 323 3
1856 3471 5
1856 2962 4
1856 5430 5
1856 5256 4
1856 3818 3
1856 1846 4
1856 1848 5
1856 8654 4
1856 3204 4
1857 6617 5
1857 458 5
1857 2320 3
1857 1343 3
1857 3812 5
1857 1134 5
1857 2730 5
1857 1250 4
1857 462 5
1857 1826 5
1857 2324 5
1857 446 1
1857 2137 5
1857 1148 4
1857 3727 5
1857 8428 5
1857 9096 5
1857 2400 4
1857 1173 4
1857 1912 5
1857 2315 5
1857 2469 4
1857 3243 4
1857 7796 5
1857 2899 4
1857 203 5
1857 4262 5
1857 1305 4
1857 5686 4
1857 747 3
1857 7334 3
1857 4018 3
1857 941 4
1857 1536 1
1857 7396 4
1857 2397 4
1857 4462 5
1857 2235 5
1857 7210 3
1857 8463 5
1857 2503 4
1857 909 1
1857 9206 5
1857 1277 1
1857 1684 3
1857 8833 4
1857 323 1
1857 6478 4
1857 459 5
1857 739 2
1857 832 1
1857 862 5
1857 9540 5
1857 1301 4
1857 829 3
1857 313 2
1857 5761 5
1857 1233 5
1857 2600 4
1857 740 3
1857 4067 3
1857 1332 3
1857 661 3
1857 2444 5
1857 4467 5
1857 2792 5
1857 4496 5
1857 8531 4
1858 5793 4
1858 4293 4
1858 10249 5
1858 1675 4
1858 3480 5
1858 3548 4
1858 11243 4
1858 4060 4
1858 9354 4
1858 4537 4
1858 5700 5
1858 4554 4
1858 4811 5
1859 288 5
1859 660 5
1859 313 5
1859 832 5
1859 653 5
1859 2664 5
1859 8940 5
1859 322 5
1859 1867 5
1859 2551 5
1859 4189 5
1859 2920 5
1859 655 5
1860 3393 5
1860 5867 5
1860 11244 5
1860 10298 4
1860 432 3
1860 2595 4
1860 2897 3
1860 4114 5
1860 2601 4
1860 2899 3
1860 3911 4
1860 9394 5
1860 7256 5
1860 4916 4
1860 9810 3
1860 9934 4
1860 3487 4
1860 3535 5
1860 7430 4
1860 4293 4
1860 2900 5
1860 8781 3
1860 8463 4
1860 8941 5
1860 3289 3
1860 4243 5
1860 4850 5
1860 3345 4
1860 10037 3
1861 8564 5
1861 11245 5
1861 699 4
1861 695 2
1861 1241 5
1861 7405 4
1861 5384 5
1861 732 4
1861 3215 4
1861 3473 4
1861 5467 5
1861 3037 5
1861 1332 5
1862 8247 5
1862 9025 5
1862 1702 3
1862 6210 5
1862 3341 3
1862 11246 4
1862 11246 4
1862 7335 4
1862 4838 5
1862 8958 5
1863 9013 5
1863 4129 5
1863 5053 5
1863 516 5
1863 4796 4
1863 8030 4
1863 5839 5
1863 10595 5
1863 609 5
1863 8171 5
1863 3279 5
1863 213 5
1863 312 4
1863 762 4
1863 1301 5
1863 4442 5
1863 7459 5
1863 8797 5
1863 9027 4
1863 2190 5
1863 7997 4
1863 3360 4
1863 2901 5
1864 9058 5
1864 7708 5
1864 3550 5
1864 7255 5
1864 4 4
1864 141 4
1864 2078 4
1864 76 4
1864 7476 5
1864 5149 4
1864 1693 5
1864 1756 4
1864 6766 4
1864 10351 5
1864 293 4
1864 7418 4
1864 6202 4
1864 1383 4
1864 6043 4
1864 6426 4
1864 5910 4
1864 161 4
1864 6371 5
1864 4140 5
1864 8419 5
1864 4775 4
1864 5731 4
1864 6001 4
1864 7409 4
1864 11129 4
1864 4599 3
1864 3021 5
1864 137 4
1864 9246 4
1865 288 3
1865 7024 4
1865 69 4
1865 6033 5
1865 832 2
1865 1702 3
1865 323 4
1865 7575 4
1865 5723 4
1865 609 3
1865 2850 4
1865 762 4
1865 211 5
1865 188 4
1865 810 2
1865 5254 5
1865 3093 4
1865 728 3
1865 712 5
1865 1767 5
1865 1456 4
1865 3986 3
1865 1275 3
1866 7713 4
1866 8047 5
1866 4671 5
1866 5061 5
1866 2885 5
1866 4282 4
1866 1813 5
1866 1769 5
1866 3465 5
1866 1235 5
1866 1373 5
1866 804 4
1866 2791 4
1866 258 5
1866 6277 5
1866 11109 4
1866 3435 4
1866 671 2
1866 5264 4
1866 650 5
1866 7328 5
1866 1395 5
1866 6999 5
1866 710 5
1866 732 5
1866 712 5
1866 739 5
1866 768 4
1866 312 5
1866 4559 5
1866 4961 4
1866 8914 5
1867 3251 5
1867 8790 5
1867 5722 5
1867 5604 4
1867 8791 5
1867 10155 3
1867 10944 5
1867 2377 1
1867 6896 1
1867 509 4
1867 3253 4
1867 1936 5
1867 447 4
1867 3562 5
1867 886 1
1867 8252 5
1867 1418 5
1867 1853 5
1867 2348 5
1867 7391 5
1867 3703 5
1867 3287 5
1867 8420 5
1867 7538 4
1867 632 5
1867 5574 3
1867 4704 4
1867 3392 5
1867 278 5
1867 482 5
1867 8325 5
1867 3045 1
1867 1977 5
1867 6860 3
1867 276 5
1867 11223 3
1867 10822 3
1867 2164 5
1867 1901 5
1867 4252 4
1867 710 5
1867 8313 5
1867 714 5
1867 182 5
1867 1650 5
1867 1825 5
1867 490 5
1867 3275 5
1867 6779 4
1867 578 4
1867 2935 5
1867 1962 5
1867 1665 5
1867 4099 5
1867 1037 5
1867 1222 5
1867 7555 4
1867 1397 5
1867 6104 4
1867 566 5
1867 2085 4
1867 680 5
1867 901 5
1867 2265 3
1867 3037 3
1867 8622 5
1867 3556 5
1867 5409 5
1867 609 5
1867 3269 5
1867 3966 5
1867 4708 3
1867 448 3
1867 1833 5
1867 6064 3
1867 941 5
1867 1853 5
1867 7449 4
1867 542 3
1867 2928 5
1867 5202 5
1867 4836 5
1867 104 5
1867 3400 3
1867 3761 4
1867 3529 5
1867 1965 5
1867 11247 4
1867 8465 1
1867 1067 5
1867 3396 5
1867 712 5
1867 465 5
1867 954 5
1867 660 5
1867 877 5
1867 4512 1
1867 909 1
1867 1673 5
1867 196 5
1867 1668 2
1867 2393 5
1867 288 5
1867 673 5
1867 695 5
1867 1408 5
1867 1328 5
1867 11208 5
1867 579 4
1867 704 5
1867 2143 5
1867 4995 1
1867 2655 1
1867 9989 5
1867 5910 5
1867 3533 5
1867 3687 5
1867 10333 3
1867 5197 5
1867 4021 4
1867 323 5
1867 1876 5
1867 1774 5
1867 728 5
1867 10314 5
1867 8425 5
1867 741 5
1867 28 5
1867 9064 5
1867 1395 5
1867 10489 3
1867 5993 5
1867 3075 5
1867 313 5
1867 832 5
1867 4018 5
1867 6661 4
1867 5502 5
1867 4822 5
1867 258 2
1867 846 4
1867 1350 5
1867 3393 4
1867 843 5
1867 312 5
1867 739 5
1867 706 5
1867 309 5
1867 8839 5
1867 727 5
1867 7208 4
1867 732 1
1867 1332 5
1867 6884 5
1867 112 5
1867 970 5
1867 9133 4
1867 9127 4
1867 3985 4
1867 925 5
1867 4963 5
1868 4432 5
1868 7617 4
1868 1360 5
1868 11248 5
1869 4512 5
1869 6102 5
1869 1478 5
1869 104 4
1869 11249 5
1869 1262 5
1869 8953 5
1869 4484 5
1869 1707 5
1869 3259 4
1869 9425 4
1869 8765 5
1870 4187 5
1870 8361 5
1870 11250 5
1870 3968 5
1870 5607 2
1870 974 3
1870 1819 4
1870 7506 5
1870 3465 5
1870 3330 1
1870 1691 4
1870 3748 4
1870 5827 4
1870 759 5
1870 323 4
1870 1629 4
1870 3248 3
1870 1713 3
1870 3024 5
1870 198 4
1870 919 4
1870 832 4
1870 1260 4
1870 6069 4
1870 189 5
1870 4012 3
1870 5071 4
1870 196 5
1870 309 5
1870 286 5
1870 6048 5
1870 8541 4
1870 706 4
1870 929 4
1870 6877 1
1871 1673 3
1871 706 3
1871 1467 4
1871 829 3
1871 7866 5
1871 104 4
1871 109 4
1871 832 5
1871 1277 5
1871 28 3
1871 4496 4
1871 7140 4
1871 8404 4
1871 8053 5
1872 6793 4
1872 698 5
1872 11109 3
1872 5224 4
1872 1634 4
1872 7986 5
1872 1636 5
1872 609 5
1872 1684 5
1872 2977 1
1872 4320 4
1872 8568 5
1872 2598 4
1872 8626 3
1872 2896 4
1872 8591 4
1872 258 5
1872 6877 4
1872 8182 4
1872 210 5
1872 832 5
1872 5350 5
1872 3645 5
1872 2983 5
1873 1392 5
1873 2604 5
1873 1700 4
1873 8545 5
1873 3330 1
1873 109 5
1873 70 5
1873 6134 5
1873 4946 5
1873 7044 5
1873 5697 5
1873 8591 5
1873 234 5
1873 163 5
1873 1727 4
1873 1719 5
1873 1686 5
1873 134 5
1873 5053 5
1873 72 5
1873 2843 5
1873 3344 5
1873 11251 2
1873 91 5
1873 7023 5
1873 3575 5
1873 3441 2
1873 10794 4
1873 1699 3
1873 4205 3
1874 2954 5
1874 3311 5
1874 3364 2
1874 4721 3
1874 9215 4
1874 11252 3
1874 1902 5
1875 258 1
1875 9248 3
1875 762 5
1875 4969 2
1875 2655 1
1875 3624 5
1875 8439 5
1875 655 5
1875 8128 4
1875 9478 3
1875 4850 4
1876 1298 4
1876 5687 5
1876 1688 5
1876 7729 5
1876 5700 5
1877 28 5
1877 712 5
1877 1278 5
1877 1772 5
1877 706 4
1877 211 5
1877 6643 5
1877 11253 4
1877 1217 5
1877 323 4
1877 3075 5
1877 609 3
1877 312 5
1877 7892 4
1877 759 5
1877 829 5
1877 704 3
1877 309 3
1877 710 4
1877 1981 5
1877 1412 5
1877 305 4
1877 755 1
1877 689 3
1877 4072 1
1877 4598 5
1877 1277 5
1877 992 3
1877 6496 4
1877 7246 5
1878 1536 5
1878 1275 1
1878 7953 5
1878 8826 4
1878 2845 2
1878 11098 5
1878 728 3
1878 128 5
1878 3452 5
1878 8923 5
1878 2791 3
1878 9308 5
1879 759 3
1879 661 3
1879 305 1
1879 771 5
1879 740 5
1879 728 5
1879 288 5
1879 313 5
1879 889 5
1879 7413 5
1879 3075 5
1879 4206 3
1879 11199 3
1879 673 5
1879 10079 5
1879 5449 5
1879 1277 5
1879 196 5
1879 4932 1
1879 246 5
1879 323 5
1879 7453 4
1879 829 3
1879 732 5
1879 1332 4
1879 104 4
1879 772 3
1879 1395 5
1879 11254 5
1879 9313 5
1879 6816 4
1879 3359 5
1880 6947 4
1880 6007 5
1880 4897 4
1880 10531 4
1880 8535 4
1880 3633 5
1880 4028 5
1880 2420 4
1880 9148 5
1880 9751 5
1880 2617 5
1880 2016 4
1880 449 4
1880 4071 5
1880 539 4
1880 3550 4
1880 7629 5
1880 5015 5
1880 1312 5
1880 3091 5
1880 5522 5
1880 4258 3
1880 6945 5
1880 8458 5
1880 2409 5
1880 409 5
1880 8173 4
1880 11255 4
1880 9762 5
1880 9620 4
1880 6267 4
1880 5794 5
1880 5511 5
1880 3364 2
1880 162 4
1880 3444 5
1880 9865 5
1880 4258 3
1881 2494 5
1881 546 5
1881 6807 5
1881 2877 3
1881 8110 2
1881 6625 4
1882 8766 5
1882 323 5
1882 6079 5
1882 832 5
1882 1194 5
1882 1712 5
1882 1902 4
1882 7806 4
1883 1521 5
1883 4531 5
1883 6037 5
1883 609 5
1883 3075 5
1883 10657 4
1883 673 5
1883 1278 5
1883 934 5
1883 1277 5
1883 276 5
1883 309 5
1883 832 5
1883 759 5
1883 739 5
1883 323 5
1883 312 5
1883 1395 5
1883 775 4
1883 3123 5
1883 104 3
1883 196 5
1883 1983 5
1883 4743 4
1883 2651 4
1883 5615 4
1883 698 3
1883 650 4
1883 837 4
1883 305 4
1883 695 3
1883 772 5
1883 1387 3
1883 211 5
1883 4891 4
1883 3450 4
1883 1300 3
1883 1419 3
1883 1386 4
1883 3084 4
1883 1408 5
1883 1352 5
1883 3477 3
1883 1422 3
1883 1402 3
1883 762 3
1883 1418 2
1883 313 3
1883 1332 5
1884 832 4
1884 8400 4
1884 762 5
1884 309 4
1884 8878 4
1884 3556 5
1884 3265 4
1884 4363 5
1885 1915 5
1885 323 5
1885 10983 4
1885 255 4
1885 8813 5
1885 5179 4
1885 9004 4
1885 10982 4
1885 4296 5
1885 820 4
1885 6053 3
1885 4344 3
1885 2824 4
1885 3465 5
1885 8200 5
1885 919 4
1885 210 5
1885 8770 4
1885 5700 5
1885 4117 5
1885 5699 5
1885 4280 5
1885 1648 5
1886 1275 1
1886 6493 3
1886 313 5
1886 6954 4
1886 8984 5
1886 5700 5
1887 400 5
1887 6582 2
1887 6301 5
1887 1196 5
1887 4238 4
1887 2547 4
1887 7028 5
1887 6674 5
1887 421 4
1887 4262 5
1887 5911 5
1887 6988 4
1887 7810 5
1887 4727 5
1887 7791 5
1887 3000 5
1887 11167 4
1888 1183 5
1888 7011 4
1888 6030 3
1888 10206 5
1888 9593 5
1888 3219 4
1889 1657 5
1889 4987 4
1889 1514 5
1889 6783 5
1890 1617 5
1890 9273 4
1890 1661 2
1891 2060 5
1891 8138 5
1891 2075 5
1891 3997 5
1891 9578 5
1891 7635 4
1891 1931 5
1891 2295 5
1891 1674 5
1891 2766 3
1891 2054 5
1891 6769 4
1891 7218 5
1891 7217 4
1891 11256 5
1891 6350 4
1891 3077 4
1891 5790 1
1891 6258 3
1891 7615 5
1891 7931 3
1891 5944 5
1891 1882 5
1891 6719 4
1891 8018 5
1891 3258 4
1891 3365 5
1891 315 5
1891 6073 5
1891 858 5
1891 439 4
1891 8212 5
1891 2231 5
1891 10909 5
1891 8132 5
1891 11164 5
1891 6128 4
1891 5418 1
1891 1691 5
1891 8882 5
1891 7637 5
1891 311 5
1891 12 5
1891 2149 5
1891 3246 5
1891 7127 4
1891 2814 4
1891 3436 5
1891 5797 5
1891 7910 5
1891 3263 5
1891 7733 4
1891 2259 5
1891 7193 5
1891 59 5
1891 3563 1
1891 8577 5
1891 8155 5
1891 1628 4
1891 8156 5
1891 7325 5
1891 4368 5
1891 49 5
1891 7023 5
1891 3187 5
1891 1742 5
1891 8625 5
1891 7897 4
1892 900 1
1892 3968 5
1892 10540 1
1892 4462 5
1893 1406 1
1893 10811 2
1893 1456 2
1893 934 3
1893 944 4
1893 10921 5
1893 8288 4
1893 997 1
1893 10803 5
1893 3832 4
1893 4558 3
1894 2507 5
1894 3452 5
1894 2130 3
1894 11073 3
1894 2651 5
1894 9875 4
1895 843 4
1895 2103 5
1895 3672 5
1895 8919 5
1896 4009 5
1896 4816 5
1896 4603 5
1896 4558 5
1896 8565 5
1896 1357 5
1896 862 5
1896 1503 5
1896 9513 4
1896 2666 5
1896 7885 5
1896 10859 5
1896 839 5
1896 3883 5
1896 860 5
1896 8026 4
1896 11257 5
1896 5229 4
1896 3617 5
1896 9535 5
1896 638 5
1897 5653 5
1897 3304 5
1897 11258 4
1897 900 5
1897 11252 5
1898 11154 2
1898 7315 5
1898 4206 3
1898 1981 5
1898 217 5
1898 9350 4
1898 4416 5
1898 5625 5
1898 7570 5
1898 258 5
1898 5578 5
1898 104 5
1898 9375 3
1898 28 5
1898 309 3
1898 3123 5
1898 313 3
1898 9297 5
1898 3138 5
1898 20 4
1898 4413 3
1898 7901 5
1898 8198 3
1898 3920 3
1898 9410 3
1898 4966 3
1898 9488 3
1899 6641 5
1899 1278 5
1899 1306 5
1899 7796 5
1899 4651 3
1899 759 3
1899 8547 4
1899 8556 3
1899 829 3
1899 1331 5
1899 723 5
1899 712 3
1899 323 3
1899 3465 5
1899 762 3
1899 7537 3
1899 3166 4
1899 10213 5
1899 9866 4
1899 4813 5
1899 6552 4
1899 2642 5
1900 1539 4
1900 196 3
1900 766 3
1900 5513 5
1900 174 1
1900 728 5
1900 792 5
1900 741 5
1900 323 3
1900 28 3
1900 1014 5
1900 699 5
1900 312 3
1900 4195 5
1900 217 5
1900 104 5
1900 9314 4
1900 1040 3
1900 6085 5
1901 762 4
1901 11259 4
1901 2298 4
1901 4950 5
1901 11260 4
1901 8459 3
1901 11261 5
1901 6204 3
1901 3211 4
1901 1741 5
1901 4916 4
1901 676 4
1901 1332 5
1902 2858 5
1902 3627 5
1902 1301 5
1902 1307 5
1902 5043 5
1902 4537 4
1903 3758 5
1903 10040 1
1903 309 4
1903 9511 1
1904 5083 4
1904 9819 5
1904 712 3
1904 4724 5
1904 762 5
1904 727 3
1904 829 3
1904 678 1
1904 772 5
1904 1981 5
1904 3263 5
1904 4467 5
1904 728 2
1904 4496 4
1904 5047 4
1904 1332 5
1905 1301 4
1905 1188 3
1905 531 5
1905 3406 3
1905 3441 4
1905 11191 5
1905 1136 5
1905 759 2
1905 2552 4
1905 3850 5
1905 4071 5
1905 2634 4
1905 728 2
1905 5800 5
1905 2980 3
1905 1312 4
1905 6601 5
1905 4548 2
1905 843 3
1905 11262 4
1905 7098 5
1905 4776 5
1906 3713 4
1906 167 5
1906 1403 1
1906 3435 2
1906 9719 4
1906 164 5
1907 11086 4
1907 8529 4
1907 8040 5
1907 4388 4
1907 3758 5
1907 323 3
1907 4969 5
1907 3787 5
1907 739 4
1907 5640 4
1907 11263 5
1907 5069 5
1908 327 1
1908 312 5
1908 309 5
1908 751 1
1908 1408 5
1908 8439 5
1909 7911 3
1909 740 4
1909 732 3
1909 6352 5
1909 609 5
1909 780 5
1909 8643 5
1909 5068 5
1909 2761 5
1909 1290 5
1909 4029 4
1909 3494 4
1909 6059 5
1909 8678 4
1909 889 1
1909 7374 5
1909 3974 5
1909 7382 5
1909 4243 1
1909 948 4
1909 9016 5
1909 196 5
1909 4744 5
1909 699 3
1910 1673 1
1910 6629 5
1910 313 3
1910 759 4
1910 288 3
1910 11080 3
1910 1304 1
1910 2552 4
1910 2405 5
1911 4694 5
1911 1842 5
1911 477 4
1911 7135 4
1911 5052 2
1912 6355 5
1912 7256 5
1912 8273 4
1912 2652 5
1912 4729 5
1912 2911 4
1912 2912 4
1912 1975 1
1912 9155 5
1912 7507 5
1912 1294 4
1912 3348 4
1912 4135 3
1912 671 3
1912 2244 4
1912 323 1
1912 837 5
1912 9171 4
1912 3979 3
1912 2700 5
1912 7969 5
1912 9759 5
1912 6906 4
1912 1275 1
1912 11264 3
1912 3274 4
1912 9247 5
1912 3203 5
1912 4105 3
1912 4099 5
1912 1274 5
1912 196 1
1912 4026 5
1912 4793 4
1912 772 5
1912 4285 5
1912 764 5
1912 792 5
1912 824 5
1912 4394 2
1912 4463 5
1912 3525 5
1912 4817 5
1912 738 5
1912 258 5
1912 4969 5
1912 9264 5
1912 1278 5
1912 313 5
1912 829 1
1912 8288 5
1912 11162 4
1912 5953 5
1913 1364 5
1913 2716 5
1913 5040 5
1914 7498 5
1914 1774 5
1914 3476 5
1914 4243 1
1914 11018 1
1914 7302 5
1914 9322 1
1914 4728 5
1914 4509 1
1914 3469 4
1914 728 5
1914 885 4
1914 1501 5
1914 1403 1
1915 2635 4
1915 2995 1
1915 2405 3
1915 6755 4
1915 11265 3
1915 2607 3
1915 10235 1
1915 10620 4
1915 6500 5
1915 1373 3
1915 395 5
1915 4383 3
1915 2582 4
1915 1136 4
1915 10246 5
1915 2555 2
1915 3506 1
1915 3790 4
1915 451 2
1915 2936 4
1915 2932 3
1915 504 3
1915 3579 5
1915 6662 5
1915 1505 4
1915 3762 5
1915 3390 1
1915 2661 2
1915 2665 2
1915 2678 2
1915 2281 4
1915 7203 4
1915 4818 3
1915 4548 2
1915 1220 4
1915 2589 2
1915 6846 4
1915 2277 4
1915 8317 5
1915 1429 4
1915 924 5
1915 4621 4
1915 1481 2
1915 2395 5
1915 8235 1
1915 4778 4
1915 2681 4
1915 3761 4
1915 8455 5
1915 3485 1
1915 8360 5
1915 4156 4
1915 2333 4
1915 4163 4
1915 8283 4
1915 6682 3
1915 8277 3
1915 577 5
1915 8847 4
1915 5933 4
1915 2941 5
1916 728 4
1916 766 4
1916 661 3
1916 6134 4
1916 4542 4
1916 7492 4
1917 3433 3
1917 5232 5
1917 6845 5
1917 9306 4
1917 4755 5
1917 6945 5
1917 2305 5
1917 738 5
1917 1988 5
1917 1275 1
1917 288 5
1917 305 4
1917 1281 4
1917 1279 3
1917 3533 4
1917 8425 5
1917 3950 4
1917 1260 5
1917 11213 5
1917 3084 4
1917 9674 3
1917 1682 5
1917 1343 3
1917 1328 5
1917 9473 1
1917 3556 5
1917 1272 4
1917 6666 5
1917 5331 5
1917 4275 4
1917 5623 3
1917 5082 5
1917 857 4
1917 309 5
1917 2467 5
1917 9168 4
1917 239 5
1917 5220 5
1917 9411 3
1917 4243 3
1918 4463 5
1918 11266 4
1918 6375 5
1919 2229 4
1919 1230 5
1919 2540 5
1919 7153 4
1919 3668 5
1919 7202 4
1919 2310 5
1919 3478 5
1919 8307 4
1919 1119 4
1919 9389 3
1919 3398 3
1919 722 5
1919 1180 4
1919 8351 5
1919 1178 2
1919 428 4
1919 2233 3
1919 11267 5
1919 6868 4
1919 1970 3
1919 2242 4
1919 6996 5
1919 9925 5
1919 6193 5
1919 7853 5
1919 10295 4
1919 6024 2
1919 6864 5
1919 11268 5
1919 11269 5
1919 3877 5
1919 10962 5
1919 766 3
1919 323 3
1919 1395 1
1919 2277 5
1919 695 3
1919 1318 3
1919 1773 3
1919 7816 5
1919 1481 1
1919 2304 1
1920 9151 5
1920 6807 5
1920 3610 4
1920 3540 2
1920 4492 5
1920 9310 5
1920 2854 4
1920 11213 4
1920 7925 4
1920 3856 1
1920 3556 5
1920 3533 4
1920 713 1
1920 11122 4
1920 1258 5
1920 11255 5
1920 6900 5
1920 8527 3
1920 3066 5
1920 4542 5
1920 6136 5
1920 9385 5
1921 323 5
1921 196 5
1921 5953 1
1921 312 5
1922 9042 5
1922 10126 4
1922 896 5
1922 3873 5
1922 759 5
1922 10401 3
1922 728 3
1922 258 5
1922 10192 5
1922 8930 4
1922 832 5
1922 3764 5
1923 8690 5
1923 5882 5
1923 8698 5
1923 5969 5
1923 2715 2
1923 3498 2
1923 4640 5
1923 934 5
1923 6138 4
1923 11270 5
1923 7483 4
1923 3252 5
1923 9658 4
1923 1340 5
1923 9210 2
1923 4412 5
1923 9104 4
1923 766 5
1923 3084 5
1923 8736 5
1923 1774 5
1923 1773 5
1923 728 5
1923 4116 4
1923 5040 4
1923 456 4
1923 5023 4
1923 179 5
1923 2352 4
1923 4686 5
1923 4065 5
1923 9380 3
1923 8577 5
1923 9363 5
1923 5049 5
1924 1312 5
1924 1037 5
1924 10271 4
1924 1262 5
1924 312 5
1924 3091 5
1924 1424 5
1924 2262 4
1924 792 5
1924 313 5
1924 4782 2
1924 1017 5
1924 1023 5
1924 1774 3
1924 1773 4
1924 10503 4
1924 3606 4
1924 728 3
1924 2323 5
1924 6129 5
1924 1779 4
1924 1639 5
1924 8310 5
1924 8309 2
1925 323 1
1925 1684 3
1925 4431 4
1925 1766 5
1925 738 5
1925 571 5
1925 735 1
1925 1998 5
1925 1958 5
1925 741 3
1925 174 5
1925 1774 5
1925 313 5
1925 10841 1
1925 1981 5
1925 2634 4
1925 7233 4
1925 1593 4
1925 1984 5
1925 7749 4
1925 4120 5
1925 10964 4
1925 309 3
1925 4983 4
1925 1314 5
1925 1764 4
1925 10525 5
1925 8203 4
1925 792 4
1925 7750 4
1925 1988 3
1925 706 4
1925 751 3
1925 780 4
1925 832 4
1925 2913 4
1925 6010 5
1925 276 5
1925 1395 3
1925 762 4
1925 704 3
1925 1379 4
1925 104 3
1925 740 3
1925 1343 3
1925 1968 4
1925 196 3
1925 4113 5
1925 312 3
1925 28 3
1925 732 3
1925 712 3
1925 829 3
1925 1414 1
1925 1277 5
1925 739 0
1925 3533 0
1925 699 5
1925 1682 0
1925 650 5
1925 1278 4
1925 1417 0
1925 610 5
1925 2655 1
1925 211 5
1925 2703 5
1925 2701 5
1925 3052 4
1925 2646 5
1925 3449 3
1926 4012 4
1926 9837 4
1926 2144 5
1926 1354 5
1926 2715 4
1926 9258 5
1927 814 5
1927 3738 5
1927 11178 3
1927 6652 1
1927 10716 5
1927 6141 5
1927 11271 5
1927 4173 5
1928 309 2
1928 2936 4
1928 731 2
1928 2715 5
1928 4919 4
1928 312 5
1928 2417 4
1928 11272 4
1928 6676 1
1928 3477 3
1928 3352 5
1928 540 5
1928 5428 5
1928 3102 5
1929 1382 4
1929 792 4
1929 4548 5
1929 9984 5
1929 1278 4
1929 2904 5
1929 741 4
1929 3432 4
1929 706 4
1929 1260 2
1929 2359 5
1929 323 1
1929 1275 3
1929 1460 4
1929 1395 4
1929 258 4
1929 1391 5
1929 718 4
1929 312 4
1929 712 4
1929 699 4
1929 4806 4
1929 5488 5
1929 11111 4
1929 704 4
1929 8992 4
1929 1884 1
1929 1927 4
1929 276 4
1929 313 4
1929 1682 4
1929 2400 5
1929 2655 3
1929 217 4
1929 3733 5
1929 3090 5
1929 650 5
1929 6623 3
1929 309 4
1929 8711 4
1930 843 4
1930 6837 5
1930 10196 5
1930 1374 5
1930 4865 5
1930 766 3
1930 728 3
1930 323 5
1930 4071 3
1930 8339 5
1930 8839 3
1930 1017 5
1930 4709 4
1930 10854 3
1930 8426 5
1930 5141 5
1930 5142 5
1931 1314 5
1931 3555 1
1931 1263 5
1931 4310 3
1931 3491 1
1931 741 3
1931 4053 4
1931 1278 3
1931 82 5
1931 704 3
1931 712 5
1931 2581 4
1931 5249 4
1931 278 1
1931 104 5
1931 740 1
1931 829 5
1931 738 5
1931 772 5
1931 309 5
1931 7030 4
1931 728 2
1931 276 3
1931 7523 5
1931 9050 5
1931 2846 4
1931 3083 4
1931 3711 1
1931 4940 4
1931 313 5
1931 211 5
1931 1275 1
1931 2611 5
1931 1377 3
1931 792 5
1931 1958 1
1931 2655 1
1931 1277 5
1931 1414 1
1932 4856 4
1932 765 4
1932 1771 5
1932 10237 3
1932 4252 3
1932 3236 4
1932 3466 4
1932 3627 2
1932 9456 4
1932 1331 5
1932 1314 3
1932 1359 4
1932 3262 5
1932 8098 4
1932 278 5
1932 3000 4
1932 704 1
1932 4299 5
1932 8883 5
1932 276 1
1932 4681 5
1932 164 5
1932 2953 5
1932 1467 5
1932 728 5
1932 7512 5
1932 7508 4
1932 5341 5
1932 309 5
1932 3951 4
1932 1675 5
1933 5716 5
1933 11252 5
1933 2716 3
1933 6682 4
1934 313 4
1934 4324 4
1934 8186 5
1934 276 3
1934 829 3
1934 309 4
1934 10849 4
1934 9629 4
1934 9663 3
1934 4552 3
1934 9506 2
1934 1433 4
1935 5257 2
1935 1773 4
1935 9982 5
1935 8778 5
1935 5334 5
1935 1276 5
1935 8884 4
1935 8952 5
1935 7933 1
1935 8655 5
1935 740 5
1935 196 5
1935 6692 5
1935 4875 5
1935 5639 5
1935 2940 5
1936 5261 5
1936 1278 5
1936 4795 5
1936 7600 5
1936 9972 4
1936 1902 5
1937 2405 2
1937 3203 5
1937 759 4
1937 1901 4
1937 4731 4
1937 650 5
1937 4981 4
1937 2139 4
1937 5054 3
1937 3197 5
1937 6875 4
1937 8952 3
1937 3720 3
1937 6560 3
1937 1629 4
1937 5613 4
1937 3184 4
1937 720 4
1937 787 4
1937 9198 5
1937 9833 4
1937 3025 4
1937 5544 4
1937 2158 5
1937 24 4
1937 4793 3
1937 2917 4
1937 11273 5
1937 5027 4
1937 773 5
1937 9042 4
1937 9279 4
1937 11274 4
1937 9708 4
1937 4825 5
1937 1667 4
1938 104 5
1938 1773 5
1938 766 5
1938 1775 5
1938 2712 5
1938 4781 2
1938 728 5
1938 2713 5
1938 10046 5
1939 935 2
1939 8409 5
1939 2045 3
1939 2963 4
1939 201 5
1940 11203 4
1940 5979 5
1940 766 1
1940 843 4
1940 2591 4
1940 104 2
1940 6676 1
1940 323 5
1940 11262 3
1940 9534 4
1940 1328 5
1940 5833 4
1940 4192 4
1940 8423 4
1940 4618 3
1940 9531 5
1940 9889 4
1940 1959 5
1940 5346 5
1940 9500 1
1940 4194 5
1940 1408 5
1940 5051 5
1940 1978 5
1940 5328 5
1940 11275 5
1940 1417 5
1940 9136 5
1940 11019 4
1940 6548 5
1941 7208 5
1941 5457 5
1941 9307 5
1941 738 5
1941 312 5
1941 276 5
1941 8904 5
1941 766 5
1941 1682 5
1941 728 5
1941 6332 3
1941 327 5
1941 5053 4
1941 8652 3
1941 2468 5
1942 3305 4
1942 7652 4
1942 3666 4
1942 218 4
1942 5046 4
1942 4196 4
1942 891 4
1942 11276 3
1942 9056 4
1942 297 4
1942 8582 4
1942 919 4
1942 5409 5
1942 4159 4
1942 9559 5
1942 8594 4
1943 4753 4
1943 312 4
1943 5797 4
1943 4767 4
1943 1331 4
1943 1642 4
1943 710 4
1943 3428 3
1943 740 4
1943 9568 5
1943 7486 3
1943 11091 5
1943 28 4
1943 1395 4
1943 4100 4
1943 2754 5
1943 832 4
1943 699 4
1943 196 4
1943 732 5
1943 217 4
1943 712 4
1943 739 5
1943 314 4
1943 2917 4
1943 9053 1
1943 323 5
1943 276 4
1943 309 4
1943 211 5
1943 891 5
1943 2144 5
1944 650 5
1944 276 5
1944 10579 5
1944 3263 5
1944 712 5
1944 916 5
1944 4931 5
1945 10167 5
1945 4715 5
1945 309 5
1945 2048 5
1945 211 5
1945 2091 5
1945 7208 5
1945 1455 5
1945 7710 4
1945 1467 4
1945 6441 5
1945 5028 5
1945 1049 4
1946 323 3
1946 5004 4
1946 3449 3
1946 953 5
1946 706 5
1946 313 3
1946 5663 5
1946 741 3
1946 104 3
1946 10017 4
1946 9182 5
1946 3977 4
1946 5740 5
1946 309 3
1946 5993 4
1946 1427 4
1946 8169 3
1946 732 3
1946 728 3
1946 3420 5
1946 10561 4
1946 4676 5
1946 84 5
1947 3300 4
1947 10797 4
1947 9283 4
1947 3452 4
1947 671 4
1947 8379 5
1947 4301 5
1947 2082 5
1947 3708 4
1947 7201 5
1947 9647 4
1947 9660 3
1947 716 5
1947 6275 4
1947 769 4
1947 792 2
1947 1278 5
1947 1515 3
1947 1037 5
1947 1326 5
1947 258 5
1947 317 5
1947 9050 5
1947 278 3
1947 3902 5
1947 712 5
1947 1395 5
1947 762 5
1947 8535 5
1947 104 5
1947 1260 1
1947 4542 4
1947 8631 5
1947 895 5
1947 309 5
1947 3000 5
1947 3083 5
1947 276 5
1947 5568 5
1947 1366 4
1947 3465 4
1947 313 5
1947 3008 4
1947 2616 5
1947 1275 1
1947 7764 1
1947 3005 5
1947 4647 2
1947 3925 1
1947 5087 2
1947 4394 2
1948 323 5
1948 28 5
1948 699 5
1948 706 5
1948 309 5
1948 5994 5
1948 196 3
1948 5125 5
1948 780 1
1948 305 3
1948 3959 3
1948 717 3
1948 7600 5
1949 4841 5
1949 5119 5
1949 3827 5
1949 739 4
1949 857 4
1949 309 5
1949 772 5
1949 824 5
1949 8531 4
1949 3035 5
1949 3449 3
1949 706 5
1949 1332 5
1949 764 3
1949 3123 3
1949 5008 5
1949 3313 3
1949 5644 3
1949 8462 4
1949 1029 3
1950 3535 1
1950 4090 5
1950 1570 5
1950 242 5
1950 10307 2
1950 6353 5
1950 1003 1
1950 1604 5
1950 97 5
1950 3084 5
1950 234 5
1950 5792 5
1950 4567 4
1950 4047 4
1951 4338 5
1951 8108 4
1951 7916 4
1951 7026 5
1951 309 5
1951 8807 3
1951 10389 5
1951 8014 3
1951 6456 5
1951 7848 5
1951 311 5
1951 10394 4
1951 9755 5
1951 6879 4
1951 4504 4
1951 274 5
1951 3959 5
1951 699 3
1951 5665 3
1951 7990 5
1951 6467 4
1951 712 3
1951 750 5
1951 1682 5
1951 11277 5
1951 780 5
1951 10652 4
1951 10708 5
1951 9420 5
1951 8290 5
1951 6988 5
1951 1745 3
1951 2843 5
1951 4202 4
1951 5416 4
1951 7614 5
1951 3314 2
1951 4370 5
1951 9577 3
1952 323 3
1952 309 5
1952 288 4
1952 5611 4
1952 8726 4
1952 8118 5
1952 8728 4
1952 5257 3
1952 5118 4
1953 9056 4
1953 9652 5
1953 196 5
1953 4117 5
1954 8789 2
1954 11278 2
1954 10660 4
1954 3000 5
1954 926 5
1954 5328 5
1954 4792 5
1954 9266 1
1955 323 4
1955 312 5
1955 739 5
1955 753 5
1955 9687 4
1955 4193 5
1955 309 5
1955 1998 5
1955 1260 4
1955 4116 4
1955 211 5
1955 3702 5
1955 5644 2
1955 1959 5
1955 5769 5
1955 3084 4
1955 3449 5
1955 934 5
1955 747 5
1955 3530 5
1956 10106 5
1956 117 4
1956 77 1
1956 7118 5
1956 11067 5
1956 8745 3
1956 9411 2
1956 327 3
1956 5489 3
1956 855 5
1956 943 3
1957 1395 5
1957 3270 5
1957 258 5
1957 792 5
1957 312 5
1957 9964 5
1957 1275 1
1957 1355 5
1957 309 4
1957 9684 5
1957 5441 3
1957 5417 3
1957 4333 5
1958 6275 4
1958 891 5
1958 1408 5
1958 4772 4
1958 728 3
1958 699 4
1958 9661 5
1958 77 5
1958 740 4
1958 5603 5
1958 3014 4
1958 4513 4
1958 3316 5
1958 9059 5
1958 1960 5
1958 4056 5
1958 3294 2
1959 2924 5
1959 4889 5
1959 4782 5
1959 28 4
1959 3465 4
1959 75 3
1959 4094 4
1959 9605 3
1959 10083 5
1959 10728 5
1959 7383 5
1959 783 4
1959 7744 5
1959 4280 5
1959 10660 4
1959 2683 5
1959 309 5
1959 6664 2
1959 2916 5
1959 4850 5
1959 10394 5
1959 1973 5
1959 4257 5
1959 940 4
1959 3507 5
1960 309 3
1960 3044 3
1960 4713 5
1960 808 4
1960 699 3
1960 1263 5
1960 5906 4
1960 2461 5
1960 4380 5
1960 11279 1
1960 7241 5
1961 739 4
1961 3090 4
1961 4821 4
1961 934 4
1961 196 4
1961 5350 4
1961 4919 4
1961 3146 4
1962 3563 1
1962 1412 5
1962 889 2
1962 312 5
1962 217 5
1962 739 3
1962 650 5
1962 10353 5
1962 4287 5
1962 712 5
1962 313 5
1962 710 5
1962 28 4
1962 704 5
1962 707 4
1962 738 4
1962 699 4
1962 2836 5
1962 276 5
1962 309 5
1962 10020 5
1962 740 5
1962 258 5
1962 5643 3
1962 5196 3
1962 11280 5
1962 10406 3
1962 2701 4
1962 5041 3
1963 2703 4
1963 9254 3
1963 5418 4
1963 4619 4
1963 1682 4
1963 3533 5
1963 11281 5
1963 6130 3
1963 2745 5
1964 640 1
1964 832 5
1964 217 4
1964 1773 5
1964 323 5
1964 258 3
1964 4072 1
1964 28 3
1964 728 5
1964 9468 4
1964 309 4
1965 323 1
1965 1548 1
1965 327 4
1965 4689 5
1965 759 4
1965 28 5
1965 1418 1
1965 829 1
1965 104 3
1965 728 3
1965 2909 2
1965 1395 1
1965 735 3
1965 640 2
1965 8059 2
1965 710 1
1965 792 3
1965 288 2
1965 4742 3
1965 843 3
1965 4275 2
1965 196 5
1965 772 4
1965 312 1
1965 4944 2
1965 313 1
1965 258 1
1965 3758 4
1965 832 5
1965 4758 1
1965 276 3
1965 574 2
1965 650 5
1965 712 4
1965 305 3
1965 1607 1
1965 741 4
1965 3889 5
1965 6360 1
1965 762 5
1965 5639 5
1965 7734 2
1965 757 4
1965 1275 2
1965 8652 1
1965 4277 1
1965 184 2
1965 3465 4
1966 309 5
1966 3884 5
1966 8034 5
1966 5052 4
1967 10007 4
1967 242 5
1967 309 3
1967 905 4
1968 650 5
1968 4338 5
1968 1278 5
1968 1939 5
1968 1979 5
1968 4041 5
1968 5084 5
1968 5349 5
1968 309 5
1968 258 4
1968 2158 5
1968 816 5
1968 313 5
1969 9480 5
1969 7016 4
1969 1351 5
1969 1757 4
1969 9553 4
1969 1551 5
1969 6581 5
1969 6523 4
1969 323 5
1969 216 5
1969 3315 5
1969 850 5
1969 4723 3
1969 303 5
1969 9722 3
1969 770 5
1969 8891 5
1969 4059 4
1969 4986 5
1969 25 5
1969 11282 3
1969 8785 5
1969 8208 4
1969 3922 5
1969 9737 4
1969 9410 4
1969 10074 4
1969 5783 5
1969 297 4
1969 9174 4
1969 8657 4
1969 1985 4
1969 308 5
1969 6946 5
1969 717 5
1969 9735 4
1969 1629 4
1969 11149 4
1969 6586 4
1969 5833 5
1969 5016 4
1969 4091 4
1969 9666 4
1969 6747 2
1969 284 3
1969 5481 4
1969 1049 4
1969 6707 4
1969 10173 5
1969 790 3
1969 5121 4
1970 9401 4
1970 297 5
1970 833 5
1970 8785 5
1970 303 5
1970 2962 5
1970 198 4
1970 1768 4
1970 5249 4
1971 10392 2
1971 4839 4
1971 719 5
1971 1464 4
1971 28 5
1971 11235 5
1971 327 4
1972 4260 4
1972 11283 3
1972 7016 2
1972 2759 5
1972 4531 3
1972 4208 4
1972 76 4
1972 1813 4
1972 550 4
1972 8808 5
1973 1984 3
1973 772 5
1973 650 5
1973 276 5
1973 305 4
1973 285 5
1973 217 3
1973 9163 5
1973 6395 5
1973 718 5
1973 948 5
1973 1320 5
1973 1991 5
1973 9205 5
1973 759 5
1973 1403 1
1973 313 3
1973 196 1
1973 3270 5
1973 780 1
1973 4047 5
1973 8384 1
1973 5404 5
1974 276 5
1974 5524 4
1974 836 1
1974 10673 1
1974 722 5
1974 1660 5
1974 712 4
1974 832 5
1974 196 5
1975 4774 5
1975 2715 5
1975 9247 5
1975 5473 4
1975 2747 5
1975 1463 4
1975 211 5
1975 3606 5
1975 3498 3
1975 3810 5
1975 7712 4
1976 11284 4
1976 5116 5
1976 11285 5
1976 276 5
1976 4243 3
1976 3100 4
1976 11286 5
1977 843 5
1977 1982 5
1977 1047 5
1977 977 3
1977 934 5
1977 1428 5
1977 5564 5
1977 1422 2
1977 866 4
1977 23 5
1977 751 3
1977 2807 3
1977 759 3
1977 1602 5
1977 1852 5
1977 1939 5
1977 11287 5
1977 5092 3
1977 2940 4
1977 10837 2
1977 309 5
1977 640 1
1977 4076 5
1977 2705 5
1977 762 5
1977 9582 3
1977 4923 5
1977 1332 5
1977 1004 1
1977 224 3
1977 8375 5
1977 7502 5
1977 4514 5
1977 10551 5
1977 257 3
1977 8745 5
1977 2655 5
1977 1869 5
1977 10292 4
1977 2158 5
1978 276 2
1978 1981 5
1978 3149 4
1978 5215 4
1978 1395 5
1978 7600 5
1978 217 1
1978 9250 4
1978 3226 4
1978 762 5
1978 104 5
1978 2461 5
1978 3506 2
1978 4782 4
1978 3359 5
1978 734 5
1978 5242 4
1978 735 5
1978 4135 4
1978 7244 2
1978 4388 4
1978 1832 4
1978 4008 4
1978 305 3
1978 309 5
1978 4298 5
1978 9370 5
1978 309 5
1978 312 5
1978 3131 4
1978 4417 4
1978 4314 5
1978 761 5
1978 4726 1
1978 3315 4
1978 196 1
1978 8943 5
1978 7880 4
1978 753 5
1978 775 3
1978 772 5
1978 4506 2
1978 313 2
1978 5215 5
1979 4737 4
1979 5248 3
1979 4582 5
1979 6566 3
1979 4673 2
1979 28 5
1979 323 4
1979 7471 2
1979 3107 4
1979 780 2
1979 9019 4
1979 10242 4
1979 5012 5
1979 4676 5
1979 7483 4
1979 3776 2
1979 1274 5
1979 2998 2
1979 5627 3
1979 5553 5
1980 10381 4
1980 5597 5
1980 3550 5
1980 877 5
1980 5768 1
1980 1041 4
1980 5023 5
1980 3764 3
1981 6399 5
1981 5539 3
1981 4256 5
1981 1735 4
1981 8450 5
1981 9311 5
1981 10693 5
1982 1310 3
1982 10468 4
1982 4297 4
1982 2152 4
1982 740 1
1982 3491 2
1982 8555 2
1982 217 5
1982 700 5
1982 4755 5
1982 7373 1
1982 5676 4
1982 70 3
1982 11044 4
1982 1278 5
1982 3495 5
1982 1328 5
1982 1444 5
1982 10448 4
1982 5614 2
1982 4135 5
1982 196 5
1982 9999 4
1982 2754 4
1982 5028 5
1982 11288 2
1982 3447 5
1982 10416 4
1982 732 5
1982 1418 3
1982 4231 4
1982 10018 4
1982 211 5
1982 979 5
1982 7734 2
1982 1544 4
1982 4240 4
1982 276 5
1982 5216 3
1982 278 1
1982 6426 4
1982 739 5
1982 104 1
1982 1395 3
1982 326 5
1982 288 5
1982 1458 5
1982 5543 4
1982 759 5
1982 8 4
1982 323 5
1982 258 5
1982 3448 5
1982 3627 4
1982 313 2
1982 734 5
1982 4675 2
1982 7632 3
1982 5331 4
1982 308 5
1982 1350 5
1982 2698 1
1982 3884 5
1982 9345 3
1982 11093 4
1982 9214 5
1982 2669 5
1982 3395 5
1982 1439 5
1982 4203 4
1982 1385 1
1982 780 1
1982 4860 2
1982 5048 2
1982 5833 4
1983 87 5
1983 4920 5
1983 9901 5
1983 8185 5
1983 10201 2
1983 5550 1
1983 9095 1
1984 8587 4
1984 8578 4
1984 8370 5
1984 3093 2
1984 1277 5
1984 2048 4
1984 858 5
1984 8415 3
1984 740 2
1984 1402 1
1984 10078 3
1984 5890 5
1984 4080 4
1984 5030 3
1984 3060 5
1984 3627 2
1984 5406 4
1984 4058 4
1984 5617 5
1984 842 5
1984 9939 5
1984 9281 3
1984 8056 5
1984 3704 5
1984 2495 3
1984 1501 5
1984 7577 5
1984 2019 4
1984 7350 5
1984 9088 4
1984 11289 2
1985 640 1
1985 732 5
1985 28 1
1985 762 5
1985 843 5
1985 312 2
1985 1939 5
1985 832 1
1985 323 5
1985 1275 5
1985 10302 5
1985 7444 5
1985 5045 5
1985 925 5
1985 842 5
1985 2095 5
1985 10603 5
1985 8500 2
1985 9564 5
1986 1476 3
1986 3533 4
1986 4194 5
1986 726 5
1986 211 4
1986 3123 4
1986 309 3
1987 772 4
1987 4919 4
1987 11290 4
1987 9752 4
1988 1501 3
1988 1939 4
1988 732 3
1988 4287 3
1988 1884 3
1988 309 3
1988 9174 5
1988 164 4
1988 3455 5
1988 4516 5
1988 2996 5
1988 323 5
1988 1414 3
1988 3736 3
1988 148 5
1988 1313 5
1988 1422 4
1988 824 5
1988 4185 5
1988 3263 5
1988 1275 4
1988 6036 5
1988 6516 5
1988 1418 5
1988 1332 4
1989 8288 5
1989 8300 5
1989 2501 2
1989 3075 3
1989 88 4
1989 772 5
1989 3992 5
1989 8658 5
1989 8879 5
1989 174 5
1989 196 5
1989 276 5
1989 5549 3
1989 8602 4
1989 217 5
1989 1278 5
1989 8450 5
1989 2082 3
1989 4714 3
1989 1345 5
1989 738 4
1989 6121 4
1989 28 5
1989 6572 3
1989 1062 5
1989 739 4
1989 741 5
1989 3418 4
1989 323 5
1989 3773 5
1989 775 5
1989 6110 3
1989 1263 5
1989 4080 5
1989 931 3
1989 787 3
1989 8714 4
1989 1397 5
1989 4135 4
1989 5112 5
1989 716 3
1989 4721 5
1989 270 4
1989 1422 2
1989 10088 1
1989 5345 5
1989 759 1
1989 6388 5
1989 1420 3
1989 4262 5
1989 3263 5
1989 9326 5
1989 6427 4
1989 9677 2
1989 5994 4
1989 1458 2
1989 11291 5
1989 9759 5
1989 8688 5
1989 9395 5
1989 10077 4
1989 2095 4
1989 8816 4
1989 2718 4
1989 861 5
1989 9485 5
1989 326 5
1989 11292 3
1989 6370 5
1989 7495 4
1989 10781 5
1989 8185 5
1989 5773 2
1989 917 3
1989 4345 3
1989 925 4
1989 11293 5
1989 6587 5
1989 5383 2
1989 1067 1
1989 9648 5
1989 992 5
1989 11217 5
1989 9777 3
1989 8396 5
1989 10544 5
1989 3138 4
1989 5393 4
1989 1524 5
1989 10438 5
1989 10859 5
1989 10039 4
1989 920 4
1989 4698 3
1989 5466 5
1989 4604 4
1989 6577 4
1989 9629 5
1989 11294 4
1989 6564 5
1989 10183 3
1989 901 4
1989 9944 5
1989 5003 4
1989 9825 5
1989 5228 5
1989 8874 1
1989 5643 4
1989 3085 5
1989 8498 3
1989 9768 4
1989 5482 2
1989 3904 4
1989 5739 5
1989 978 4
1989 814 3
1989 4385 5
1989 11295 3
1989 1051 3
1989 979 5
1989 9857 2
1989 934 4
1989 900 5
1989 10858 5
1989 10247 4
1989 1028 5
1989 10845 4
1989 975 3
1989 9440 2
1989 4633 2
1989 6626 3
1989 3755 5
1989 10908 5
1989 3927 3
1989 9866 4
1989 5126 4
1989 9617 3
1989 9807 3
1989 10288 3
1989 1052 3
1989 5092 4
1989 4707 4
1989 3801 4
1989 4707 4
1989 3943 4
1989 11296 3
1989 11297 3
1989 218 5
1989 11298 3
1989 10678 5
1989 8495 3
1989 4292 4
1989 1465 3
1989 2746 4
1989 1452 5
1989 11298 5
1989 8752 4
1989 1440 5
1989 2746 4
1989 3208 4
1989 10506 3
1989 10633 3
1989 857 5
1989 5381 4
1989 4364 3
1989 1440 4
1989 7550 5
1989 10247 3
1989 5365 3
1989 8063 4
1989 876 3
1989 2305 3
1989 812 5
1989 10393 4
1989 5020 3
1989 981 2
1989 2722 4
1989 11299 3
1989 10783 2
1989 3784 5
1989 10923 4
1989 8362 4
1989 4634 3
1989 5390 4
1989 5733 3
1989 5228 4
1989 1526 5
1989 3756 3
1989 5184 3
1989 9952 5
1989 3089 4
1989 11051 5
1989 2045 1
1989 1025 3
1989 5127 4
1989 3619 2
1989 10875 2
1989 1078 2
1989 5229 4
1989 7519 5
1989 7535 4
1989 9751 5
1989 3744 3
1989 4400 4
1989 10289 4
1989 3936 4
1989 11299 4
1989 11299 5
1989 9740 2
1989 5510 4
1989 10110 4
1989 4526 4
1989 1061 3
1989 11300 4
1989 7364 4
1989 1280 5
1989 7734 5
1989 3447 1
1989 1940 5
1989 3444 4
1989 3469 3
1989 9651 4
1989 7888 5
1989 10491 3
1989 10056 4
1989 11301 5
1989 9830 4
1989 5733 3
1989 3826 2
1989 10463 4
1989 8729 5
1989 9751 4
1989 5851 3
1989 3739 5
1989 1559 5
1989 10437 2
1989 3949 2
1989 3748 5
1989 10701 5
1989 9821 5
1989 10471 3
1989 5058 3
1989 9617 3
1989 11302 2
1989 11303 4
1989 10494 4
1989 3913 4
1989 3094 4
1989 5229 4
1990 258 3
1990 2279 5
1990 1535 3
1990 2667 3
1990 1967 3
1990 7863 5
1990 673 5
1990 781 5
1990 549 5
1990 546 4
1990 832 5
1990 2911 5
1990 762 5
1990 10692 5
1990 5581 5
1990 4594 5
1990 669 4
1990 1219 4
1990 5759 5
1990 11304 4
1990 167 5
1990 11199 5
1990 8864 4
1990 609 5
1990 4607 4
1990 650 5
1990 843 5
1990 728 5
1990 1452 5
1990 2236 4
1990 4159 5
1990 4596 5
1990 772 5
1990 3146 5
1990 1986 5
1990 4164 5
1990 1821 5
1990 3263 5
1990 4818 4
1990 738 5
1990 3142 5
1990 1520 4
1990 695 5
1990 4628 5
1990 6652 4
1990 1405 5
1990 9314 5
1990 5686 5
1990 1774 5
1990 5934 5
1990 3890 5
1990 1772 5
1990 1773 5
1990 1278 5
1990 1273 5
1990 4735 5
1990 712 5
1990 10553 5
1990 3287 4
1990 900 5
1990 10556 4
1990 3880 5
1990 323 5
1990 985 5
1990 9102 5
1990 11305 4
1990 1375 2
1990 5350 5
1990 313 5
1990 196 5
1990 1370 4
1990 755 5
1990 305 5
1990 766 5
1990 655 3
1990 309 5
1990 104 5
1990 309 5
1990 203 5
1990 4499 5
1990 2700 4
1990 540 5
1990 4844 5
1990 8063 5
1990 8688 5
1990 934 4
1990 5985 4
1991 1260 4
1991 727 4
1991 10339 4
1991 829 4
1991 832 4
1991 28 4
1991 309 4
1991 276 4
1991 762 4
1991 312 3
1991 712 3
1991 753 4
1991 759 3
1991 323 4
1991 258 2
1991 1263 4
1991 824 3
1991 1395 3
1991 313 3
1991 104 3
1991 8141 4
1991 766 3
1991 196 3
1991 772 3
1991 211 4
1991 3263 5
1991 3553 5
1991 1332 5
1991 1386 4
1992 6121 5
1992 2754 5
1992 8260 5
1992 5274 5
1992 1779 3
1992 6620 2
1992 1444 1
1992 305 4
1992 1049 5
1992 5150 5
1992 10877 2
1992 744 4
1992 309 5
1992 3435 5
1992 8527 3
1992 5799 2
1992 327 3
1992 5489 3
1992 786 5
1992 306 5
1992 1403 1
1992 7494 5
1992 9714 5
1992 4723 4
1992 4715 4
1992 4773 3
1992 2931 5
1992 3600 5
1992 3974 5
1992 4280 5
1992 4155 5
1992 4275 2
1992 6295 5
1993 302 2
1993 1049 4
1993 3985 4
1993 309 5
1993 5667 1
1993 8208 5
1993 5306 4
1993 6397 2
1993 10919 4
1993 3585 1
1993 2701 5
1993 5597 4
1993 1517 4
1993 5733 3
1993 3627 3
1993 4056 4
1993 10781 4
1993 5938 3
1993 1733 3
1993 10441 2
1993 947 3
1993 10444 4
1993 8578 4
1994 5116 4
1994 3611 4
1994 10687 5
1994 3770 3
1995 309 5
1995 9394 4
1995 3891 3
1995 4858 3
1996 312 5
1996 6073 5
1996 326 5
1996 4208 5
1996 10193 5
1996 8043 3
1996 2917 4
1996 3735 5
1996 865 5
1996 275 5
1996 164 5
1996 4454 5
1996 886 1
1996 1777 5
1996 5924 4
1996 7805 5
1996 8893 5
1996 276 5
1997 716 4
1997 5654 5
1997 8563 4
1997 6397 4
1997 944 1
1997 1403 2
1997 934 4
1997 8293 4
1997 9207 1
1998 1403 1
1998 1779 4
1998 309 5
1998 11153 5
1998 7497 5
1998 3352 4
1998 3428 2
1998 3480 4
1998 5040 4
1998 4617 5
1998 9968 1
1998 323 3
1998 5002 4
1998 11073 4
1998 1442 5
1998 3444 5
1998 9307 4
1998 3985 3
1998 274 3
1998 11306 4
1998 2651 3
1998 9342 4
1998 10011 5
1998 11307 2
1998 9559 5
1998 10254 5
1998 5353 5
1998 9023 3
1998 8761 5
1998 5658 5
1998 9624 5
1998 1439 4
1998 10181 5
1998 8316 5
1998 3616 1
1998 10386 4
1998 9735 4
1998 1481 3
1998 5320 4
1998 1876 4
1998 11308 5
1998 8043 2
1998 4888 4
1998 5739 5
1998 920 5
1998 9218 5
1998 10956 4
1998 9560 4
1998 4634 3
1998 10805 5
1998 5312 4
1998 10340 3
1998 1493 4
1998 10494 5
1998 10097 5
1998 4386 4
1998 11119 1
1998 1457 4
1998 9296 2
1998 963 5
1998 9784 4
1998 9411 3
1998 11309 4
1998 8292 5
1998 3627 2
1998 3393 5
1998 934 5
1998 3801 5
1998 8681 4
1998 1511 3
1998 10967 4
1998 2152 4
1998 9094 5
1998 8970 5
1998 8394 5
1998 8964 3
1998 5854 4
1998 10265 2
1998 3252 5
1998 1425 5
1998 10185 1
1998 7520 5
1998 7525 5
1998 4673 1
1998 9771 3
1998 3469 2
1998 8493 3
1998 10470 5
1998 990 4
1998 10523 5
1998 11302 4
1998 9446 4
1998 1526 4
1998 5327 1
1998 5616 5
1998 3949 3
1998 5353 5
1999 309 5
1999 313 5
1999 5107 1
1999 7602 4
1999 4105 5
1999 1332 5
1999 3252 4
1999 8187 5
1999 10761 5
1999 4802 5
1999 762 5
1999 63 5
1999 1391 1
1999 4566 4
1999 211 5
1999 868 4
1999 1385 5
1999 3450 1
1999 4294 5
1999 4427 5
1999 4863 5
2000 11310 5
2000 8491 4
2000 2744 5
2001 1395 3
2001 650 5
2001 10665 4
2001 1331 5
2001 10946 3
2001 4077 5
2001 7938 5
2001 5255 4
2001 278 5
2001 4393 5
2001 1013 5
2001 196 5
2001 4887 3
2001 4054 3
2001 309 3
2001 8736 4
2001 740 5
2001 762 5
2001 9432 3
2001 10100 3
2001 5781 5
2001 312 1
2001 4114 5
2001 11290 5
2001 704 3
2001 7565 5
2001 5614 4
2001 104 5
2001 1403 1
2001 5433 4
2001 7750 4
2001 753 5
2001 832 5
2001 2089 1
2001 3000 5
2001 1275 1
2001 4978 2
2001 148 5
2002 4686 5
2002 6500 4
2002 1377 3
2002 10515 4
2002 10310 4
2002 4844 3
2002 4551 3
2002 2634 3
2002 4257 1
2002 448 3
2002 276 1
2002 1311 3
2002 258 4
2002 807 2
2002 2244 5
2002 1275 1
2002 1352 5
2002 5850 4
2002 1316 5
2002 5355 4
2002 474 3
2002 8762 4
2002 3837 2
2002 2340 2
2002 934 5
2002 3166 3
2002 4784 3
2002 9132 4
2002 1442 3
2002 867 5
2002 3579 5
2003 306 5
2003 9401 5
2003 9536 1
2003 9341 5
2003 107 4
2003 237 2
2003 1393 5
2004 832 3
2004 323 1
2004 3263 5
2004 762 5
2004 312 1
2005 727 1
2005 3115 3
2005 3203 4
2005 3476 3
2005 1365 5
2005 1754 3
2005 11137 4
2005 1692 3
2005 979 5
2005 5450 5
2005 3556 3
2005 9249 5
2005 1675 5
2005 739 5
2005 5471 4
2005 792 3
2005 735 4
2005 5572 4
2005 829 5
2005 11176 5
2005 712 3
2005 8820 3
2005 1325 3
2005 766 3
2005 3306 4
2005 104 1
2005 740 3
2005 2755 4
2005 780 3
2005 5206 3
2005 762 3
2005 1240 3
2005 196 3
2005 10327 4
2005 1994 3
2005 1274 3
2005 10673 4
2005 1387 3
2005 3315 4
2005 1275 3
2005 312 1
2005 5084 5
2005 1441 3
2005 5575 4
2005 276 2
2005 1399 1
2005 3005 2
2005 716 3
2005 8286 3
2005 1403 5
2005 1332 5
2005 6562 4
2005 706 5
2005 1422 1
2005 5348 1
2005 211 1
2005 1395 1
2005 288 3
2005 323 1
2005 10830 4
2005 1349 4
2005 10832 3
2005 8606 4
2005 843 5
2005 10857 5
2005 992 5
2005 258 5
2005 313 5
2005 2698 5
2005 3893 4
2005 9396 5
2005 9393 5
2005 787 4
2005 8118 5
2005 934 5
2005 4722 5
2005 8662 5
2005 4682 5
2005 913 5
2005 5464 5
2005 978 3
2005 11311 5
2005 4634 4
2006 5561 5
2006 4984 3
2006 188 5
2006 5697 5
2006 5202 4
2006 3584 4
2006 4874 3
2007 6488 5
2007 7842 5
2007 11312 5
2008 3556 5
2008 8043 2
2008 9688 5
2008 3469 4
2008 9290 4
2008 5161 2
2008 4561 1
2008 975 4
2009 9303 5
2009 735 4
2009 732 4
2009 313 4
2009 196 5
2009 211 4
2009 4758 1
2009 762 5
2009 7553 4
2009 1260 1
2009 1267 2
2009 323 5
2009 728 5
2009 6577 4
2009 9411 2
2009 1001 5
2009 4629 2
2009 258 4
2009 5845 5
2010 1668 1
2010 2149 4
2010 706 3
2010 196 3
2010 1918 5
2010 11080 5
2010 28 3
2010 1912 5
2010 610 3
2010 1260 3
2010 738 3
2010 832 3
2010 739 3
2010 208 3
2010 276 3
2010 3311 4
2010 734 5
2010 735 3
2010 5249 2
2010 1275 1
2010 323 4
2010 726 4
2010 751 5
2010 309 4
2010 309 5
2010 313 5
2010 1767 4
2010 312 5
2010 2042 4
2010 1682 4
2010 24 4
2010 741 5
2010 1414 1
2010 5697 4
2010 211 4
2010 589 5
2010 7490 3
2010 8380 5
2011 104 3
2011 288 3
2011 309 5
2011 8983 5
2011 1779 5
2011 1682 5
2011 488 5
2011 762 3
2011 1408 5
2011 1414 1
2011 10553 5
2011 11081 5
2011 211 4
2011 5611 3
2011 9500 4
2011 11313 5
2011 3948 3
2012 829 5
2012 1724 3
2012 95 5
2012 323 5
2012 3450 4
2012 1332 2
2012 5156 5
2012 5092 5
2012 5640 4
2012 7450 5
2012 574 5
2012 5377 5
2012 5081 5
2013 8439 5
2013 3108 3
2013 3787 3
2013 8372 5
2013 5379 5
2013 5579 4
2013 3937 3
2013 3146 4
2013 2679 4
2013 2748 3
2013 2753 5
2013 11314 3
2013 8440 4
2013 3462 4
2013 8439 5
2013 8128 4
2013 8798 3
2013 2712 3
2013 11024 4
2013 10736 3
2013 8324 5
2013 7543 3
2013 2719 5
2013 11315 5
2013 9905 4
2013 11314 3
2013 2713 5
2013 5317 4
2013 8936 4
2013 5736 4
2013 701 3
2013 8441 4
2013 5472 2
2013 2752 4
2013 2733 3
2013 7264 5
2013 2633 4
2013 10376 4
2013 2658 3
2013 8926 5
2014 1756 3
2014 9209 4
2014 5996 4
2014 5023 5
2015 8966 5
2015 1772 1
2015 174 3
2015 1733 5
2015 4096 5
2015 1981 5
2015 5739 5
2015 4817 4
2015 11306 4
2015 843 5
2015 217 5
2015 699 5
2015 1332 1
2015 1278 5
2015 1773 5
2015 1263 5
2015 4755 5
2015 1989 4
2015 323 5
2015 7952 5
2015 4287 5
2015 712 5
2015 1414 1
2015 1955 5
2015 1355 5
2015 706 3
2015 9709 5
2015 5349 4
2015 829 5
2015 8983 5
2015 792 5
2015 2979 5
2015 1754 5
2015 211 5
2015 278 5
2015 1413 3
2015 258 3
2015 2655 1
2015 309 1
2015 735 3
2015 4527 5
2015 762 1
2015 739 5
2015 775 5
2015 884 5
2015 28 1
2015 8011 5
2015 710 1
2015 305 1
2015 2935 5
2015 9040 5
2015 1240 1
2015 740 5
2015 4050 5
2015 6403 4
2015 1982 4
2015 3963 5
2015 5513 5
2015 104 5
2015 313 5
2015 704 5
2015 759 5
2015 738 1
2015 899 5
2015 4301 5
2015 975 5
2015 741 5
2015 312 5
2015 5615 5
2015 4643 5
2015 10261 4
2015 196 3
2015 9400 5
2015 772 2
2015 732 3
2015 4932 1
2015 1313 5
2015 801 5
2015 276 5
2015 766 5
2015 1395 1
2015 288 1
2015 913 5
2015 832 5
2015 887 5
2015 4072 1
2015 863 1
2015 3313 1
2015 4280 5
2015 4074 4
2015 1682 5
2015 728 5
2015 3000 5
2015 722 5
2015 7903 4
2015 286 4
2015 5592 5
2015 574 1
2015 4872 5
2015 8500 5
2016 4755 5
2016 309 4
2016 7560 5
2016 46 5
2016 3586 3
2016 3123 4
2016 3125 5
2016 4105 5
2016 2879 3
2016 10598 5
2016 5797 1
2016 10362 2
2017 309 3
2017 9371 4
2017 4044 4
2017 169 5
2017 4117 5
2017 780 3
2017 751 1
2017 7406 5
2017 4101 5
2017 2655 5
2017 1387 5
2017 7571 5
2017 2937 4
2017 722 5
2017 1402 1
2017 975 5
2018 3189 4
2018 870 5
2018 2827 5
2018 1316 5
2018 806 5
2018 8665 4
2018 10317 4
2018 728 4
2018 3123 4
2018 3082 4
2018 5154 4
2019 323 5
2019 288 5
2019 10128 5
2019 1391 5
2019 196 4
2019 974 2
2019 211 3
2019 6183 5
2019 1332 5
2020 6776 5
2020 5583 5
2020 6626 3
2020 2698 5
2021 1476 1
2021 4023 5
2021 196 5
2021 11316 1
2021 712 5
2021 105 5
2021 8785 4
2021 143 2
2021 276 1
2021 323 5
2021 4514 5
2021 1049 5
2021 884 3
2021 211 4
2021 1021 5
2021 9438 5
2022 773 4
2022 7842 4
2022 7754 3
2022 934 4
2022 2733 5
2022 323 5
2022 807 3
2022 2611 4
2022 2633 3
2022 4044 3
2022 9317 5
2022 9551 4
2022 5590 4
2022 4189 3
2022 10736 4
2022 9883 4
2022 5355 5
2022 2624 4
2022 10618 3
2022 5472 3
2022 9135 3
2022 10544 4
2023 7346 4
2023 775 5
2023 727 5
2023 1403 1
2023 731 2
2023 5443 5
2023 8857 5
2023 8056 5
2023 8785 5
2023 3630 4
2023 10558 5
2023 9167 5
2023 5004 5
2023 313 1
2023 3874 5
2023 9532 5
2024 10013 5
2024 5428 5
2024 3352 5
2025 1275 1
2025 728 5
2025 9599 4
2025 877 4
2025 6049 5
2025 6622 4
2026 4590 5
2026 2570 5
2026 3861 3
2027 5584 5
2027 6987 4
2027 6469 5
2027 31 5
2027 4910 4
2027 6703 2
2027 6521 3
2027 7671 5
2027 3 4
2027 7688 4
2027 7999 5
2027 124 5
2027 124 5
2027 7429 5
2027 2783 5
2027 6525 3
2027 7680 3
2027 6163 3
2027 210 5
2027 7894 4
2027 208 5
2027 6534 1
2027 7696 4
2027 357 4
2027 7213 5
2027 7074 3
2027 1132 3
2027 6530 5
2027 297 1
2027 11317 5
2027 7358 4
2027 2009 5
2027 7256 5
2027 1828 5
2027 1048 4
2027 8331 4
2027 151 4
2027 6127 4
2027 2048 5
2027 9724 5
2027 7796 4
2027 985 5
2027 7288 5
2027 7273 1
2027 5486 4
2027 6397 3
2027 840 4
2027 643 5
2027 5264 5
2027 254 4
2027 3990 5
2027 4935 5
2027 4393 4
2027 2701 4
2027 8687 5
2027 239 2
2027 3979 5
2027 1505 4
2027 9409 4
2027 6428 5
2027 7108 4
2027 1338 3
2027 5454 3
2027 7638 3
2027 7922 5
2027 7819 3
2027 578 4
2027 4436 4
2027 966 5
2027 1594 4
2027 2250 3
2027 892 4
2027 1848 3
2027 4981 5
2027 4805 5
2027 2539 2
2027 4528 5
2027 1343 5
2027 6792 3
2027 206 5
2027 944 4
2027 2651 5
2027 4426 5
2027 21 3
2027 6332 3
2027 6685 5
2027 6452 5
2027 1540 4
2027 2638 5
2027 6421 5
2027 6985 5
2027 1793 4
2027 6111 3
2027 1657 5
2027 142 5
2027 104 4
2027 7063 4
2027 8066 4
2027 1649 4
2027 805 5
2027 2977 5
2027 4560 5
2027 312 5
2027 4984 5
2027 2968 4
2027 7554 5
2027 5113 4
2027 2116 5
2027 5805 5
2027 10038 4
2027 7565 4
2027 9380 5
2027 9708 1
2027 10818 3
2027 2931 4
2027 820 4
2027 7601 4
2027 1501 5
2027 4715 4
2027 10884 5
2027 2946 5
2027 728 4
2027 230 5
2027 107 4
2027 252 3
2027 7710 4
2027 2132 5
2027 3581 5
2027 1515 1
2027 1309 4
2027 4939 5
2027 8527 2
2027 2732 5
2027 327 5
2027 5004 5
2027 3658 5
2027 10709 2
2027 5411 4
2027 151 4
2028 3125 5
2028 3461 4
2028 276 5
2028 5452 3
2028 1137 5
2028 3496 5
2028 1695 4
2028 7933 1
2028 5575 4
2028 5243 4
2028 10055 3
2028 5836 4
2028 10545 4
2028 3885 4
2028 9448 5
2028 11318 5
2028 8733 4
2028 3606 5
2028 3892 5
2028 830 5
2028 10699 2
2028 11319 2
2029 11240 4
2029 5052 2
2029 1268 3
2029 3252 3
2029 735 4
2029 843 4
2029 728 4
2029 762 3
2029 889 1
2029 5520 4
2029 3951 1
2029 3245 2
2029 766 4
2029 9261 3
2029 4586 4
2029 4582 3
2029 11002 5
2029 5355 4
2029 738 5
2029 9838 3
2029 11320 2
2029 10629 4
2029 5458 5
2029 704 4
2029 4844 3
2029 288 5
2029 4365 4
2029 211 5
2029 3947 4
2029 4694 4
2029 9849 3
2029 10802 4
2029 323 4
2029 751 1
2029 1408 5
2029 2755 3
2029 1332 3
2029 759 4
2029 1275 2
2029 1412 4
2029 3978 2
2029 1403 1
2029 2693 1
2029 196 1
2029 832 5
2029 3596 5
2029 772 3
2029 829 2
2029 5474 5
2029 276 3
2029 104 3
2029 904 3
2029 2194 3
2030 3748 5
2030 7570 5
2030 10909 4
2030 281 4
2030 196 5
2030 9430 5
2030 4773 2
2030 6163 5
2030 6908 4
2030 4516 5
2030 4297 4
2030 4075 4
2030 136 5
2030 859 4
2030 5429 5
2030 4220 1
2030 258 5
2030 4040 5
2030 151 4
2030 9097 5
2030 5026 4
2030 288 5
2030 768 4
2030 814 4
2030 5830 4
2030 5411 4
2030 4723 4
2030 4387 4
2030 7693 2
2030 104 4
2030 5122 1
2030 9642 1
2030 5599 4
2030 728 4
2030 5811 4
2030 717 5
2030 5351 3
2030 4316 4
2030 4056 5
2030 3716 4
2031 10008 2
2031 9415 4
2031 9547 5
2031 5299 3
2031 11002 5
2032 7254 5
2032 105 4
2032 2145 5
2032 1985 4
2032 3749 4
2033 5340 5
2033 1432 3
2033 1332 3
2033 3435 5
2033 122 2
2033 1506 5
2033 1506 5
2033 4005 5
2033 5664 4
2033 910 5
2033 3686 4
2033 327 2
2033 4713 4
2033 4083 3
2033 680 3
2033 5762 4
2033 10744 5
2033 11321 5
2033 4661 5
2033 1506 4
2033 5110 5
2033 2778 5
2034 1332 5
2034 673 1
2034 9892 5
2034 11199 1
2034 741 3
2034 1395 5
2034 704 1
2034 2967 5
2034 792 1
2034 4528 4
2034 832 5
2034 3095 4
2034 217 5
2034 650 5
2034 766 5
2034 1278 4
2034 4640 5
2034 1331 5
2034 759 3
2034 3521 4
2034 258 1
2034 710 3
2034 7761 5
2034 5651 5
2034 843 3
2034 712 3
2034 276 5
2034 313 3
2034 1902 5
2034 3000 3
2034 667 5
2034 1277 3
2034 7440 5
2034 5041 5
2034 8809 1
2034 706 5
2034 5654 5
2034 5087 3
2034 728 2
2034 739 2
2034 11086 5
2034 1412 3
2034 1408 5
2034 11189 5
2034 323 5
2034 9304 5
2034 196 5
2034 1055 3
2034 310 5
2034 3560 5
2034 772 1
2034 9713 4
2034 149 5
2034 10575 5
2034 1327 5
2034 211 5
2034 5605 4
2034 10553 5
2034 6844 5
2034 1440 5
2034 1365 5
2034 7484 5
2035 4301 4
2035 3715 4
2035 4015 4
2035 2651 4
2035 1467 4
2035 4294 5
2035 10565 4
2036 9317 5
2036 8906 2
2036 3573 5
2036 5737 5
2036 2651 3
2036 934 4
2036 10489 4
2036 8469 4
2036 4699 5
2037 1370 4
2037 8355 4
2037 741 4
2037 762 5
2037 843 4
2037 196 2
2037 5982 4
2037 1436 5
2037 853 4
2037 823 4
2037 934 4
2037 11322 5
2037 3322 3
2037 9135 3
2037 728 2
2037 4628 5
2037 900 5
2037 256 4
2037 2701 5
2037 10066 3
2037 2685 5
2037 1439 4
2037 4949 5
2037 9476 4
2037 979 2
2037 3784 5
2037 4881 5
2037 8331 5
2037 7850 5
2037 3949 3
2037 4694 5
2037 2720 3
2037 3771 5
2037 1067 4
2037 9201 5
2037 10716 4
2038 3260 5
2038 4131 5
2038 4474 5
2038 7812 5
2038 3651 4
2038 313 5
2038 6857 5
2038 7622 4
2038 4454 4
2038 1753 5
2038 1718 3
2038 309 5
2038 787 2
2038 77 5
2038 8 4
2038 5148 5
2038 5819 4
2038 762 5
2038 4599 5
2038 9798 4
2038 717 5
2038 3658 4
2038 2257 5
2038 1414 1
2038 1435 5
2038 7472 5
2038 2755 5
2038 7770 5
2038 1551 5
2038 7479 5
2038 10332 5
2038 7264 5
2038 3230 5
2038 5016 5
2038 1403 1
2038 2940 5
2038 5891 5
2038 2947 5
2038 4427 5
2038 5180 4
2038 9438 5
2038 10569 4
2038 1052 4
2038 2701 5
2038 5610 5
2038 4933 5
2038 3588 5
2038 785 5
2038 5199 5
2038 4772 4
2038 9057 5
2038 10266 4
2038 257 3
2038 10284 4
2038 6791 4
2038 7373 5
2039 1332 5
2039 7560 5
2039 11082 4
2039 8969 4
2039 6601 5
2039 3685 1
2039 7302 5
2039 3124 4
2039 9385 5
2039 327 2
2039 3269 4
2039 2417 5
2039 7353 4
2039 3272 2
2039 3444 3
2039 95 4
2039 4558 4
2039 1949 5
2039 9019 4
2039 934 5
2040 11323 3
2040 10084 5
2040 891 5
2040 3821 1
2041 5513 5
2041 10488 3
2041 719 2
2041 1377 5
2041 3156 4
2041 9504 5
2041 4041 5
2041 759 1
2041 4634 3
2041 11324 4
2041 1395 5
2041 5226 1
2041 2736 3
2041 2714 3
2041 3884 4
2041 3837 4
2041 5345 3
2041 9143 5
2041 9146 4
2041 10925 5
2041 4776 5
2041 5630 5
2042 759 5
2042 10958 5
2042 171 5
2042 10007 4
2042 8745 4
2042 10720 5
2042 10548 4
2042 10523 3
2042 9210 4
2042 9671 4
2042 857 5
2042 1629 5
2043 104 3
2043 10932 5
2043 11325 5
2043 211 5
2043 3498 5
2043 5628 5
2043 3324 5
2043 1277 5
2043 5640 2
2043 1419 1
2043 5127 3
2043 1280 5
2043 8415 4
2043 10326 4
2043 5283 1
2043 3620 2
2043 9700 5
2043 3832 4
2043 2095 5
2043 1444 5
2043 1080 5
2043 3954 5
2043 3796 5
2043 3717 5
2043 4804 4
2043 3913 5
2043 5833 5
2043 4322 5
2043 5557 5
2043 1012 5
2043 9560 5
2043 6961 5
2043 10250 4
2043 8500 4
2043 1329 1
2043 3801 5
2043 10855 5
2043 11326 4
2043 9625 5
2043 5368 2
2043 906 3
2043 1077 4
2043 3619 4
2043 935 2
2043 5312 5
2043 1506 5
2043 3606 5
2043 4645 4
2043 991 5
2043 10127 4
2043 5167 4
2043 11318 4
2044 4572 4
2044 27 4
2044 837 5
2044 5248 4
2044 5570 5
2044 105 5
2044 2916 5
2044 280 5
2044 3000 5
2044 1746 5
2044 1414 1
2044 1408 5
2044 8476 5
2044 227 4
2044 11327 3
2044 3230 5
2044 9223 5
2044 4979 5
2044 11328 4
2044 315 3
2044 7716 4
2044 4241 4
2044 8492 5
2044 10900 3
2044 10844 5
2044 2052 2
2044 6094 4
2044 3912 5
2044 10268 5
2044 7773 5
2044 5502 5
2044 327 4
2044 284 4
2044 266 4
2044 4414 4
2045 11267 5
2045 11329 4
2045 258 5
2045 4215 4
2045 309 4
2045 3500 4
2045 3504 5
2045 6372 3
2045 9529 5
2045 7965 5
2045 11281 4
2045 9136 4
2045 10346 5
2045 792 5
2045 741 5
2045 9544 5
2045 867 5
2045 5086 4
2045 1982 3
2045 722 5
2045 1316 5
2045 9678 3
2045 728 3
2045 9889 4
2045 9359 5
2045 9950 5
2045 11173 5
2045 9513 5
2045 7457 5
2045 5549 4
2045 3782 5
2045 5520 5
2045 6141 5
2045 6831 5
2045 8306 5
2045 1854 5
2045 1466 5
2045 10999 5
2045 1509 4
2045 11330 3
2045 5821 4
2045 3041 4
2045 10544 5
2045 3793 5
2045 8390 5
2045 3275 5
2045 3611 5
2045 7966 5
2045 8835 4
2045 9746 5
2045 10295 4
2045 1462 4
2045 2722 4
2045 11035 4
2045 1905 4
2045 5634 4
2045 10629 5
2045 5355 5
2045 3861 5
2045 3617 5
2045 8317 5
2045 932 5
2045 2242 5
2045 7331 4
2045 11331 4
2045 3605 4
2045 3614 4
2045 1054 5
2045 2252 5
2045 6846 4
2045 8317 5
2045 9749 5
2045 2398 5
2045 3789 5
2045 8410 5
2045 5356 5
2045 11320 5
2045 4917 2
2045 5392 5
2045 9981 2
2045 2257 5
2045 9206 4
2045 4673 4
2045 622 5
2045 3804 5
2045 9925 5
2045 3807 2
2045 2700 5
2045 3625 4
2045 466 4
2045 8351 5
2045 11048 5
2045 1060 4
2045 6549 4
2045 7394 5
2045 2730 5
2045 9940 5
2045 10039 3
2045 3422 5
2046 5539 5
2046 10210 3
2046 944 3
2046 4917 1
2046 3888 4
2046 5156 4
2046 1080 4
2046 2976 5
2047 1342 2
2047 1506 4
2047 4860 5
2047 857 4
2047 1607 3
2047 1409 4
2047 1062 4
2047 1406 4
2047 4558 4
2047 3209 2
2047 9296 4
2047 9438 4
2047 1067 4
2047 4703 2
2047 934 4
2047 944 2
2047 4634 3
2047 5232 4
2047 10914 4
2047 9838 4
2047 3801 4
2047 5355 2
2047 11029 2
2047 6086 2
2047 5465 4
2047 3948 4
2047 1492 3
2047 4561 3
2047 1329 5
2048 4875 2
2048 1947 4
2048 7925 4
2048 305 3
2048 309 4
2048 1501 5
2048 712 5
2048 8913 4
2048 3112 4
2048 3128 5
2048 2950 4
2048 3000 5
2048 3103 3
2049 934 5
2049 1982 5
2049 7201 4
2049 706 2
2049 3553 4
2049 196 3
2049 1395 5
2049 258 2
2049 323 5
2049 1682 5
2049 3708 5
2049 57 5
2049 7500 5
2049 11332 5
2049 832 3
2049 1332 5
2049 5792 5
2049 1029 5
2049 4863 5
2050 1403 1
2050 7759 5
2050 9581 5
2050 8629 5
2050 3707 5
2050 4935 2
2050 4050 5
2050 5220 5
2050 6402 5
2050 153 5
2051 10940 4
2051 1492 4
2051 903 5
2051 638 5
2051 2716 5
2051 2722 5
2051 2609 5
2051 9945 2
2051 1526 5
2051 862 5
2051 3059 5
2051 7188 5
2051 488 5
2051 3778 3
2051 8944 3
2051 1021 5
2051 5373 5
2051 9843 4
2051 10802 5
2051 4776 5
2051 968 4
2051 5188 5
2051 10065 4
2051 4861 4
2051 2398 5
2051 9925 5
2051 845 5
2051 9212 1
2051 5121 2
2051 1066 5
2051 8720 4
2051 5186 4
2051 6543 5
2051 11333 2
2051 10713 2
2051 9174 5
2051 5318 2
2051 3785 5
2051 3883 5
2052 9472 5
2052 1403 3
2052 9479 5
2052 5113 5
2052 6892 5
2052 4960 5
2052 5918 5
2052 806 5
2052 5787 5
2052 10173 5
2052 6049 5
2052 5797 5
2052 11334 5
2052 1066 5
2052 9697 3
2052 8003 5
2052 10354 5
2052 7583 4
2052 809 5
2052 9017 4
2052 3107 5
2052 182 5
2052 284 5
2052 4449 5
2052 6309 5
2052 9766 4
2052 1747 5
2052 7503 5
2052 903 5
2052 2036 5
2052 3656 5
2052 11335 5
2052 4967 5
2052 8007 4
2052 11336 4
2052 3819 1
2052 5489 5
2052 10734 5
2052 9684 5
2053 1928 5
2053 10461 4
2053 11337 5
2053 3314 3
2053 9507 4
2053 11338 5
2053 5012 5
2053 6403 5
2054 5220 5
2054 4401 5
2054 1048 4
2054 5290 5
2055 211 5
2055 258 4
2055 1137 5
2055 5226 5
2056 3505 5
2056 8234 4
2056 312 5
2056 934 5
2056 9447 2
2056 211 5
2056 10011 5
2056 753 5
2056 2718 4
2056 5346 5
2056 1021 5
2056 5615 5
2056 766 5
2056 5836 5
2056 759 5
2056 10587 5
2056 10088 1
2056 8846 5
2056 5513 5
2056 3881 4
2056 712 5
2056 1352 5
2056 276 5
2056 1277 5
2056 1395 2
2056 288 5
2056 3883 5
2056 759 4
2056 3885 5
2056 3892 5
2056 829 5
2056 5359 5
2056 5632 5
2056 323 5
2056 762 5
2056 3480 5
2056 11242 5
2056 258 5
2057 3263 5
2057 3000 5
2057 6837 5
2057 8662 5
2057 1366 3
2057 313 5
2057 829 5
2057 832 5
2057 824 5
2058 10044 5
2058 4074 3
2058 3739 5
2058 9556 4
2058 9944 5
2058 11065 4
2058 3728 5
2058 10970 5
2058 1463 5
2058 5062 3
2058 4784 4
2059 11339 4
2059 740 4
2059 6662 5
2059 4598 2
2059 8640 5
2059 7160 5
2059 1418 3
2059 3910 5
2059 11340 5
2059 2718 5
2059 1460 4
2059 10587 5
2059 1457 5
2059 5355 5
2059 5465 5
2059 1526 5
2059 974 1
2060 896 5
2060 1413 3
2060 728 5
2060 9927 5
2060 4650 5
2060 3883 5
2060 1486 5
2060 857 4
2060 10747 3
2061 732 1
2061 9102 5
2061 10553 5
2061 1365 5
2061 934 5
2062 4618 5
2062 4586 5
2062 5537 5
2062 1506 5
2062 10383 5
2063 5563 4
2063 3094 4
2063 1331 5
2063 3270 5
2063 309 5
2063 1395 5
2063 9730 5
2063 5381 4
2063 6615 4
2063 7543 5
2064 5566 5
2064 9013 5
2064 5386 5
2064 8041 5
2064 2727 5
2064 4203 5
2064 8733 5
2064 3959 5
2064 5789 5
2064 818 4
2064 4360 5
2064 3137 5
2064 3135 5
2064 8745 5
2064 7019 5
2064 1277 5
2064 3658 5
2064 7788 5
2064 3314 5
2064 847 5
2064 1551 5
2064 257 5
2064 717 5
2064 10266 5
2064 10240 5
2064 9280 4
2064 11031 4
2064 8185 5
2064 4146 5
2064 6365 5
2064 8621 5
2064 8202 5
2064 6791 4
2064 7880 5
2064 2195 5
2064 1853 5
2064 3761 5
2064 4693 5
2064 8745 5
2064 295 5
2064 248 5
2064 3758 5
2064 4509 3
2064 9422 4
2064 3272 4
2064 8033 5
2064 11341 5
2064 9663 4
2064 3796 5
2064 638 5
2064 749 5
2064 11235 4
2064 5177 5
2064 9774 4
2064 1082 5
2064 3762 5
2064 3617 5
2064 5289 5
2064 8239 5
2064 143 5
2064 8610 4
2064 5423 5
2064 5284 4
2064 5906 5
2064 11342 5
2064 10699 3
2064 11343 4
2064 7342 3
2064 5737 2
2064 3627 5
2064 3226 4
2064 10201 5
2064 9655 4
2064 4543 5
2064 11344 4
2064 3953 4
2064 9088 5
2065 735 5
2065 9622 5
2065 104 5
2065 8460 5
2065 1418 1
2065 309 4
2065 5061 5
2065 829 4
2065 4526 5
2065 740 3
2065 28 5
2065 3146 5
2065 4311 5
2065 8914 4
2065 3491 3
2065 732 4
2065 288 5
2065 759 2
2065 1047 5
2065 1049 4
2065 7478 5
2065 710 5
2065 500 5
2065 2648 4
2065 6375 4
2065 9639 5
2065 8546 5
2065 1395 3
2065 5349 4
2065 832 5
2065 326 5
2065 8983 5
2065 196 3
2065 5189 5
2065 985 5
2065 7551 4
2065 10483 2
2065 728 3
2065 5868 5
2065 7754 5
2065 10355 5
2065 9687 3
2065 5000 5
2065 756 3
2065 4985 5
2065 5409 5
2065 1415 1
2065 9682 4
2065 5439 4
2065 323 4
2065 5985 5
2065 2693 1
2065 1277 5
2065 5347 5
2065 738 4
2065 258 5
2065 10143 5
2065 704 4
2065 7416 5
2065 312 5
2065 874 5
2065 2019 5
2065 1924 5
2065 315 5
2065 9800 4
2065 8487 5
2065 10141 5
2065 11345 4
2065 6601 5
2065 11346 5
2065 11346 5
2065 979 4
2065 1441 3
2065 9600 1
2065 3114 5
2065 5837 4
2065 3060 5
2065 9186 4
2065 10257 5
2065 10401 5
2065 934 5
2065 6332 3
2065 10803 4
2065 1458 4
2065 3666 5
2065 1515 4
2065 11347 2
2065 8634 3
2065 5537 5
2065 1042 1
2065 239 5
2065 5618 4
2066 11348 3
2066 104 5
2066 5815 5
2066 3715 4
2066 823 1
2066 9479 2
2066 832 5
2066 4775 4
2066 4454 4
2066 738 1
2066 7751 5
2066 953 5
2066 9127 3
2066 3313 4
2066 836 1
2066 9652 5
2066 739 5
2066 5226 3
2066 1001 3
2066 2973 5
2066 732 5
2066 10020 1
2066 276 4
2066 1395 5
2066 4143 5
2066 717 5
2066 4514 4
2066 5839 5
2066 9454 5
2067 2230 5
2067 2623 2
2067 3022 5
2067 9088 1
2067 574 1
2067 9185 5
2068 1340 5
2068 104 5
2068 1711 5
2068 829 3
2068 766 3
2069 4026 5
2069 896 5
2069 5557 5
2069 5410 5
2070 3601 5
2070 258 5
2070 1412 5
2070 1275 5
2070 1263 5
2070 934 5
2070 3810 4
2070 832 3
2070 8902 4
2070 312 1
2070 900 5
2070 738 5
2070 843 5
2070 728 5
2070 6984 5
2070 5262 5
2070 1272 5
2070 10332 5
2070 5446 2
2070 143 4
2070 5526 5
2070 6782 3
2070 932 4
2070 1520 4
2070 11293 5
2070 4558 5
2070 1023 5
2070 313 5
2070 6664 4
2070 638 5
2070 1005 5
2070 4661 5
2070 3146 5
2070 11349 5
2070 1501 5
2071 3450 5
2071 1325 1
2071 740 4
2071 312 5
2071 1403 1
2071 5409 5
2071 182 5
2071 9985 1
2071 6574 5
2071 7567 3
2071 4827 4
2071 3025 1
2071 7313 5
2071 3322 5
2072 3710 4
2072 2701 5
2072 1403 1
2072 5092 3
2072 4930 5
2072 5226 5
2072 5924 5
2072 11350 5
2072 2264 5
2072 1998 5
2072 716 5
2072 1488 5
2072 1413 1
2072 1332 5
2072 3450 1
2072 8998 5
2072 4203 5
2072 4926 4
2072 5325 4
2072 10321 4
2072 4275 2
2072 5807 5
2072 9210 4
2072 1513 4
2072 10179 4
2072 1607 5
2073 766 1
2073 1828 4
2073 9614 4
2073 1709 5
2073 2725 5
2073 5430 5
2073 1439 5
2074 11158 5
2074 211 4
2074 7406 5
2074 3101 5
2074 9113 5
2074 3913 5
2075 11351 5
2075 6503 5
2075 4187 4
2075 3579 5
2075 10338 4
2075 9210 2
2076 4345 4
2076 738 5
2076 2582 5
2076 276 5
2076 934 5
2077 5038 3
2077 759 5
2077 934 5
2077 5553 3
2077 9752 3
2078 728 5
2078 6370 5
2078 814 3
2078 9766 5
2078 759 3
2078 866 4
2078 9479 4
2078 909 1
2078 1501 4
2079 723 5
2079 4953 4
2079 735 3
2079 313 5
2079 757 5
2079 2305 5
2079 3083 5
2079 5615 5
2079 713 1
2079 7523 5
2079 5156 5
2079 759 5
2079 2693 1
2079 258 5
2079 831 4
2079 837 5
2079 1352 5
2079 7208 5
2079 5608 5
2079 846 5
2079 1417 5
2079 1277 5
2079 8168 4
2079 6942 5
2079 465 5
2079 548 5
2079 4254 4
2079 7432 5
2079 8872 5
2079 1985 4
2079 3771 5
2079 5833 5
2080 759 1
2080 211 5
2080 832 3
2080 1884 1
2080 4127 1
2080 712 3
2080 706 3
2080 772 3
2080 323 3
2080 762 3
2080 4524 4
2080 1277 5
2080 1909 5
2080 5618 3
2080 9287 4
2080 10627 4
2080 4795 4
2080 10609 4
2080 1029 5
2080 8380 5
2080 3446 4
2080 7759 4
2081 395 5
2081 2355 2
2081 9473 5
2081 6436 5
2081 9391 5
2081 2907 1
2081 1761 5
2081 196 2
2081 1395 1
2081 5733 2
2081 3174 5
2081 8391 5
2081 3276 5
2081 11330 5
2081 11352 3
2081 2918 5
2081 258 1
2081 6644 1
2081 11353 5
2081 5191 5
2081 1643 1
2081 1419 4
2081 1328 2
2081 4534 5
2081 11244 5
2081 5228 4
2081 4251 5
2081 722 5
2081 5340 2
2081 836 1
2081 3878 5
2081 7486 5
2081 323 5
2081 3322 5
2081 867 2
2081 7310 5
2081 2686 5
2081 998 4
2081 8637 5
2081 10622 5
2081 8455 5
2081 4603 4
2081 7153 5
2081 4627 5
2082 239 3
2082 3000 5
2082 2966 3
2082 716 4
2082 5092 3
2082 843 3
2082 3585 2
2082 10865 4
2082 4389 5
2082 6370 4
2082 2692 5
2082 5141 4
2082 104 1
2082 979 2
2082 9411 4
2082 8638 3
2082 9120 3
2082 2158 5
2082 1629 4
2082 5142 4
2082 5733 2
2082 980 4
2082 4396 3
2082 7977 3
2082 4596 4
2082 10068 2
2082 11143 4
2082 7885 3
2082 8782 4
2082 9777 2
2082 5083 3
2082 3758 5
2082 913 3
2082 1525 4
2082 5409 3
2082 6618 4
2082 1089 5
2082 574 1
2082 1870 4
2082 1091 5
2082 4275 2
2082 1629 5
2083 1278 5
2083 1965 5
2083 843 3
2083 1966 5
2083 3383 4
2083 515 5
2083 312 5
2083 6918 4
2083 10542 5
2083 5700 5
2083 1758 4
2083 9332 5
2083 9967 4
2083 3793 5
2083 3449 5
2083 9050 5
2083 1352 5
2083 3749 5
2083 4216 4
2083 712 5
2083 7750 4
2083 829 5
2083 10398 5
2083 3089 5
2083 28 4
2083 10705 4
2083 11354 5
2083 6831 5
2083 10366 4
2083 211 5
2083 837 5
2083 7486 4
2083 11355 4
2083 845 3
2083 3322 5
2083 2980 5
2083 5385 5
2083 9201 5
2083 1441 1
2083 2921 5
2083 10123 2
2083 10980 5
2083 4403 2
2083 5527 5
2083 8312 5
2083 7213 5
2083 5048 4
2083 7850 5
2083 969 5
2083 5533 4
2083 10932 4
2083 9833 4
2083 4762 4
2083 3744 4
2083 9064 5
2083 9931 5
2083 3762 5
2083 3146 5
2084 5220 5
2084 11270 5
2084 9369 5
2084 6720 5
2084 8478 5
2084 4538 5
2084 712 5
2084 10020 5
2084 189 5
2084 196 5
2084 7685 5
2084 6215 5
2084 211 4
2084 9447 5
2084 4823 5
2084 4521 5
2084 10974 5
2084 9324 5
2084 5309 5
2084 7903 5
2084 1690 5
2084 1081 5
2084 6377 5
2084 4074 4
2084 5384 5
2084 10294 4
2084 5649 5
2084 7962 5
2084 891 5
2084 9411 4
2084 4439 5
2085 5200 3
2085 762 5
2085 5850 5
2085 2928 5
2085 9856 5
2085 3817 4
2085 1384 1
2085 2716 5
2085 10350 5
2085 11356 2
2085 3590 5
2085 9665 4
2085 4275 5
2085 8491 5
2085 8495 5
2085 9488 5
2085 1067 2
2085 1357 5
2085 909 1
2085 1484 5
2085 5359 4
2085 11357 5
2085 10701 5
2085 4785 5
2085 2618 5
2085 7188 5
2085 11358 5
2085 2711 5
2085 2710 5
2085 7331 5
2085 2095 5
2085 3846 5
2085 2709 5
2085 1365 5
2085 4634 5
2086 765 5
2086 258 5
2086 909 1
2086 2939 5
2086 2506 3
2086 3573 5
2086 10306 5
2086 3263 5
2086 326 5
2086 211 4
2086 5240 4
2086 717 5
2086 9761 5
2086 2979 1
2086 1877 5
2086 9564 5
2086 196 5
2086 9485 5
2086 1041 5
2086 9953 5
2086 170 5
2086 3702 5
2086 8028 4
2086 900 5
2086 7060 5
2086 925 5
2086 901 5
2086 11359 5
2086 10421 5
2086 5239 5
2086 1473 5
2086 1822 5
2086 954 5
2086 1452 5
2086 8999 5
2087 11360 5
2087 5029 5
2087 1662 5
2087 5009 4
2087 239 4
2087 4807 4
2087 785 5
2087 923 5
2087 6138 2
2087 6684 5
2087 6332 4
2087 8029 5
2087 271 4
2087 5605 2
2087 5597 4
2087 2651 5
2087 3266 3
2087 316 2
2087 10384 4
2087 10508 2
2087 7562 4
2087 845 4
2087 8493 4
2087 4135 5
2087 5048 1
2087 327 3
2087 9707 4
2087 858 5
2087 7678 2
2087 8040 5
2087 3948 4
2087 11361 2
2087 10607 5
2087 3785 2
2087 10430 5
2087 1049 5
2087 2046 5
2087 3110 5
2087 1625 3
2087 6215 2
2087 4203 4
2087 4239 1
2087 7911 3
2087 9671 4
2087 7836 5
2087 11333 2
2087 8042 5
2087 1685 5
2087 9019 5
2087 1034 5
2087 1389 3
2087 3918 4
2087 9990 4
2087 7019 4
2087 10393 5
2087 8745 5
2087 7222 5
2087 1463 3
2087 9697 5
2087 5578 5
2087 8633 2
2087 4135 5
2087 4784 3
2087 9493 4
2087 1333 5
2087 857 4
2087 9454 4
2087 5213 4
2087 4634 3
2087 4785 5
2087 934 5
2087 5467 5
2087 10747 2
2087 645 5
2087 1708 2
2087 10212 5
2087 3946 5
2087 8758 3
2088 678 5
2088 1332 5
2088 832 5
2088 313 5
2088 7416 5
2088 792 5
2088 9779 5
2089 3526 5
2089 823 4
2089 1408 5
2089 7548 5
2089 9582 5
2089 1409 1
2089 1422 4
2089 5073 4
2089 759 5
2089 829 2
2089 1419 1
2089 738 1
2089 6487 5
2089 732 5
2089 1457 4
2089 741 5
2089 710 4
2089 1029 5
2089 712 4
2089 772 1
2089 258 5
2089 211 4
2089 312 1
2089 3590 4
2089 313 2
2089 2119 5
2089 9684 3
2089 762 4
2089 11208 4
2089 10020 4
2089 10131 1
2089 2093 4
2089 896 5
2089 1394 5
2089 10227 4
2089 1462 5
2089 974 2
2089 484 4
2089 276 2
2089 196 3
2089 1395 4
2089 3499 5
2089 3275 5
2089 104 5
2089 846 4
2089 323 5
2089 915 5
2089 7207 5
2089 832 4
2089 1869 4
2089 4944 1
2089 10595 4
2089 5384 5
2089 925 5
2089 10953 1
2089 5597 5
2089 997 5
2089 4631 5
2089 909 1
2089 4465 4
2089 3076 5
2089 3869 5
2089 5489 5
2089 3085 4
2089 891 5
2090 4540 5
2090 4733 4
2090 276 5
2090 7716 5
2090 10554 4
2091 6476 5
2091 5385 5
2091 2940 5
2091 759 3
2091 312 5
2091 288 1
2091 9426 5
2091 704 4
2091 5424 3
2091 762 4
2091 9714 5
2091 934 5
2091 574 1
2091 7919 5
2091 3449 3
2091 3978 5
2091 836 1
2091 706 3
2091 1272 1
2091 1943 5
2091 323 3
2091 211 4
2091 772 1
2091 979 2
2091 3568 4
2091 196 5
2091 4365 4
2091 867 5
2091 862 5
2091 4473 5
2091 4203 5
2091 9288 5
2091 1021 5
2091 4949 4
2091 10702 5
2091 10810 4
2091 2704 5
2091 11169 5
2091 11362 4
2091 11363 5
2091 11364 4
2091 3626 5
2091 8405 5
2091 2738 4
2091 10834 5
2091 8234 5
2091 8779 5
2091 10051 5
2091 5779 5
2092 9578 5
2092 1408 5
2092 10144 5
2092 8610 5
2093 9695 2
2093 1277 5
2093 1391 1
2093 3666 5
2093 4449 5
2093 258 5
2093 6844 5
2093 3314 5
2093 4429 4
2093 3708 4
2093 6496 5
2093 6708 5
2093 2005 5
2093 739 5
2093 4542 5
2093 7052 5
2093 323 5
2093 9537 5
2093 196 5
2093 6768 5
2093 3627 1
2093 904 3
2093 10668 4
2093 3951 2
2093 3439 5
2094 6141 5
2094 5520 5
2094 11142 5
2094 9534 5
2094 3782 5
2094 9734 5
2094 3423 5
2094 2375 5
2094 8834 4
2094 1429 5
2094 1471 4
2094 3275 5
2094 11365 5
2094 9142 5
2094 11193 5
2094 9140 5
2094 10121 5
2094 1483 4
2094 3790 5
2094 9141 5
2094 9138 5
2094 11366 5
2094 2281 5
2094 1054 5
2094 9936 4
2094 1488 4
2095 3315 2
2095 8825 5
2095 211 5
2095 4919 5
2095 11367 4
2095 738 1
2095 196 1
2095 6651 3
2095 95 5
2095 1493 5
2095 8493 4
2095 8648 5
2095 3824 2
2095 8362 5
2095 3953 4
2095 11368 5
2095 5228 4
2095 966 5
2095 4365 5
2095 4822 5
2095 880 5
2095 3113 4
2095 3421 5
2095 2456 5
2095 11047 1
2095 5467 5
2095 3623 5
2095 1329 5
2095 6638 5
2095 11369 5
2095 3680 5
2095 11370 5
2096 10087 4
2096 122 5
2096 165 3
2096 105 5
2096 1441 2
2096 5623 2
2096 10778 1
2096 4559 4
2096 10378 5
2096 1042 5
2096 4634 4
2096 3915 5
2096 11037 3
2096 1365 5
2097 3666 4
2097 904 3
2097 8503 4
2097 2695 4
2097 8857 5
2097 2920 3
2097 767 4
2097 5663 5
2097 9441 5
2097 3419 5
2097 11371 3
2097 3604 1
2097 11372 2
2097 729 3
2097 1241 5
2097 2608 4
2097 2618 3
2097 8088 5
2097 2266 3
2097 968 3
2097 8560 5
2097 11373 3
2097 10961 4
2097 3762 4
2097 11374 3
2097 890 5
2097 11375 5
2097 4127 4
2097 4864 4
2097 3050 5
2097 3069 4
2097 10065 4
2097 4861 4
2097 8504 4
2097 3985 3
2097 11321 3
2097 9201 5
2097 2263 3
2097 1510 5
2097 5287 4
2097 3388 4
2097 1060 4
2097 3773 4
2097 754 4
2097 9694 3
2097 898 4
2097 8916 5
2097 760 4
2097 5231 4
2097 2731 5
2097 4993 1
2097 4056 5
2097 2901 4
2097 812 5
2097 4140 3
2097 11344 5
2097 3469 2
2097 7505 3
2097 8470 4
2097 11376 4
2097 10888 3
2098 9802 4
2098 1441 1
2098 1439 5
2098 934 5
2098 3129 5
2098 10093 4
2098 10399 3
2099 7535 5
2099 3586 5
2099 10379 4
2099 8930 3
2099 9980 5
2099 1332 5
2099 5182 3
2099 9696 5
2099 3843 5
2099 979 2
2099 4847 5
2099 1476 1
2099 965 5
2099 8857 5
2099 1629 5
2099 4275 1
2099 5026 5
2099 7485 5
2099 897 1
2099 1329 5
2099 939 2
2099 7470 3
2099 3827 4
2099 717 5
2100 10022 1
2100 8584 4
2100 3329 5
2100 9491 5
2100 4807 5
2100 3880 5
2100 6382 5
2100 5309 4
2100 6558 4
2100 1088 5
2100 4675 1
2100 4219 5
2100 3446 5
2100 5781 5
2100 3191 5
2100 4673 1
2101 832 5
2101 728 5
2101 6053 3
2101 258 5
2101 104 5
2101 1415 3
2101 5123 5
2101 801 5
2101 772 5
2101 4306 5
2101 762 3
2101 196 1
2101 312 5
2101 1066 3
2101 3973 5
2101 8964 4
2101 10642 4
2101 9700 2
2101 5068 4
2101 5553 5
2101 4465 5
2101 1477 5
2101 4399 3
2101 830 4
2101 10080 3
2101 8798 5
2102 2651 5
2102 1458 4
2102 1501 5
2102 884 5
2102 2095 1
2102 11041 5
2102 9946 5
2102 5239 5
2102 7504 5
2102 1508 5
2102 6949 5
2102 11052 1
2102 4465 5
2102 10469 5
2102 5344 1
2102 3758 5
2102 918 5
2102 4513 2
2102 843 5
2102 3881 5
2102 740 5
2102 741 1
2102 735 5
2102 710 5
2102 9447 1
2102 738 1
2102 762 5
2102 276 5
2102 196 5
2102 759 5
2102 28 5
2102 104 1
2102 792 5
2102 732 5
2102 312 5
2102 772 5
2102 712 5
2102 739 5
2102 704 5
2102 829 5
2102 1395 5
2102 832 5
2102 706 5
2102 288 5
2102 323 5
2102 728 5
2102 258 5
2102 313 5
2102 5067 3
2102 6370 5
2102 9490 5
2102 10475 5
2102 1323 5
2102 975 5
2102 9763 4
2102 10728 5
2102 4341 5
2102 10385 5
2102 1475 4
2102 934 3
2102 10557 5
2102 3963 5
2102 4758 1
2102 755 1
2102 5434 5
2102 10830 1
2102 10401 5
2102 3126 5
2102 3608 1
2102 1441 5
2102 4301 5
2102 901 5
2102 8662 5
2102 4801 5
2102 4634 5
2102 3607 2
2102 4524 5
2102 9665 3
2102 8565 5
2102 9187 5
2102 574 1
2102 1476 1
2102 900 5
2102 1468 5
2102 8500 5
2102 8641 4
2102 10077 5
2103 1433 5
2103 5318 5
2103 11117 5
2103 10195 5
2103 4385 5
2103 10821 5
2103 3985 5
2104 719 3
2104 309 5
2104 7578 4
2104 10800 4
2104 4971 4
2104 6759 3
2104 8208 5
2104 4324 2
2104 716 5
2104 211 5
2104 7219 3
2104 5832 4
2104 2651 5
2104 3861 3
2104 9632 4
2104 1995 4
2104 7550 4
2104 909 1
2104 4390 2
2104 10070 3
2104 5887 5
2104 5749 5
2104 5391 4
2104 5667 1
2104 4337 2
2104 589 2
2105 1377 5
2105 826 4
2105 10557 5
2105 8391 5
2105 954 5
2105 10227 5
2105 4908 3
2105 906 2
2105 4649 4
2105 3439 2
2105 5012 3
2105 5263 5
2105 957 4
2105 3195 5
2105 5283 2
2105 5409 5
2105 170 2
2105 2916 5
2105 5265 4
2105 485 2
2105 910 5
2105 4386 3
2105 9734 5
2105 3275 5
2105 10609 5
2105 4241 4
2105 284 3
2105 4550 5
2105 3146 5
2105 3821 5
2105 3349 2
2106 11377 3
2106 3146 5
2106 957 4
2107 8118 4
2107 3768 1
2107 2923 4
2107 8921 4
2107 9181 4
2107 11378 5
2107 8615 4
2107 5046 1
2107 5409 5
2107 4203 5
2107 8220 5
2108 526 5
2108 8948 5
2108 5658 5
2108 10232 3
2108 11379 5
2108 3868 2
2108 10046 5
2108 4597 4
2108 2742 4
2108 11380 4
2108 3136 4
2108 5070 3
2108 7978 3
2108 4189 5
2109 8145 2
2109 205 5
2109 611 5
2109 3004 5
2109 5893 5
2109 1912 5
2109 3514 5
2109 11381 3
2109 4661 5
2109 8770 4
2109 4296 5
2109 8500 5
2109 4121 5
2109 2901 5
2109 9263 2
2109 7527 5
2109 6691 5
2109 1467 3
2109 8633 4
2109 3469 4
2110 979 2
2110 4353 5
2110 138 4
2110 11033 5
2110 10818 5
2110 5577 4
2110 3846 5
2110 10758 5
2110 765 4
2110 3949 1
2110 7483 2
2110 5087 5
2110 1041 5
2110 5828 5
2111 5243 4
2111 1043 5
2111 10481 4
2111 2719 5
2111 10781 4
2111 6441 5
2111 7073 3
2111 6374 4
2111 7160 5
2112 9632 5
2112 6796 5
2112 10731 5
2113 5575 4
2113 1358 1
2113 5338 5
2113 4542 4
2113 10109 5
2113 11276 4
2113 5232 4
2114 3940 5
2114 5056 5
2114 4987 4
2114 10698 5
2115 9538 4
2115 4721 5
2115 6966 5
2115 10317 4
2115 9110 5
2115 5768 5
2115 4168 4
2115 7896 5
2115 934 5
2115 4784 1
2115 5213 5
2115 10284 5
2115 5774 5
2115 11382 5
2115 10098 2
2115 9101 5
2115 10016 5
2115 5263 5
2115 8510 5
2115 8234 5
2115 10909 5
2115 9406 5
2115 3894 5
2115 9698 2
2115 9599 4
2115 1371 5
2115 5823 4
2115 5096 5
2115 6791 4
2116 2879 1
2116 97 5
2116 8992 5
2116 5133 4
2116 9572 5
2116 1441 1
2116 3595 1
2116 7885 3
2116 9924 5
2117 8351 5
2117 11118 4
2117 9636 3
2117 5520 5
2117 2720 2
2117 3788 5
2117 3607 1
2117 3117 5
2117 9858 4
2117 4748 5
2117 5170 1
2117 11383 4
2117 3469 4
2117 2603 5
2117 9630 4
2117 9886 3
2117 3252 5
2117 11269 4
2117 3869 2
2117 10293 4
2117 6930 5
2117 1075 2
2117 3774 4
2117 1524 5
2117 9887 5
2117 10923 4
2117 8281 4
2117 2241 4
2117 10503 5
2117 4771 5
2117 3985 1
2117 459 5
2117 4191 4
2117 10582 4
2117 5137 5
2117 2993 3
2117 5226 3
2117 10423 2
2117 1457 1
2117 6961 5
2117 974 1
2117 11182 4
2117 10250 5
2117 1454 5
2117 360 5
2117 3943 5
2117 411 5
2117 10962 5
2117 1365 5
2117 8848 5
2117 1509 4
2117 4624 5
2117 3810 4
2117 4645 4
2117 9546 2
2117 5359 5
2118 9700 2
2118 9218 4
2118 10119 5
2118 4465 5
2118 4444 5
2118 4232 2
2118 9085 3
2118 3339 5
2118 9773 2
2118 891 5
2118 8633 4
2119 1540 4
2119 2427 4
2119 1289 2
2119 780 3
2119 632 4
2119 1963 4
2119 5459 4
2119 11143 5
2119 5447 3
2119 2169 3
2119 7050 4
2119 7577 5
2119 10226 3
2119 3821 2
2119 8335 4
2119 1395 3
2119 673 4
2119 674 5
2119 8650 4
2119 9424 3
2119 104 2
2119 8941 5
2119 11384 3
2119 4781 5
2119 4417 4
2119 3322 5
2119 2906 5
2119 132 5
2119 4720 3
2119 712 5
2119 1766 4
2119 1761 4
2119 772 4
2119 2670 4
2119 4026 3
2119 4844 2
2119 11385 3
2119 8410 4
2119 4206 4
2119 1303 4
2119 7816 4
2119 6640 3
2119 9014 2
2119 11122 5
2119 395 4
2119 1387 2
2119 4222 3
2119 3418 3
2119 5210 4
2119 7660 4
2119 11386 4
2119 5424 3
2119 6370 4
2119 1278 3
2119 6641 3
2119 1326 4
2119 3272 3
2119 759 5
2119 3388 4
2119 8682 4
2119 4980 3
2119 1350 3
2119 900 5
2119 11387 5
2119 572 3
2119 739 5
2119 323 3
2119 1367 4
2119 710 3
2119 832 4
2119 5222 3
2119 28 3
2119 5454 3
2119 4816 4
2119 720 4
2119 732 3
2119 11129 3
2119 211 5
2119 741 1
2119 5076 4
2119 309 5
2119 740 3
2119 9432 4
2119 1410 3
2119 738 3
2119 48 5
2119 2935 5
2119 3083 5
2119 3761 3
2119 762 5
2119 10400 1
2119 10264 4
2119 1300 4
2119 901 4
2119 312 4
2119 448 4
2119 807 3
2119 6649 4
2119 4101 5
2119 823 2
2119 5055 3
2119 5156 3
2119 3773 3
2119 5773 2
2119 2741 4
2119 4705 4
2119 8943 5
2119 1852 4
2119 4058 1
2119 8234 2
2119 5833 5
2119 2741 5
2119 11388 4
2119 11380 5
2120 8390 3
2120 9417 2
2120 5529 5
2120 3617 5
2120 5459 5
2120 900 5
2120 9073 5
2120 1329 5
2120 9911 5
2120 3868 4
2120 3041 5
2120 11093 4
2120 11389 5
2120 10597 5
2120 3762 1
2120 6141 5
2120 10547 5
2120 3810 5
2120 5509 5
2120 2593 4
2120 2220 5
2120 9838 4
2120 11383 4
2120 2674 5
2120 10558 5
2120 5356 5
2120 580 5
2120 9064 4
2120 11390 5
2120 5355 5
2121 4412 5
2121 8168 5
2121 2746 5
2121 5459 5
2122 759 5
2122 258 5
2122 484 4
2122 901 5
2122 4275 5
2122 10392 5
2122 3451 5
2122 917 5
2122 3063 1
2122 3562 5
2122 9430 5
2122 912 4
2122 4449 5
2122 929 5
2122 916 5
2122 1607 4
2122 3266 5
2122 913 3
2122 5155 5
2122 3713 5
2122 3609 5
2122 10513 5
2122 574 5
2122 5295 5
2122 934 5
2122 4876 5
2122 5127 5
2122 3773 5
2122 5168 5
2122 3762 5
2122 2908 5
2122 9671 5
2123 9294 3
2123 1331 5
2123 11202 4
2123 1583 3
2123 4747 4
2123 9576 5
2123 1366 4
2123 3035 4
2123 6861 5
2123 169 4
2123 7553 4
2123 2716 3
2123 2692 5
2123 3046 2
2123 9510 4
2123 10400 3
2123 2582 4
2123 3000 5
2123 7608 4
2123 8088 5
2123 8281 4
2123 9934 2
2123 2756 3
2123 9416 4
2123 465 4
2123 380 4
2123 830 3
2123 6842 3
2123 10326 3
2123 7550 4
2123 9783 5
2123 3884 4
2123 9236 4
2123 930 4
2123 10750 4
2123 5497 5
2123 10032 2
2123 11391 5
2123 9771 3
2123 1349 3
2123 7851 5
2123 6961 5
2123 10918 5
2123 11376 5
2123 5733 4
2123 812 5
2123 11392 4
2123 1503 4
2123 701 5
2123 10678 4
2123 1052 4
2123 7865 5
2123 7527 5
2123 3784 5
2123 8757 4
2123 943 5
2123 3936 4
2123 1969 4
2123 7517 4
2123 7535 4
2123 11302 2
2123 6722 4
2124 11213 5
2124 772 3
2124 832 5
2124 728 5
2124 762 3
2124 6087 4
2124 8053 1
2124 1898 4
2124 193 5
2124 178 5
2124 3666 5
2124 7356 4
2124 4823 5
2124 142 5
2124 104 1
2124 3146 5
2124 2847 5
2124 258 1
2124 7499 5
2124 3323 5
2124 8641 4
2124 10214 4
2124 3758 5
2124 4299 5
2124 896 5
2124 8052 4
2124 9119 5
2124 10416 5
2124 10761 5
2124 10210 5
2124 8169 3
2124 1004 2
2124 6683 5
2124 175 5
2124 10080 5
2124 5185 5
2124 640 3
2124 6124 1
2124 923 5
2124 5277 5
2124 895 5
2124 10749 5
2124 5295 5
2124 170 5
2124 3734 5
2124 4791 4
2124 5841 5
2124 900 5
2124 1515 5
2124 4371 5
2124 920 1
2124 5825 5
2124 10331 5
2124 3339 5
2124 7596 5
2124 5479 4
2124 10318 5
2124 5263 3
2124 7354 5
2124 3763 5
2124 8526 5
2124 3118 5
2124 8493 4
2124 3320 5
2124 10797 5
2124 10234 5
2124 11393 5
2124 940 5
2124 3830 5
2124 6457 5
2124 5382 5
2124 7350 5
2124 248 5
2124 663 4
2124 5374 5
2124 4958 5
2124 6240 5
2124 11321 5
2124 5110 5
2124 2927 5
2124 6259 5
2124 10760 5
2124 999 5
2124 10205 1
2124 10032 3
2124 4427 5
2124 4358 4
2125 779 5
2125 867 5
2125 95 5
2125 3335 4
2125 854 5
2125 8488 4
2125 5122 1
2125 5832 4
2125 10370 4
2125 904 5
2125 6332 4
2125 11344 4
2125 5657 4
2125 814 5
2125 862 5
2125 7574 4
2125 8494 4
2125 10286 5
2125 967 5
2125 5239 5
2125 3715 5
2126 729 4
2126 11390 4
2126 11394 5
2126 9168 4
2126 9949 5
2126 1035 4
2126 1062 5
2126 10294 4
2126 5776 5
2126 2095 4
2126 5549 4
2126 5003 4
2126 3603 4
2126 3401 3
2126 4545 5
2126 1505 4
2126 3871 1
2126 3144 5
2126 1876 4
2126 2266 3
2126 7969 5
2126 2242 4
2126 5438 5
2126 8063 5
2126 4854 4
2126 256 4
2126 1905 5
2126 4530 5
2126 2398 4
2126 2329 3
2126 3422 4
2126 5000 4
2127 5340 4
2127 4281 5
2127 836 5
2127 9335 4
2127 9336 4
2127 3587 2
2127 11117 5
2127 4682 5
2127 8118 3
2127 10894 5
2127 11153 5
2127 4647 1
2127 8571 5
2127 3156 5
2127 10399 4
2127 4275 4
2127 10340 4
2127 925 5
2127 327 4
2127 8396 4
2127 9071 5
2127 2689 3
2127 7046 4
2127 6184 4
2127 9191 3
2127 5228 4
2127 9119 5
2127 3849 4
2127 9212 1
2127 3887 3
2127 3941 5
2127 3329 5
2127 10700 3
2127 1733 5
2127 4056 5
2127 8598 4
2127 5294 5
2127 9742 2
2127 10157 4
2127 10888 5
2127 5228 3
2127 5314 2
2127 2707 4
2127 2593 5
2127 5393 3
2127 3446 5
2127 1344 5
2127 1493 5
2127 1344 5
2127 5890 5
2127 10497 4
2128 3748 5
2128 7633 3
2128 9903 5
2128 8898 5
2128 11395 5
2128 5774 5
2128 7188 4
2128 1041 5
2128 3913 5
2128 10591 4
2128 4634 4
2128 9412 3
2128 5601 4
2128 10367 5
2129 8842 5
2129 4834 5
2129 3915 4
2129 4114 5
2129 10128 5
2129 4414 4
2129 4345 2
2129 5197 5
2129 10670 4
2129 924 5
2129 1069 5
2129 5656 5
2129 10119 5
2129 8969 5
2129 7845 5
2129 4409 4
2129 4135 4
2129 966 5
2129 1067 3
2130 7838 4
2130 3626 4
2130 9911 5
2130 4074 2
2130 8282 5
2130 10423 4
2130 11150 4
2130 9361 4
2130 2329 5
2130 2297 5
2130 3773 5
2130 4286 4
2130 5474 4
2130 3617 4
2130 5833 5
2130 10359 5
2130 10960 4
2130 9092 5
2130 8168 4
2130 6621 5
2130 2730 4
2130 10360 5
2131 118 4
2131 2713 5
2131 2710 2
2131 10667 5
2131 1443 4
2131 10994 5
2131 8324 5
2131 909 1
2131 8779 5
2131 5639 4
2131 3935 5
2131 10376 4
2131 5472 4
2131 1329 5
2131 1445 5
2132 11396 5
2132 3849 1
2132 7548 4
2132 3849 2
2132 11397 5
2133 8087 1
2133 5213 1
2133 7834 1
2133 4705 4
2133 5467 2
2134 7645 1
2134 8346 4
2134 8378 4
2134 11144 4
2134 4788 5
2134 5059 5
2134 2612 5
2134 786 5
2134 11345 5
2134 3835 5
2134 821 5
2134 7198 5
2134 1277 5
2134 830 5
2134 1275 5
2134 1263 5
2134 3857 3
2134 2145 5
2134 312 5
2134 10345 4
2134 11398 5
2134 211 5
2134 5977 5
2134 3778 5
2134 4395 5
2134 4794 5
2134 728 5
2134 10460 5
2134 812 5
2134 4625 5
2134 690 5
2134 10534 5
2134 9938 4
2134 11013 5
2134 2194 4
2134 736 4
2134 2908 5
2134 10257 5
2134 2194 5
2134 693 5
2134 3853 5
2134 1522 5
2134 3275 5
2135 8335 2
2135 3266 5
2135 904 4
2135 3772 4
2135 9672 5
2135 10029 3
2135 3778 5
2135 5406 5
2135 5239 5
2135 10910 5
2135 2465 5
2135 1048 4
2135 5482 4
2135 5776 5
2135 10129 5
2135 286 5
2135 9866 4
2135 930 5
2135 9741 5
2135 9665 5
2135 9677 4
2135 3446 4
2135 1383 5
2135 5159 5
2135 5938 4
2135 8032 4
2135 9769 5
2135 3768 4
2135 2701 5
2135 136 5
2135 7125 5
2135 10346 5
2135 1457 4
2135 4854 3
2135 5376 5
2135 1960 4
2135 9805 3
2135 4917 3
2135 7427 3
2135 10064 5
2135 5220 5
2135 4277 5
2135 4394 2
2135 327 5
2135 10264 4
2135 11399 3
2135 7487 4
2135 8362 5
2135 4634 4
2135 5058 2
2135 4629 5
2135 9500 4
2135 10930 3
2135 4054 2
2135 10353 2
2135 8124 4
2135 3917 5
2135 4939 5
2135 10646 5
2135 5226 2
2135 4275 5
2135 7687 2
2135 783 5
2135 8510 5
2135 6791 5
2135 271 3
2135 9763 5
2135 7548 5
2135 1049 5
2135 3627 5
2135 5481 5
2135 3064 4
2135 3819 5
2135 10723 5
2135 8504 5
2135 3138 4
2135 2570 5
2135 1062 5
2135 3421 2
2135 3954 4
2135 9606 3
2135 5385 5
2135 1467 5
2135 5585 5
2135 10820 4
2136 4877 5
2136 8740 5
2136 11400 5
2136 7856 4
2136 2729 3
2136 3480 5
2136 3967 4
2136 4135 5
2136 9665 3
2136 5605 4
2136 10812 5
2136 4524 4
2136 11152 5
2136 11401 2
2136 5482 4
2136 6960 5
2136 10500 4
2136 7444 4
2136 5749 5
2136 10227 5
2136 7869 4
2136 10059 5
2136 6959 4
2136 9936 1
2136 8287 4
2136 978 1
2136 11301 5
2136 6614 4
2136 3606 2
2136 901 4
2136 4514 4
2136 5228 4
2136 10969 5
2136 5549 4
2136 5228 2
2136 9326 5
2136 6618 5
2136 5733 4
2136 10571 1
2136 9826 5
2136 1471 3
2136 5464 3
2136 1021 4
2136 892 4
2136 3944 4
2136 1094 5
2136 6958 4
2136 1424 5
2136 979 5
2136 10485 3
2136 1048 4
2136 10541 5
2136 5380 5
2136 10251 4
2136 10468 5
2136 934 2
2136 1526 3
2136 1481 4
2136 1099 5
2136 3717 2
2136 10860 4
2136 2095 4
2136 1522 5
2136 2648 5
2136 10948 3
2136 9437 3
2136 4096 5
2136 1515 5
2136 9135 4
2136 9459 5
2136 10718 5
2136 9212 2
2136 3777 4
2136 920 2
2136 4345 4
2136 9442 3
2136 4949 5
2136 11009 5
2136 5529 5
2136 10770 5
2136 3893 5
2136 8353 4
2136 11242 5
2136 900 5
2136 5468 5
2136 9491 5
2136 1515 5
2136 3892 5
2136 5342 5
2136 10439 5
2136 5466 5
2136 966 5
2137 4488 4
2137 7712 5
2137 5340 3
2137 9193 5
2137 2718 5
2137 3252 5
2137 9669 4
2137 3822 5
2137 9485 4
2137 5075 4
2137 10334 3
2137 2697 5
2137 2590 5
2137 3778 3
2137 640 1
2137 1082 3
2137 5625 5
2137 9140 5
2137 979 5
2137 6019 5
2137 1067 3
2137 3422 5
2137 8874 1
2137 11402 5
2137 11403 5
2137 3861 5
2137 814 5
2137 7192 5
2137 3797 5
2137 901 4
2137 3796 5
2137 928 5
2137 3793 5
2137 3791 5
2137 1513 1
2137 5525 4
2137 1876 4
2137 3152 5
2137 1329 5
2137 8751 5
2137 934 5
2137 3953 5
2137 622 5
2137 5496 5
2137 5355 5
2137 1466 5
2137 900 5
2137 2756 5
2137 749 5
2137 8830 5
2137 3617 5
2137 4022 4
2137 5458 5
2137 3806 5
2137 5392 5
2137 1054 5
2137 3808 5
2137 10662 5
2137 1241 5
2137 9491 5
2137 2558 5
2138 3943 5
2138 4717 5
2138 5080 5
2138 5833 5
2138 7431 5
2138 5841 5
2138 1443 3
2138 4396 4
2138 6618 5
2138 4399 5
2139 2930 5
2139 10717 4
2139 9456 5
2139 10806 4
2139 4286 5
2139 5607 4
2139 10565 5
2139 4277 4
2139 5425 3
2139 8453 3
2140 857 5
2140 3750 5
2140 7759 5
2140 2701 5
2140 1442 5
2140 5417 5
2140 9635 2
2140 10851 5
2141 3778 5
2141 574 1
2141 8197 5
2141 10759 4
2141 10533 5
2141 4673 2
2141 5284 5
2141 909 1
2141 1028 5
2141 10347 5
2142 978 5
2142 913 4
2142 10482 5
2142 272 5
2142 10129 5
2142 10945 2
2142 9436 5
2142 1476 1
2142 5165 3
2142 985 5
2143 11262 2
2143 5476 1
2143 862 5
2143 4045 5
2143 5531 3
2143 9689 5
2143 1058 4
2143 8198 4
2143 1096 5
2143 6652 2
2144 4800 3
2144 8712 5
2144 5997 4
2144 8634 4
2144 2494 4
2144 3770 5
2144 997 5
2144 8288 5
2144 3444 4
2144 5646 5
2145 5451 5
2145 1260 5
2145 234 5
2145 732 3
2145 759 4
2145 104 5
2145 4825 5
2145 1093 5
2145 900 5
2145 4565 4
2145 574 4
2145 3220 5
2145 1691 5
2145 945 5
2145 10896 4
2145 7992 5
2145 277 5
2145 10032 5
2145 10303 5
2145 11404 5
2145 9948 4
2145 906 5
2145 8005 5
2145 7427 4
2145 10789 3
2145 4277 3
2145 967 5
2145 8505 3
2145 952 5
2145 8668 5
2145 299 5
2145 5246 5
2145 5997 5
2145 9438 5
2145 4135 5
2145 11405 5
2145 9781 4
2145 5245 5
2145 10517 5
2145 10644 5
2145 4489 5
2145 7487 4
2145 10888 5
2145 5163 5
2145 1960 5
2145 977 5
2145 1516 3
2145 266 5
2145 919 5
2145 1013 3
2145 239 5
2145 8495 4
2145 11399 1
2145 10527 5
2145 2499 5
2145 1052 5
2145 9997 3
2145 9443 5
2145 9590 1
2145 5058 3
2145 3619 5
2145 5531 5
2145 10867 5
2145 9449 3
2145 1048 5
2145 3830 4
2145 9650 5
2145 4634 4
2145 8033 5
2145 9771 5
2145 10356 5
2145 3884 5
2145 3757 5
2145 8826 5
2145 3194 5
2145 10903 5
2145 1017 5
2145 5177 5
2145 8635 5
2145 8314 5
2145 11406 5
2145 10563 5
2145 9613 4
2145 3820 5
2145 7770 5
2145 11038 3
2145 7437 4
2145 9606 4
2145 934 5
2145 3886 4
2145 1607 2
2145 5048 4
2145 6332 4
2145 5000 5
2145 1049 5
2145 3949 3
2146 7728 5
2146 1768 4
2146 829 5
2146 738 5
2146 288 1
2146 704 5
2146 211 4
2146 3498 4
2146 4513 5
2146 4305 5
2146 10634 5
2146 6457 5
2146 2095 3
2146 3096 5
2146 8495 5
2146 954 5
2146 3272 4
2146 9322 5
2146 11393 4
2146 1365 5
2146 4400 5
2146 10128 5
2146 11407 5
2146 5345 5
2146 11408 5
2146 9568 5
2146 3846 5
2146 5466 5
2146 992 4
2146 10894 5
2146 3940 5
2146 6654 3
2146 9677 5
2146 11356 4
2146 1067 4
2146 4785 5
2146 2093 4
2146 9212 3
2146 10725 5
2146 5733 4
2146 3782 4
2146 1357 5
2146 4203 4
2146 6562 4
2146 990 5
2147 8228 3
2147 2712 5
2147 2662 5
2147 2648 4
2147 4991 5
2147 11409 5
2147 2558 4
2147 8485 5
2147 4216 4
2147 655 5
2148 2936 5
2148 8592 5
2148 8596 5
2148 2609 3
2148 3419 5
2148 7585 4
2148 3111 5
2148 1441 3
2148 2048 5
2148 4694 5
2148 3199 4
2148 9763 5
2148 3781 4
2148 798 5
2148 5571 4
2148 55 4
2148 2670 4
2148 3146 5
2148 5026 5
2148 3463 5
2148 6564 5
2148 8563 5
2148 9947 5
2148 8615 5
2148 8292 5
2148 7188 5
2148 5549 5
2148 920 4
2148 2465 5
2148 2731 5
2148 9447 3
2148 963 5
2148 11410 5
2148 892 2
2148 1870 4
2148 5163 5
2148 8495 4
2148 2152 1
2148 6382 4
2148 9298 4
2148 900 5
2148 5638 4
2148 979 5
2148 4472 5
2148 5579 4
2148 4878 5
2148 4393 5
2148 1503 3
2148 4878 5
2148 1461 3
2148 8896 5
2148 1450 4
2148 934 4
2148 5220 3
2148 9411 4
2148 5042 5
2148 8500 5
2148 10786 4
2148 5537 5
2148 7373 5
2148 3954 4
2148 1439 4
2148 8322 3
2148 991 5
2148 11411 5
2148 4400 4
2148 8881 4
2148 5318 4
2148 11042 5
2148 5537 5
2149 6621 5
2149 6941 5
2149 3322 5
2149 867 4
2149 830 5
2149 4938 5
2149 4268 5
2149 1842 5
2149 2716 4
2149 477 5
2149 2194 4
2149 3596 4
2149 5843 5
2149 6499 5
2149 3146 5
2149 936 2
2149 7202 4
2149 9603 5
2149 3778 4
2149 5476 2
2149 1220 4
2149 4776 5
2149 6129 5
2149 10147 5
2149 3853 5
2149 7851 3
2149 10343 5
2149 2281 4
2149 10243 3
2149 8351 5
2149 7203 5
2149 3874 4
2149 2689 4
2149 5634 4
2149 6662 5
2149 8317 5
2149 3617 5
2149 3782 5
2149 1481 2
2149 8426 5
2149 8586 5
2149 3797 5
2150 2062 3
2150 829 5
2150 1515 3
2150 3035 4
2150 288 5
2150 313 3
2150 766 3
2150 9276 2
2150 1428 4
2150 934 3
2150 9485 5
2150 5000 5
2150 8280 4
2150 6614 5
2150 613 2
2150 10298 3
2150 5579 4
2150 108 2
2150 936 4
2150 11412 4
2150 410 4
2150 3041 5
2150 638 4
2150 3615 2
2150 3617 5
2150 5367 2
2150 2648 3
2150 1450 2
2150 1021 5
2151 5191 4
2151 742 2
2151 3805 4
2151 3146 5
2151 3778 3
2151 9933 4
2151 9981 4
2151 2670 4
2151 4624 4
2151 1017 5
2151 11413 5
2151 2263 4
2151 3875 1
2151 3615 3
2151 3617 4
2151 3108 4
2151 9535 5
2151 3041 4
2151 1842 5
2151 3797 5
2151 1270 5
2151 1876 5
2151 7546 3
2152 1431 1
2152 25 5
2152 10473 4
2152 1551 5
2152 1498 5
2152 4888 5
2152 10555 3
2152 5228 5
2152 7222 5
2152 1457 1
2152 934 5
2152 10938 5
2152 974 3
2152 8042 5
2152 1629 5
2152 8846 5
2152 1501 5
2152 964 1
2152 3267 4
2152 10717 4
2152 900 5
2152 2174 5
2152 3867 4
2152 3422 5
2152 3869 4
2152 9743 5
2152 3617 5
2152 3393 4
2152 11414 5
2152 885 5
2152 9216 1
2152 1241 5
2153 3778 4
2153 8720 4
2153 7544 4
2153 10702 5
2153 11157 5
2153 9416 5
2153 11413 5
2153 1486 5
2153 5744 4
2153 2648 5
2153 10551 2
2154 5466 5
2154 1348 5
2154 969 5
2154 4690 5
2154 9557 4
2154 4673 3
2154 10323 4
2154 9866 5
2154 10316 4
2154 3985 5
2154 4848 3
2154 814 5
2154 1513 1
2154 11360 5
2154 11308 5
2154 4074 3
2154 10261 1
2154 5244 4
2154 9769 5
2154 10656 5
2154 6980 4
2154 1026 5
2154 10129 5
2154 4051 5
2154 8633 3
2154 3717 4
2154 4784 2
2154 3447 5
2154 2721 3
2154 6573 4
2154 1067 5
2154 1523 1
2154 5607 4
2154 5058 2
2154 11415 3
2154 10333 2
2154 1042 4
2154 947 5
2154 934 5
2154 10784 5
2154 974 4
2154 3801 5
2154 4216 5
2155 104 5
2155 773 4
2155 3762 5
2155 9071 2
2155 735 5
2155 5810 4
2155 11390 4
2155 2756 4
2155 313 5
2155 2398 3
2155 196 3
2155 1466 4
2155 312 1
2155 9584 1
2155 258 3
2155 288 3
2155 323 2
2155 9914 5
2155 8346 5
2155 3834 5
2155 8249 2
2155 5608 5
2155 1387 1
2155 583 5
2155 6547 5
2155 1275 1
2155 9276 3
2155 9814 2
2155 6478 4
2155 11416 4
2155 4210 4
2155 8339 4
2155 842 4
2155 3322 4
2155 466 4
2155 4776 5
2155 1791 5
2155 9304 4
2155 8060 5
2155 8168 4
2155 867 4
2155 3146 1
2155 3499 5
2155 978 2
2155 1220 2
2155 2363 4
2155 1441 2
2155 1474 5
2155 1082 3
2155 3821 3
2155 9290 5
2155 3590 3
2155 2730 4
2155 2266 3
2155 1158 5
2155 1158 3
2155 9938 2
2155 5651 2
2155 3827 1
2155 2194 3
2155 3613 5
2155 1062 5
2155 3421 5
2155 11035 4
2155 5301 2
2155 7872 2
2155 2206 5
2155 814 4
2155 1286 2
2155 10148 1
2155 4048 1
2155 465 4
2155 6968 2
2155 6904 1
2155 9920 3
2155 2320 4
2155 2670 3
2155 2323 5
2155 1054 2
2155 10200 5
2155 934 5
2155 412 4
2155 9535 5
2155 9916 5
2155 10232 4
2155 2689 3
2155 10176 5
2155 3615 3
2155 9271 4
2155 900 5
2155 2304 2
2155 3757 1
2155 10840 1
2155 4917 1
2155 10147 4
2155 968 4
2155 10361 5
2155 108 3
2155 3612 2
2155 3796 5
2155 11271 4
2155 8869 3
2155 11417 5
2155 9997 5
2155 1483 5
2155 1297 5
2155 10460 5
2155 9969 5
2155 1044 1
2155 4589 5
2155 2376 2
2155 9235 3
2155 638 5
2155 2557 4
2155 8409 4
2155 10828 4
2155 10295 3
2155 2444 4
2155 3388 3
2155 1471 5
2155 2590 5
2155 5501 1
2155 11418 4
2155 11419 2
2155 1084 4
2155 9936 2
2155 8834 4
2155 1424 5
2155 3423 2
2155 1488 5
2155 7869 3
2155 8864 4
2155 3688 2
2155 8122 4
2155 488 5
2155 4527 4
2155 1087 1
2155 9872 3
2155 9910 5
2155 2194 5
2155 1220 5
2155 2607 4
2155 11247 4
2155 2262 2
2155 9935 4
2155 2264 5
2155 11305 5
2155 3380 3
2155 11198 4
2155 4628 3
2155 9131 5
2155 9390 5
2155 521 2
2155 8279 1
2155 4776 5
2155 3878 1
2155 523 4
2155 3876 5
2155 8310 5
2155 9915 3
2155 932 5
2155 4019 1
2155 1060 2
2155 10503 5
2155 11271 5
2156 2515 4
2156 2890 3
2156 11184 5
2156 4247 4
2156 3742 4
2156 8576 4
2156 704 5
2156 7234 5
2156 9224 4
2156 4205 4
2156 3254 5
2156 738 4
2156 2555 3
2156 4748 5
2156 3797 4
2156 9944 5
2157 8317 5
2157 3992 5
2157 3834 5
2157 9180 4
2157 5816 5
2157 2169 1
2157 1137 5
2157 2678 2
2157 4881 4
2157 686 5
2157 6657 4
2157 3832 5
2157 11252 5
2157 5231 5
2157 7617 4
2157 5833 3
2157 3811 5
2157 5443 5
2157 2854 3
2157 11392 5
2157 5530 5
2157 11417 1
2157 773 5
2157 3817 5
2157 1082 3
2157 5811 5
2157 9924 4
2157 8328 5
2157 8455 4
2157 8115 5
2157 2616 5
2157 10945 3
2157 10201 4
2157 992 5
2157 3866 4
2157 8637 4
2157 5194 5
2157 9811 5
2157 1365 5
2157 3749 4
2157 1985 5
2157 3790 4
2157 842 4
2157 1043 5
2157 4634 4
2157 3617 5
2157 3322 5
2157 8299 4
2157 706 4
2157 312 4
2157 862 5
2157 258 5
2157 867 5
2157 2194 3
2157 3146 4
2157 3824 2
2157 5228 2
2157 1062 4
2157 9451 5
2157 1450 4
2157 1329 5
2157 8322 2
2157 10771 5
2157 1082 5
2157 934 5
2157 9241 5
2157 3796 5
2157 8310 5
2157 9240 5
2157 9458 5
2158 9330 3
2158 5466 5
2158 3801 1
2158 3873 5
2158 4033 5
2158 3892 5
2158 4787 5
2158 1503 5
2158 7209 5
2158 4949 5
2158 3796 5
2159 276 5
2159 312 5
2159 2705 4
2159 4496 5
2159 3000 5
2159 4094 4
2159 9119 4
2159 288 5
2159 10993 5
2159 9469 4
2159 762 5
2159 1413 3
2159 4050 5
2159 3322 5
2159 227 5
2159 11420 5
2159 5137 4
2159 4556 5
2159 4996 5
2159 5382 5
2159 5459 5
2159 9202 5
2159 9754 5
2159 919 5
2159 5313 5
2159 8589 5
2159 3738 5
2160 3906 5
2160 900 5
2160 239 4
2160 928 5
2160 992 5
2160 977 4
2160 9539 5
2160 10186 5
2160 3275 4
2160 10118 5
2160 901 5
2160 61 5
2160 4788 5
2160 10794 5
2160 4595 1
2160 979 5
2160 1461 4
2160 143 5
2160 5348 2
2160 1348 4
2160 11421 4
2160 10417 5
2160 978 3
2160 4426 5
2160 10685 4
2160 4304 5
2160 193 5
2160 4345 2
2160 6692 5
2160 1060 5
2160 8117 5
2160 4365 5
2160 7992 4
2160 1513 1
2160 5853 3
2160 5891 5
2160 861 5
2160 6664 5
2160 3796 5
2160 934 5
2160 814 5
2160 3954 3
2160 7421 5
2160 1067 5
2160 3360 5
2160 10762 5
2160 1474 5
2160 143 4
2160 10319 5
2160 300 5
2160 5003 3
2160 10805 5
2160 974 3
2160 3944 2
2160 5183 2
2160 1075 3
2160 810 5
2160 892 2
2160 8299 4
2160 1032 4
2160 10041 4
2160 4791 2
2160 9219 4
2160 5512 4
2160 11422 4
2160 953 4
2160 4437 2
2160 1049 4
2160 4394 2
2160 3686 4
2160 9287 3
2160 5467 3
2160 10877 2
2160 4661 3
2160 5397 4
2160 3801 2
2160 9665 5
2160 8500 3
2160 5466 5
2161 10056 5
2161 9485 5
2161 640 1
2161 1458 5
2161 1406 5
2161 10631 5
2161 901 4
2161 978 3
2161 5166 2
2161 5127 5
2161 10632 5
2161 3589 3
2161 10127 4
2161 10084 2
2161 992 5
2161 979 5
2161 944 5
2161 5316 2
2161 3559 5
2161 5625 3
2161 3762 5
2161 10027 3
2161 3680 5
2161 948 5
2161 10238 4
2161 4788 5
2161 1457 5
2161 3591 5
2161 11370 5
2161 4645 5
2161 3801 5
2161 6019 4
2161 994 5
2161 1048 5
2161 1515 5
2161 814 5
2161 7142 5
2161 1054 5
2161 4633 1
2161 10297 5
2161 1462 5
2161 11423 5
2161 4407 4
2161 1021 5
2161 934 5
2161 906 4
2161 7664 4
2161 3949 5
2161 857 5
2161 3687 4
2161 8519 3
2161 1329 3
2161 10669 2
2161 5813 5
2161 1506 5
2161 9657 5
2161 3869 5
2161 962 3
2161 8528 5
2161 1444 5
2161 11000 3
2161 5222 5
2161 5220 4
2161 4394 4
2161 9491 5
2161 6633 4
2161 3623 3
2161 991 5
2161 990 5
2161 5229 4
2161 3943 4
2161 3478 5
2162 1995 4
2162 1408 5
2162 9528 5
2162 1443 4
2162 762 5
2162 8827 5
2162 1414 1
2162 814 3
2162 1419 1
2162 1352 5
2162 3944 2
2162 5608 5
2162 9584 1
2162 1945 5
2162 1943 5
2162 836 1
2162 1277 5
2162 5615 5
2162 5640 1
2162 10677 4
2162 2206 5
2162 1502 4
2162 2675 5
2162 9958 5
2162 1043 5
2162 4705 5
2163 11163 5
2163 4726 3
2163 2816 1
2163 9654 5
2163 309 5
2163 10318 5
2163 10187 4
2163 919 3
2163 11424 5
2163 717 5
2164 3025 5
2164 4277 4
2164 11425 5
2164 10297 5
2164 5766 5
2164 991 5
2164 1876 5
2164 1516 3
2164 7669 5
2164 10513 4
2164 10317 5
2164 5198 5
2164 5310 5
2164 5159 5
2164 2901 4
2164 10134 5
2164 10134 5
2164 4135 5
2164 2916 4
2164 2152 2
2164 3602 5
2164 8029 5
2164 5776 3
2164 7314 4
2164 10646 4
2164 10353 5
2164 465 5
2164 4321 4
2164 3869 5
2164 4135 5
2164 5815 4
2164 5220 5
2164 284 4
2164 5594 5
2164 1334 5
2164 1158 5
2164 7716 2
2164 10351 5
2164 1041 5
2164 4414 2
2164 5524 5
2164 6174 5
2165 10177 5
2165 2264 5
2165 2264 5
2165 11399 4
2165 10494 5
2165 4077 5
2165 5226 5
2165 1876 2
2165 11384 5
2165 3759 5
2165 5858 5
2165 1425 5
2165 272 4
2165 9915 5
2165 9493 5
2165 1048 5
2166 3776 4
2166 1509 5
2166 978 5
2166 3929 5
2166 9330 3
2166 4275 4
2166 3949 3
2166 3905 3
2166 945 5
2166 9665 5
2166 3617 4
2166 4214 5
2166 1519 2
2166 5383 3
2166 7992 5
2166 4784 2
2166 3954 5
2166 4135 2
2166 8287 5
2166 3142 5
2166 966 4
2166 10782 1
2166 1015 5
2166 1494 1
2166 5466 5
2166 4935 5
2166 9788 4
2166 10830 4
2166 3619 5
2166 992 4
2166 11326 5
2166 1082 2
2166 814 4
2166 900 5
2166 9870 5
2166 11426 4
2166 10975 2
2166 934 5
2166 977 5
2166 4394 5
2166 2756 5
2166 3615 5
2166 622 5
2166 1498 5
2166 3788 5
2166 4019 1
2166 514 5
2166 11271 5
2166 8763 5
2166 2329 4
2166 9535 5
2166 10287 4
2166 3275 5
2166 1375 4
2166 4735 5
2166 10128 4
2166 11427 5
2166 11401 5
2166 239 5
2166 327 4
2166 165 2
2166 10032 5
2166 11428 5
2166 3913 5
2167 5392 5
2167 9870 5
2167 9734 4
2167 6019 4
2167 11429 5
2167 9858 3
2167 2730 5
2167 5465 5
2167 11430 5
2167 9749 5
2167 11002 5
2167 10885 3
2167 3656 5
2167 3252 4
2167 10587 5
2167 974 4
2167 5362 4
2167 1344 5
2167 3749 5
2167 1083 5
2167 6643 3
2167 10787 4
2167 6589 4
2167 10917 4
2167 6618 3
2167 5782 4
2167 11289 3
2167 11431 4
2167 11432 3
2167 11352 3
2167 6612 4
2167 8453 3
2167 10599 3
2167 11433 2
2167 4899 1
2167 10338 3
2167 4234 4
2167 11434 5
2167 10032 1
2167 4965 5
2167 313 5
2167 8026 5
2167 5584 4
2167 5370 5
2167 1329 5
2167 3801 5
2167 11435 4
2167 10630 3
2167 5358 1
2167 9703 4
2167 5389 5
2167 11160 5
2167 5228 4
2167 1060 4
2167 3861 4
2167 10002 2
2167 6019 4
2167 10487 3
2167 3352 4
2167 1096 1
2167 4074 1
2167 1484 5
2167 5355 5
2167 3784 5
2167 10670 5
2167 11055 4
2167 5338 5
2167 5390 5
2167 3808 4
2167 7302 5
2167 4011 5
2167 10629 5
2167 4216 4
2167 9518 5
2167 59 4
2167 5216 2
2167 239 4
2167 3748 4
2167 6631 4
2167 8671 4
2167 3756 4
2167 6633 4
2167 5835 4
2167 3621 3
2167 2690 3
2167 6638 4
2167 6039 4
2167 10769 2
2167 6595 4
2167 10505 4
2167 10789 3
2167 8322 4
2167 1959 4
2167 10488 3
2167 5229 4
2167 6632 4
2167 5833 5
2167 9838 5
2167 9748 5
2167 9746 4
2167 9560 3
2167 10631 4
2167 10495 4
2167 11339 4
2167 3796 5
2167 11313 5
2167 3849 3
2167 5356 5
2167 992 5
2167 6634 5
2168 10843 1
2168 9189 3
2168 3108 4
2168 3865 3
2168 10924 5
2168 3946 5
2168 903 5
2168 10375 4
2168 11406 4
2168 3869 5
2168 1470 4
2168 7487 5
2168 3913 4
2168 934 5
2168 5467 5
2168 5279 3
2168 994 5
2168 11278 3
2168 10122 1
2168 3697 5
2168 10474 4
2168 9554 5
2168 3863 5
2168 3927 2
2168 10976 4
2168 9368 5
2168 6344 5
2168 857 5
2168 1365 4
2168 3943 5
2168 3680 5
2168 10113 3
2168 3750 2
2168 9210 1
2168 3852 4
2168 3579 5
2168 1021 5
2168 3954 4
2168 5042 4
2168 1329 5
2168 3715 3
2168 4614 5
2169 9918 5
2169 1096 4
2169 10939 3
2169 1407 5
2169 4634 2
2169 3422 5
2169 1503 4
2169 3796 5
2170 4203 5
2170 5198 5
2170 978 4
2170 9485 5
2170 4154 4
2170 10226 2
2170 1496 2
2170 4189 5
2170 9173 5
2170 3827 3
2170 5235 5
2170 8500 2
2170 909 1
2170 4403 3
2170 1429 5
2170 7935 4
2170 7902 4
2170 7160 5
2170 11403 5
2170 3798 3
2170 4358 3
2170 8654 4
2170 2701 5
2170 256 5
2170 1097 3
2170 11436 4
2170 5525 1
2170 979 5
2170 11384 5
2170 10704 5
2170 3942 5
2170 8663 4
2170 8663 3
2170 10870 3
2170 2741 4
2170 3865 4
2170 1087 1
2170 4629 4
2170 3867 4
2170 10312 5
2170 5780 5
2170 10625 3
2170 814 5
2170 3868 3
2170 4949 5
2170 1357 5
2170 4878 4
2170 11437 4
2170 900 5
2170 3869 3
2170 7098 4
2170 958 5
2170 11169 5
2170 8493 3
2170 10876 5
2170 8495 4
2170 11356 5
2170 934 5
2170 1513 1
2170 7331 4
2170 3717 4
2170 9376 5
2170 3626 5
2170 901 5
2170 4565 3
2170 10702 5
2170 2095 5
2170 2742 4
2170 8606 5
2170 10483 4
2170 986 5
2170 9090 4
2170 6958 5
2170 3940 3
2170 4633 5
2170 3748 4
2170 8648 4
2170 10465 5
2170 7664 5
2170 2752 5
2170 10995 4
2170 2616 5
2170 11314 3
2170 3583 4
2170 2639 5
2170 2612 4
2170 9554 5
2170 3784 2
2170 5617 5
2170 9676 5
2170 10051 4
2170 2614 4
2170 5127 4
2170 3839 4
2170 10670 5
2170 11438 4
2170 4216 1
2170 5742 4
2170 6041 5
2170 8572 5
2170 3195 4
2170 2749 5
2170 3949 3
2170 4634 5
2170 5226 4
2170 4786 4
2170 3927 2
2170 10784 5
2170 10408 4
2170 1365 5
2170 5828 4
2170 1349 3
2170 9657 5
2171 1076 4
2171 6457 5
2171 4107 4
2171 909 5
2171 954 5
2171 4788 4
2171 9410 5
2171 1067 5
2171 977 5
2171 974 4
2171 934 5
2171 10767 5
2171 8959 5
2171 8954 3
2171 1501 1
2171 955 5
2171 5048 4
2171 9085 2
2171 9805 5
2171 960 5
2171 957 5
2171 9679 5
2171 8505 3
2171 994 5
2171 964 4
2171 11404 3
2171 1026 5
2171 11340 5
2171 10483 2
2171 4649 4
2171 10281 5
2172 5041 4
2172 4509 2
2172 3717 5
2172 947 3
2172 1137 5
2172 9399 4
2172 10780 4
2172 10843 1
2172 9632 5
2172 9443 4
2172 3884 4
2172 10025 5
2172 3941 2
2172 900 5
2172 5537 4
2172 10858 4
2172 7920 3
2172 10195 4
2172 9274 4
2172 5025 5
2172 771 1
2172 9051 5
2172 8313 5
2172 7310 5
2172 7203 5
2172 8285 3
2172 8362 4
2172 3808 5
2172 4188 4
2172 4019 3
2172 9134 5
2172 4022 3
2172 7873 4
2172 3806 4
2172 934 5
2172 3853 5
2172 11016 2
2172 8404 5
2172 423 4
2172 3032 5
2172 9677 5
2172 3798 3
2172 10390 4
2172 10183 4
2172 3950 3
2173 5058 4
2173 26 5
2173 892 3
2173 5473 5
2173 974 3
2173 10584 3
2173 6562 5
2173 6019 5
2173 966 4
2173 5821 4
2173 3252 5
2173 3753 2
2173 11139 3
2173 1013 4
2173 3953 4
2173 4634 4
2173 4629 4
2173 10249 4
2173 10592 4
2173 3929 4
2173 1516 4
2173 814 3
2173 992 3
2173 9734 4
2173 239 4
2173 11439 5
2173 1406 5
2173 10337 4
2173 3881 3
2173 6267 4
2173 6488 3
2173 1458 2
2173 900 5
2173 6622 4
2173 1450 3
2173 9483 1
2173 934 5
2173 3824 2
2173 901 4
2173 5796 1
2173 9992 3
2173 9193 4
2173 4673 2
2173 974 3
2173 9947 4
2173 11007 3
2173 9255 3
2173 5355 4
2173 11440 3
2173 1329 5
2173 3808 3
2173 8633 5
2173 6601 1
2173 8615 2
2173 3352 3
2173 11400 4
2173 4788 3
2173 4645 3
2173 5361 2
2173 1365 5
2173 10894 4
2173 10885 2
2173 11318 4
2173 10035 2
2173 9833 2
2173 10326 4
2173 239 4
2173 9220 4
2173 6141 5
2173 10200 4
2173 5496 5
2173 5399 1
2173 4914 5
2173 4882 3
2173 10746 2
2173 1509 2
2173 990 3
2173 4137 3
2173 4645 3
2173 1079 2
2173 3619 2
2173 11441 5
2173 3161 5
2173 3801 5
2173 11383 2
2173 7712 5
2173 9212 2
2173 4395 2
2173 11313 5
2173 9493 4
2173 1049 3
2173 5574 5
2173 994 4
2173 9260 3
2174 10107 5
2174 4372 5
2174 9556 5
2174 6684 5
2174 4301 5
2174 815 5
2174 759 4
2174 7749 4
2174 1936 4
2174 10080 4
2174 8093 5
2174 3315 2
2174 5891 4
2174 11442 5
2174 4703 4
2174 3110 4
2174 5516 5
2174 8515 4
2174 10451 5
2174 9769 4
2174 1492 3
2174 1052 4
2174 1468 5
2174 7208 4
2174 9085 5
2174 5127 2
2174 5630 5
2174 934 4
2174 1688 5
2175 3768 5
2175 9218 4
2175 10220 4
2175 2875 5
2175 10412 4
2175 7052 4
2175 4358 2
2175 9723 4
2175 9459 5
2175 9799 5
2175 4829 5
2176 3587 3
2176 881 5
2176 7918 5
2176 10778 3
2176 4283 1
2176 984 5
2176 8745 4
2176 979 5
2176 3932 5
2176 9187 5
2176 3315 5
2176 9444 4
2176 5417 4
2176 5611 5
2176 10830 5
2176 9626 5
2176 239 5
2176 5345 4
2176 4712 5
2176 4878 5
2176 11356 5
2176 3208 5
2176 3726 5
2176 5737 4
2176 5733 5
2176 1513 5
2176 11443 5
2176 10261 4
2176 5232 5
2176 901 5
2176 10406 4
2176 9124 4
2176 9679 4
2176 5226 5
2176 10025 4
2176 9446 4
2176 978 5
2176 4387 5
2176 4736 5
2176 814 5
2176 934 5
2176 951 5
2176 5127 5
2176 4974 5
2176 900 5
2176 10595 2
2176 6332 5
2176 4275 5
2176 4490 5
2176 4862 5
2176 5441 5
2176 4791 5
2176 3937 5
2176 3949 5
2176 8759 2
2176 3954 5
2176 8495 5
2176 5244 5
2176 10397 4
2176 8598 5
2176 3884 5
2176 10493 3
2176 9741 4
2176 9119 3
2176 3954 2
2176 11391 5
2176 4385 5
2176 5499 5
2176 1559 5
2176 11444 1
2176 1067 5
2176 8500 5
2176 8961 5
2176 11443 5
2176 4386 5
2176 3937 5
2176 3937 5
2176 3937 5
2176 3949 3
2177 1876 5
2177 7192 5
2177 3660 5
2177 3569 5
2177 4936 5
2177 3195 5
2177 4339 5
2177 1467 5
2177 5595 5
2178 1413 5
2178 3883 5
2178 3810 5
2178 5658 5
2178 10677 5
2178 1302 4
2178 3686 4
2178 4890 4
2178 3778 4
2178 11008 5
2178 4221 4
2178 9831 4
2178 890 5
2178 5467 2
2178 6664 3
2178 11077 5
2178 1504 5
2178 3797 4
2178 9625 5
2178 11318 5
2178 10232 5
2178 2558 4
2178 5417 3
2178 9763 4
2178 3617 5
2178 10915 4
2178 5634 4
2178 2695 5
2178 4636 5
2178 8355 5
2178 7579 5
2178 892 4
2178 8949 4
2178 11445 4
2178 5651 4
2178 3738 5
2178 9048 4
2178 11020 4
2179 8907 5
2179 9199 5
2179 5427 5
2179 2158 5
2179 1393 3
2179 8375 5
2179 867 5
2179 8992 5
2179 6364 5
2179 1723 5
2179 2828 5
2179 7232 5
2179 11114 2
2179 4058 3
2179 3768 5
2179 943 5
2179 9607 5
2179 56 5
2179 10489 5
2179 11075 5
2179 9572 3
2179 1101 5
2179 3475 5
2179 8745 5
2179 3120 5
2179 9945 1
2179 4699 5
2179 979 5
2179 9237 3
2179 5226 4
2180 913 5
2180 4973 5
2180 1503 4
2180 8754 5
2180 5079 5
2180 10865 5
2180 289 5
2180 9757 5
2180 3935 5
2180 5651 4
2180 9495 5
2180 8751 4
2181 11325 5
2181 1447 4
2181 9670 4
2181 3963 5
2181 5239 4
2181 4465 4
2181 3447 4
2181 4928 4
2181 3566 5
2181 6623 2
2181 913 4
2181 997 5
2181 4917 2
2181 4962 5
2181 3666 5
2181 4530 4
2181 4012 3
2181 1476 1
2181 10349 5
2181 3590 4
2181 143 5
2181 10728 5
2181 6654 5
2181 3824 3
2181 5833 5
2181 6183 4
2181 6183 3
2181 465 5
2181 6499 4
2181 6584 4
2181 6654 5
2181 783 5
2181 3702 4
2181 9553 4
2181 1876 4
2181 3777 4
2181 574 2
2181 4275 4
2181 1442 3
2181 1503 3
2181 10725 4
2181 3685 3
2181 1474 4
2181 7572 5
2181 6618 5
2181 11399 5
2181 10467 4
2181 909 1
2181 10236 5
2181 1099 4
2181 2973 5
2181 1107 5
2181 10586 4
2181 1094 5
2181 10468 4
2181 923 4
2181 4673 1
2181 931 4
2181 4149 4
2181 1323 5
2181 8585 5
2181 10972 4
2181 11294 5
2181 10762 4
2181 9438 5
2181 11446 4
2181 6650 4
2181 930 4
2181 6604 4
2181 7504 4
2181 7507 5
2181 900 5
2181 8717 5
2181 6587 5
2181 8950 5
2181 7687 5
2181 1523 3
2181 4676 5
2181 5112 4
2181 928 4
2181 1077 5
2181 6087 5
2181 4234 4
2181 9451 4
2181 6496 5
2181 8671 4
2181 1067 4
2181 944 5
2181 10505 4
2181 974 4
2181 1501 1
2181 5997 5
2181 10583 5
2181 277 4
2181 6175 5
2181 3138 4
2181 9299 5
2181 10230 4
2181 10986 4
2181 5000 4
2181 7571 5
2181 4848 4
2181 5617 4
2181 10426 4
2181 926 5
2181 4135 5
2181 10563 4
2181 286 5
2181 3317 4
2181 7230 4
2181 8362 4
2181 5183 3
2181 812 5
2181 11297 4
2181 975 3
2181 8362 4
2181 5370 5
2181 4650 4
2181 1021 4
2181 1928 5
2181 10402 4
2181 10920 5
2181 1734 4
2181 953 4
2181 9465 5
2181 4040 4
2181 10649 4
2181 6846 5
2181 3810 4
2181 9406 4
2181 5178 4
2181 5297 3
2181 7397 4
2181 10982 4
2181 3855 4
2181 10397 4
2181 5345 3
2181 10599 3
2181 9120 5
2181 9437 4
2181 4300 5
2181 8032 4
2181 10594 5
2181 920 4
2181 1470 4
2181 785 5
2181 3010 4
2181 3686 4
2181 1461 4
2181 10769 3
2181 927 5
2181 3017 5
2181 56 5
2181 5891 5
2181 979 4
2181 9444 4
2181 7992 4
2181 5549 4
2181 4629 4
2181 9189 4
2181 11028 4
2181 10615 4
2181 10670 4
2181 9700 4
2181 2257 4
2181 1607 4
2181 992 4
2181 11054 4
2181 5773 4
2181 3949 4
2181 8650 4
2181 11342 4
2181 5279 4
2181 9684 4
2181 4633 3
2181 4408 3
2181 11064 4
2181 3315 4
2181 1076 3
2181 8322 3
2181 5835 4
2181 9441 4
2181 3469 4
2181 2095 5
2181 9439 5
2181 10224 4
2181 11192 4
2181 5026 5
2181 10472 3
2181 8637 4
2181 5775 4
2181 6457 4
2181 4062 4
2181 11447 4
2181 10682 4
2181 2690 3
2181 4917 3
2181 3944 4
2181 266 4
2181 3621 4
2181 125 4
2181 11051 5
2181 8831 4
2181 3220 3
2181 962 3
2181 191 4
2181 4561 5
2181 8842 5
2181 4372 4
2181 6632 3
2181 1493 4
2181 7540 3
2181 3819 5
2181 919 4
2181 284 4
2181 983 4
2181 10493 4
2181 3832 4
2181 2009 5
2181 9150 4
2181 4791 3
2181 1450 3
2181 6634 4
2181 3933 4
2181 11340 5
2181 9832 5
2181 858 5
2181 10107 4
2181 4321 4
2181 1357 4
2181 6631 4
2181 948 5
2181 10128 4
2181 8402 5
2181 7568 4
2181 10789 3
2181 6151 4
2181 10803 4
2181 9278 4
2181 8606 4
2181 9741 4
2181 6633 4
2181 6039 4
2181 888 5
2181 10376 5
2181 10465 4
2181 2977 5
2181 5379 5
2181 5323 4
2181 1837 5
2181 9125 4
2181 2675 5
2181 5398 4
2181 9572 4
2181 1513 1
2181 10317 4
2181 485 4
2181 10451 4
2181 3569 4
2181 10475 4
2181 9434 4
2181 7475 4
2181 10653 4
2181 9697 4
2181 1039 5
2181 9319 4
2181 3680 4
2181 966 4
2181 910 4
2181 10798 4
2181 9590 2
2181 6950 4
2181 8751 4
2181 4216 3
2181 1101 4
2181 3749 4
2181 9454 4
2181 5229 4
2181 2018 4
2181 6573 4
2181 3275 4
2181 8747 4
2181 5546 2
2181 6077 4
2181 3272 5
2181 11050 4
2181 638 4
2181 7730 4
2181 9072 5
2181 4047 4
2181 7579 4
2181 994 4
2181 11235 4
2181 10035 3
2181 10747 4
2181 964 4
2181 5801 4
2181 10870 4
2181 9920 3
2181 6332 4
2181 6152 4
2181 9574 4
2181 10232 4
2181 4354 4
2181 4358 4
2181 8007 5
2181 11053 4
2181 11055 4
2181 9902 4
2181 9325 4
2181 957 4
2181 10730 4
2181 11311 5
2181 5467 4
2181 10524 4
2181 885 4
2181 8359 4
2181 5473 4
2181 969 4
2181 3934 4
2181 9492 4
2181 961 4
2181 3806 4
2181 7319 5
2181 963 5
2181 6206 5
2181 10947 4
2181 5482 4
2181 9449 4
2181 1449 4
2181 4198 4
2181 3830 4
2181 1365 4
2181 5854 5
2181 3829 4
2181 10786 4
2181 4058 4
2181 5294 4
2181 5287 4
2181 1081 4
2181 10241 5
2181 4991 4
2181 8005 4
2181 8405 5
2181 4565 4
2181 9422 4
2181 7633 5
2181 9772 4
2181 4595 5
2181 10006 4
2181 3745 4
2181 9527 4
2181 1329 4
2181 1468 5
2181 1052 4
2181 981 4
2181 1002 4
2181 631 4
2181 1344 5
2181 2045 4
2181 1078 2
2181 9948 3
2181 8028 4
2181 5127 4
2181 10876 4
2181 936 4
2181 1075 4
2181 11448 4
2181 10031 4
2181 10487 2
2181 8860 4
2181 2496 4
2181 934 5
2181 8988 3
2181 1038 4
2181 1452 5
2181 9568 4
2181 3623 4
2181 4834 5
2181 2701 4
2181 10931 4
2181 10888 4
2181 11449 3
2181 3929 4
2181 6186 4
2181 5226 4
2181 8954 4
2181 5175 4
2181 8896 4
2181 9296 4
2181 10415 4
2181 1097 4
2181 8505 4
2181 1514 5
2181 952 4
2181 2263 4
2181 906 3
2181 5409 4
2181 1080 4
2182 4301 5
2182 7264 4
2182 2720 5
2182 389 3
2182 4100 5
2182 5763 4
2182 8088 5
2182 4386 2
2182 10577 2
2182 2944 5
2182 1496 3
2182 3810 5
2182 11376 5
2182 2689 3
2182 2557 4
2182 8664 4
2182 10978 3
2182 934 4
2182 9110 4
2182 8063 5
2182 10426 5
2182 3839 4
2182 1439 5
2182 9933 5
2182 3379 3
2182 327 3
2182 6426 5
2182 5482 4
2182 1062 5
2182 2742 5
2182 1503 5
2182 3055 5
2182 8560 5
2182 1450 5
2182 5003 5
2182 2722 5
2182 11450 4
2182 10094 2
2182 7966 5
2182 3870 4
2182 638 5
2182 4216 2
2182 577 5
2182 2363 5
2183 7920 2
2183 5161 3
2183 7192 3
2183 3569 4
2183 9651 3
2183 5459 5
2183 2885 3
2183 40 4
2183 8751 4
2183 3880 5
2183 10027 4
2183 4830 5
2183 11451 5
2183 11452 5
2183 10490 4
2183 2093 4
2183 5121 3
2183 7319 5
2183 980 4
2183 580 5
2183 1629 3
2183 10137 5
2183 4726 2
2183 4406 1
2183 5310 3
2183 951 4
2184 8234 5
2184 3438 3
2184 3946 5
2184 2931 5
2184 4821 4
2184 4952 5
2184 3608 5
2184 3562 5
2184 3566 5
2184 4465 5
2184 4012 2
2184 5555 4
2184 1096 5
2184 9589 4
2184 3230 5
2184 7568 5
2184 4149 5
2184 9482 4
2184 5557 5
2184 3138 2
2184 9444 4
2184 10404 5
2184 9422 4
2184 5482 2
2184 5482 4
2184 3832 5
2184 9467 4
2184 4708 5
2184 1086 5
2184 1021 5
2184 11424 5
2184 3606 5
2184 990 4
2185 6768 5
2185 459 5
2185 10419 5
2185 5193 5
2185 6544 5
2185 1498 5
2185 5382 4
2185 3935 5
2185 9809 2
2185 5451 4
2185 4314 4
2185 5138 3
2185 4385 3
2185 5188 3
2185 10042 5
2185 4777 5
2186 10688 5
2186 9991 5
2186 643 3
2186 1285 4
2186 8993 4
2186 9772 5
2186 964 1
2186 3615 2
2186 814 5
2186 6336 4
2186 934 5
2186 11343 1
2186 8032 4
2186 8755 3
2186 4559 5
2186 1042 4
2186 3717 2
2186 1442 3
2186 1445 5
2186 11453 5
2186 3605 4
2186 1923 4
2186 8495 4
2186 3106 5
2186 992 4
2186 5733 5
2186 2036 4
2186 8634 3
2186 3796 5
2186 954 1
2186 5397 5
2186 1503 2
2186 327 4
2186 1854 4
2186 3940 5
2186 10920 4
2186 5633 5
2186 10939 1
2186 1493 4
2186 5312 2
2186 3913 4
2186 3329 5
2187 10657 3
2187 979 4
2187 11454 3
2187 5210 3
2187 1468 5
2187 5226 3
2187 1059 4
2187 1521 4
2187 10227 3
2187 994 3
2187 978 4
2187 851 4
2187 4753 4
2187 4595 3
2187 5579 5
2187 1501 4
2187 6707 4
2187 5368 1
2187 5584 4
2187 9537 1
2187 5220 2
2187 11455 3
2188 5112 4
2188 934 5
2188 6000 4
2188 5912 4
2188 1285 4
2188 3623 5
2188 4019 4
2188 10843 1
2188 3761 5
2189 670 4
2189 10662 5
2189 10919 5
2189 1522 4
2189 1062 4
2189 5930 4
2189 5363 4
2189 10039 3
2189 4493 3
2189 1241 5
2189 10418 2
2190 9572 5
2190 10881 5
2190 2257 5
2190 1501 4
2190 4094 5
2190 124 5
2190 9763 4
2190 10117 5
2190 9448 5
2190 7197 5
2190 10170 5
2190 3550 5
2190 3918 5
2191 1490 5
2191 1928 5
2191 9604 5
2191 4406 4
2191 1029 5
2191 9701 1
2191 3815 4
2191 805 5
2191 9644 4
2191 6332 5
2192 3913 4
2192 4358 5
2192 10803 5
2192 3606 5
2192 991 5
2192 10701 5
2192 10658 5
2192 962 5
2192 990 2
2192 8231 5
2192 10732 5
2192 3954 4
2192 8469 5
2192 3606 5
2193 3827 5
2193 10893 4
2193 3717 4
2193 3935 5
2193 1468 5
2193 876 3
2193 6879 5
2193 10814 4
2193 749 4
2193 9442 3
2193 3773 4
2193 885 5
2193 6796 4
2193 3879 5
2193 10031 5
2193 3716 5
2193 3802 4
2193 9627 5
2193 4784 2
2193 9495 5
2194 11437 4
2194 4558 4
2194 8937 5
2194 1357 5
2195 8490 2
2195 10609 5
2195 3349 5
2195 10294 4
2195 312 4
2195 4275 4
2195 9253 5
2195 10732 2
2195 10194 5
2195 5776 5
2195 9590 1
2195 10996 5
2195 3954 5
2195 1349 1
2195 5733 5
2195 7507 5
2195 6923 5
2195 203 5
2196 3893 5
2196 9210 5
2196 11422 3
2196 4877 4
2196 4558 5
2196 9658 1
2196 6638 5
2196 10197 5
2196 8168 5
2196 3138 4
2196 4675 5
2196 8495 3
2196 4667 5
2197 10027 4
2197 3591 4
2197 5229 3
2197 11456 4
2197 5589 4
2197 3623 2
2197 1457 1
2197 906 4
2197 1329 5
2197 11224 1
2197 1002 5
2197 1450 4
2197 954 2
2197 3903 2
2197 1510 5
2197 5228 5
2198 10941 4
2198 7475 5
2198 1067 4
2198 3882 5
2198 6369 5
2198 1522 5
2198 10271 5
2198 10426 5
2198 5658 5
2198 1500 5
2198 984 5
2198 10830 5
2198 10954 5
2198 3839 5
2198 1472 5
2198 979 5
2198 2738 5
2198 903 5
2198 8640 5
2198 1026 5
2198 9828 5
2198 8033 5
2198 9100 5
2198 5291 2
2198 10093 5
2198 10615 5
2198 7504 5
2198 5468 5
2198 10227 5
2198 8227 5
2198 4345 5
2198 5127 5
2198 11446 5
2198 10926 4
2198 10342 5
2198 3929 5
2198 9741 5
2198 978 5
2198 10961 5
2198 4673 1
2198 5633 5
2198 934 5
2198 4634 5
2198 9779 4
2198 11457 4
2198 2928 5
2198 6413 5
2198 5188 5
2198 1474 5
2198 10230 5
2198 763 5
2198 2730 5
2198 3680 5
2198 5042 5
2198 10264 5
2198 3801 5
2198 2590 5
2198 10082 5
2198 8504 3
2198 4198 5
2198 3598 5
2198 7006 5
2198 4628 5
2198 2941 5
2198 6861 5
2198 3579 5
2198 2557 4
2198 8349 4
2198 6039 5
2198 2616 4
2198 10414 5
2198 10250 5
2198 9491 3
2198 991 4
2198 3617 5
2198 1407 5
2198 2746 5
2198 9547 4
2198 3952 4
2198 7188 5
2198 10583 5
2198 10867 2
2198 7851 5
2198 10890 5
2198 1021 4
2198 11186 2
2198 5467 5
2198 5606 5
2198 3108 2
2198 3796 5
2198 3762 5
2198 3953 4
2198 1060 4
2198 10199 3
2198 9491 5
2199 3725 2
2199 4932 1
2199 881 4
2199 2013 4
2199 8647 4
2199 1067 4
2199 9124 3
2199 10400 3
2199 7918 3
2199 979 4
2199 640 1
2199 1035 4
2199 1497 5
2199 9844 4
2199 8849 4
2199 9907 5
2199 10657 3
2199 7506 4
2199 900 5
2199 3683 5
2199 8257 4
2199 3854 5
2199 6994 5
2199 9375 3
2199 1443 5
2199 10924 4
2199 580 5
2199 4589 5
2199 1075 4
2199 1344 1
2199 9416 5
2199 3419 5
2199 10424 1
2199 9763 4
2199 5265 2
2199 9911 5
2199 1525 5
2199 485 4
2199 11020 4
2199 7547 5
2199 7902 4
2199 4009 5
2199 2960 5
2199 10549 5
2199 9466 5
2199 7354 5
2199 4796 4
2199 9021 5
2199 10953 3
2199 9571 5
2199 11392 4
2199 1496 5
2199 10600 5
2199 1705 5
2199 10000 4
2199 9523 5
2199 8729 5
2199 9846 4
2199 3378 5
2199 8592 5
2199 5016 1
2199 4047 3
2199 8464 2
2199 8287 3
2199 8512 5
2199 10223 4
2199 11060 4
2199 5168 1
2199 4332 5
2199 1029 5
2199 4456 4
2199 530 3
2199 7091 3
2199 3621 5
2200 313 3
2200 762 4
2200 2885 5
2200 7918 3
2200 1884 1
2200 900 5
2200 7602 5
2200 3880 5
2200 4015 5
2200 9277 5
2200 640 1
2200 9114 5
2200 4595 4
2200 4795 5
2200 1607 4
2200 6332 5
2200 8664 5
2200 1012 5
2200 10872 1
2200 9944 5
2200 1014 5
2200 10866 2
2200 10936 5
2200 5601 4
2200 5226 5
2200 11084 5
2200 10603 5
2201 10001 4
2201 9853 5
2201 9326 5
2201 758 5
2201 5733 5
2201 11032 5
2201 992 5
2201 10583 5
2201 10590 5
2201 3801 5
2201 11368 4
2201 10888 4
2201 3606 4
2201 9443 2
2201 11458 4
2201 9220 5
2201 9845 5
2201 10271 4
2201 5495 5
2201 8862 5
2201 3863 5
2201 3768 1
2201 10520 5
2201 3891 5
2201 1468 5
2201 5312 1
2201 3929 5
2201 8682 3
2201 3717 4
2201 1042 5
2201 3832 5
2201 11029 5
2201 934 5
2201 5585 5
2201 8406 1
2201 11188 5
2201 11459 5
2201 947 3
2201 2690 4
2201 8495 5
2201 8362 5
2201 10397 5
2201 5226 5
2201 3680 5
2201 3770 5
2201 1526 5
2201 10058 4
2201 10250 4
2201 6961 5
2201 11460 4
2201 5360 5
2201 8683 4
2201 9849 5
2201 3947 5
2201 10890 5
2201 10802 5
2201 10592 3
2201 10594 4
2201 7978 5
2201 4026 5
2201 10833 4
2201 5498 5
2201 11031 3
2201 4026 5
2201 5299 5
2201 11461 4
2201 7349 5
2201 9847 4
2201 5497 4
2201 3943 5
2202 3089 5
2202 3713 5
2202 10138 5
2202 10346 5
2202 8896 5
2203 967 4
2203 1075 1
2203 954 4
2204 3827 3
2204 4414 4
2204 967 4
2204 885 5
2204 3806 5
2204 11454 2
2204 10941 5
2204 4019 5
2204 9953 5
2204 3777 4
2204 4565 3
2204 3797 3
2204 892 5
2204 11005 3
2204 4321 5
2204 10916 5
2204 8697 4
2204 6622 5
2204 8492 5
2204 1876 5
2204 266 4
2204 5297 5
2204 10689 5
2204 933 5
2204 8124 1
2204 10083 5
2204 11027 5
2204 8644 4
2204 1049 5
2204 5842 3
2204 1516 4
2204 1048 4
2204 1039 4
2204 10754 4
2204 11451 5
2204 985 4
2204 10696 4
2204 9992 4
2204 1506 5
2204 964 3
2204 4963 5
2204 7314 5
2204 4787 5
2204 9668 3
2204 10529 5
2204 1498 4
2204 3808 4
2204 1067 1
2204 7773 5
2204 4834 5
2204 6174 5
2204 4629 5
2204 11167 5
2204 994 5
2204 3796 5
2204 11462 3
2204 1466 5
2204 968 2
2204 5288 4
2204 10188 5
2204 306 4
2204 1629 5
2204 10385 4
2204 4216 2
2204 284 3
2204 8911 5
2204 3340 5
2204 1410 5
2204 10078 4
2204 11463 5
2204 10411 5
2204 8362 5
2204 6004 5
2204 1012 5
2204 9754 5
2204 955 5
2204 3852 5
2204 1097 4
2204 988 2
2204 9478 2
2204 4632 5
2204 9168 4
2204 9603 5
2204 1062 5
2204 876 5
2204 930 3
2204 966 2
2204 9455 5
2204 9189 5
2204 5997 3
2204 9153 5
2204 993 5
2204 4785 5
2204 10227 5
2204 3583 2
2204 8924 5
2204 1518 4
2204 1509 5
2204 1020 5
2204 5296 4
2204 1022 5
2204 1022 5
2204 3340 5
2204 8783 2
2204 8362 5
2204 10987 4
2204 3905 5
2204 3801 5
2204 3913 5
2204 9458 5
2204 5183 3
2204 981 5
2204 3949 2
2205 6019 2
2205 3801 5
2205 9262 3
2205 5468 5
2206 4829 4
2206 5997 4
2206 3942 5
2207 5197 4
2207 10747 4
2207 3935 4
2207 4712 5
2207 4699 4
2208 10461 5
2208 10109 5
2208 10491 5
2208 10506 4
2208 10265 5
2208 1365 5
2208 4965 5
2208 3940 5
2208 10775 5
2208 5131 5
2208 10469 5
2208 10679 5
2208 11464 5
2208 3801 5
2208 6126 5
2208 6961 5
2208 11301 4
2208 1506 5
2208 11003 4
2208 11339 4
2208 10495 4
2208 9746 4
2208 11430 5
2208 5392 5
2208 10629 5
2208 9838 5
2208 9747 4
2208 11002 5
2208 9491 5
2208 11465 5
2208 5850 5
2208 9343 1
2208 11359 1
2209 288 5
2209 10393 5
2209 843 5
2209 8048 5
2209 884 5
2209 979 5
2209 10118 5
2209 286 5
2209 10942 5
2209 3867 5
2209 5366 5
2209 8485 5
2209 10396 5
2209 9651 4
2209 3055 5
2209 934 5
2209 3870 4
2209 9977 5
2209 978 5
2209 1501 5
2209 1513 1
2209 3781 4
2209 7741 5
2209 3583 4
2209 1365 5
2209 10377 5
2209 2923 4
2209 10405 5
2210 1050 3
2210 6564 5
2210 7533 5
2210 5604 5
2210 6881 5
2210 4719 5
2210 844 3
2210 10844 3
2210 6249 4
2210 4012 4
2210 3590 3
2210 10729 5
2210 8805 4
2210 207 5
2210 10803 5
2210 11347 5
2210 4394 3
2210 4788 3
2210 327 1
2210 8634 2
2210 3938 5
2210 10569 5
2210 11455 5
2210 10093 1
2210 5750 5
2210 1041 5
2210 885 5
2210 3869 4
2210 8043 5
2210 11438 5
2211 3332 5
2211 5039 5
2211 7533 5
2211 3469 3
2211 5630 5
2211 8117 5
2211 5345 4
2211 3686 5
2212 9768 4
2212 7511 5
2212 917 5
2212 5651 4
2212 1322 4
2212 7517 5
2212 5515 4
2212 7552 2
2212 5205 4
2212 5039 3
2212 3926 4
2212 3935 5
2212 3931 4
2212 6842 3
2212 901 4
2212 11059 5
2212 3521 5
2212 11303 4
2212 11296 4
2212 978 3
2213 9626 5
2213 8491 1
2213 2095 5
2213 11316 2
2213 11466 5
2213 5850 4
2213 3764 5
2213 1559 4
2213 10273 4
2214 9210 1
2214 6499 5
2214 1042 5
2214 9443 2
2214 8682 5
2214 9220 4
2214 3798 4
2214 3944 3
2214 10717 4
2214 3880 5
2214 5733 4
2214 992 4
2214 3801 5
2214 9741 3
2214 1039 4
2214 10966 4
2214 1515 2
2214 3290 5
2214 11467 2
2214 306 4
2214 1393 4
2214 8495 2
2214 3929 2
2214 4883 5
2214 1667 1
2214 934 5
2214 3826 2
2214 3606 2
2214 7664 4
2214 3949 4
2214 5467 5
2214 1097 4
2214 4785 5
2214 4965 4
2214 10250 5
2214 11357 4
2214 4634 4
2214 1349 4
2214 7402 3
2214 3951 5
2215 934 5
2215 3826 2
2215 10346 5
2215 11395 5
2215 2045 1
2215 11406 4
2215 10839 5
2215 3784 4
2215 5058 5
2216 11468 1
2216 1467 2
2216 1425 5
2216 7479 5
2217 10817 5
2217 8281 4
2217 10839 5
2217 3194 4
2217 8982 3
2217 8482 5
2217 3697 5
2217 4054 2
2217 1365 5
2218 4561 5
2218 3715 5
2218 9323 3
2218 10489 3
2218 4044 4
2218 9425 5
2218 9040 5
2218 9553 5
2218 923 4
2218 10223 4
2218 10990 4
2218 1067 4
2218 5240 3
2218 953 5
2218 3590 5
2218 11454 5
2218 978 5
2218 4135 3
2218 5026 5
2218 1450 5
2218 9582 5
2218 1049 4
2218 5441 4
2218 4964 3
2218 3435 3
2218 1515 4
2218 3949 3
2218 5617 3
2218 8652 2
2218 10184 5
2219 2936 4
2219 2634 4
2219 2938 4
2219 5626 2
2219 8206 3
2219 5627 2
2219 10178 5
2219 4417 5
2219 4549 4
2219 10310 4
2219 10038 2
2219 10358 2
2219 2582 3
2219 9143 5
2219 8440 5
2219 3834 4
2219 9727 4
2219 3417 5
2219 5347 5
2219 3462 5
2219 3880 4
2219 3322 5
2219 4820 4
2219 3738 5
2219 504 3
2219 3608 1
2219 2716 3
2219 477 4
2219 8445 4
2219 3778 3
2219 5736 5
2219 3787 3
2219 6682 3
2219 6586 5
2219 5750 5
2219 444 4
2219 2906 5
2219 3626 4
2219 10373 5
2219 10544 5
2219 411 5
2219 6622 4
2219 1559 5
2219 4625 4
2219 9173 3
2219 3792 4
2219 885 4
2219 9981 3
2219 3774 5
2219 8748 5
2219 1842 5
2219 876 3
2219 5741 4
2219 4270 2
2219 1462 4
2219 1520 4
2219 10981 3
2219 934 4
2219 1519 4
2219 3781 4
2219 2373 4
2219 3603 4
2219 455 4
2219 2329 4
2219 3055 5
2219 10978 3
2219 5126 5
2219 10377 5
2219 3617 5
2219 5930 4
2219 9178 5
2219 3892 5
2219 3770 5
2219 3808 5
2219 5160 5
2219 9541 5
2219 1509 3
2219 3422 5
2219 749 4
2219 1054 4
2219 3121 3
2219 2722 4
2219 932 4
2219 2648 4
2219 3156 5
2219 9933 5
2219 2726 5
2219 2252 5
2219 5526 5
2219 4022 3
2219 1220 4
2219 11321 2
2219 4630 3
2219 3275 4
2219 7943 4
2219 10744 2
2219 2710 5
2219 8326 5
2219 3801 5
2219 10217 4
2219 10620 4
2219 3790 3
2220 5836 5
2220 4271 5
2220 1466 5
2220 4268 5
2220 8313 5
2220 6129 5
2220 1505 5
2220 1496 4
2220 521 5
2220 622 5
2220 2722 5
2220 8830 5
2220 9933 5
2220 8348 5
2221 1073 4
2221 10740 3
2221 2733 4
2221 3648 4
2221 4632 3
2221 11374 5
2221 10221 4
2221 2906 5
2221 4850 3
2221 5539 5
2221 4786 3
2221 5228 1
2221 3457 5
2221 9742 3
2221 3943 5
2221 4115 4
2222 309 4
2222 6538 5
2222 9328 1
2222 4608 5
2222 8378 4
2222 1268 4
2222 6618 1
2222 11219 4
2222 10511 4
2222 10487 1
2222 910 5
2222 10817 5
2222 11432 4
2222 5867 5
2222 5082 4
2222 5197 5
2222 3756 5
2222 1329 5
2222 9775 2
2222 10551 5
2222 8493 4
2222 327 2
2222 10978 1
2222 5530 5
2222 5930 5
2222 9147 3
2222 1987 5
2222 4876 3
2222 5496 5
2223 934 4
2223 10749 4
2223 923 4
2223 1500 4
2223 3935 5
2223 1467 5
2223 3869 4
2223 11344 5
2223 11084 5
2223 1029 5
2223 8717 4
2223 2257 5
2223 978 2
2223 10097 5
2223 9411 4
2223 1949 5
2223 9216 2
2223 3954 4
2223 857 5
2223 11127 5
2224 5198 5
2224 992 3
2224 11469 4
2224 4649 5
2224 7943 5
2224 5524 5
2224 3590 4
2224 4784 2
2224 3617 5
2224 9125 3
2224 514 4
2224 3748 5
2224 4638 5
2224 8242 5
2224 3659 4
2224 900 5
2224 10968 2
2224 10702 5
2224 10988 1
2224 3108 2
2224 2095 5
2224 3911 4
2224 7153 5
2224 1041 4
2224 3790 4
2224 5197 5
2224 978 3
2224 9110 5
2224 11158 4
2224 5877 5
2224 1494 1
2224 10051 5
2224 10270 4
2224 8402 5
2225 6834 2
2225 4068 5
2225 288 5
2225 313 5
2225 3077 4
2225 6515 4
2225 1515 2
2225 309 5
2225 732 3
2225 9270 3
2225 3022 2
2225 1406 3
2225 10512 4
2225 4719 5
2225 8288 5
2225 4784 3
2225 283 5
2225 4726 3
2225 4829 4
2225 917 5
2225 4771 4
2225 4559 4
2225 9461 3
2225 10486 5
2225 5396 5
2225 8170 3
2225 1458 5
2225 810 3
2225 6614 3
2225 5610 5
2225 1733 1
2225 4135 5
2225 920 4
2225 978 4
2225 184 3
2225 9191 4
2225 8032 3
2225 934 4
2225 5220 4
2225 3446 5
2225 4634 4
2225 1344 5
2225 8603 4
2225 5071 4
2225 5065 2
2225 4056 4
2225 5318 4
2225 3528 4
2225 5343 5
2225 5343 5
2225 1049 3
2225 5733 5
2225 1461 4
2225 9718 3
2225 4275 2
2225 9617 4
2225 3138 4
2225 5789 5
2225 8730 5
2225 3226 4
2225 5737 2
2225 4275 2
2225 3801 4
2225 9718 4
2225 3801 4
2225 3226 5
2225 4275 1
2225 5737 3
2225 3768 4
2225 9771 5
2225 5397 3
2226 814 3
2226 3762 3
2226 3749 5
2226 11448 4
2226 9253 4
2226 9583 5
2226 1524 4
2226 5370 5
2226 10961 5
2226 7394 5
2226 6595 2
2226 11004 2
2226 1081 4
2226 9783 3
2226 11389 5
2226 1329 5
2226 9927 5
2226 10710 5
2226 6638 5
2226 5228 5
2226 3943 5
2226 10143 5
2226 4600 5
2226 5710 3
2226 5042 5
2226 6551 4
2226 9140 4
2226 2618 5
2226 4965 5
2227 9903 5
2227 6923 5
2227 8415 4
2227 9327 4
2227 10237 4
2227 1493 5
2228 9327 3
2228 11038 4
2228 9735 2
2228 5776 1
2228 5403 5
2228 11309 5
2228 5092 4
2229 4850 4
2229 3782 5
2229 11470 4
2229 4704 5
2229 5482 4
2229 5833 4
2229 1329 5
2229 5370 4
2229 6638 4
2229 6039 4
2229 5244 4
2229 3393 3
2229 1077 2
2229 1509 2
2229 1031 3
2229 9807 5
2229 1485 5
2229 3928 4
2229 892 3
2229 974 4
2229 4960 2
2229 3389 5
2229 2637 5
2229 4879 4
2229 3744 4
2229 9989 3
2229 8351 2
2229 10839 5
2229 1425 4
2229 3943 5
2230 6777 4
2230 10784 3
2230 9450 3
2230 986 3
2230 5755 5
2230 934 5
2231 2745 5
2231 6039 4
2231 6589 1
2231 11368 3
2231 10590 3
2231 3863 4
2231 3749 4
2231 6632 4
2231 1959 4
2231 10505 3
2231 10772 3
2231 6595 2
2231 5370 4
2231 10487 3
2231 1329 1
2231 3929 2
2231 5496 5
2231 1067 5
2231 3852 5
2231 2618 2
2231 6777 5
2231 10769 4
2231 8493 5
2231 3953 4
2231 5377 5
2232 1629 4
2232 5611 2
2232 4834 5
2232 10931 5
2232 1365 5
2233 1403 1
2233 3965 2
2233 9642 4
2233 3817 4
2233 3834 4
2233 5156 4
2233 3710 5
2233 5466 4
2233 4561 4
2233 10948 3
2233 2266 4
2233 3041 3
2233 3085 4
2233 10760 3
2233 10803 2
2233 6945 4
2233 5000 4
2233 4216 1
2233 975 1
2233 4220 4
2233 5537 5
2233 3801 5
2233 11346 2
2233 1520 4
2234 3738 5
2234 1515 5
2234 3863 5
2234 845 4
2234 3884 5
2234 10718 4
2234 991 5
2234 934 5
2234 10251 5
2234 10435 3
2234 4788 5
2234 5460 5
2234 10247 3
2234 10617 5
2234 5850 5
2234 5213 2
2234 10589 3
2234 3947 5
2234 966 5
2234 1493 5
2234 3252 3
2234 10583 5
2235 10813 3
2235 10031 4
2235 2499 4
2235 5183 2
2235 3951 4
2235 857 4
2235 4559 5
2235 10397 4
2235 6198 3
2235 10717 4
2235 3913 4
2235 10321 4
2235 1501 1
2235 971 4
2235 3798 4
2235 8637 4
2235 327 5
2235 11045 4
2235 10344 4
2235 4277 2
2235 10912 2
2235 4493 4
2235 8005 2
2235 4675 4
2235 3744 4
2235 8649 2
2235 10685 3
2235 10531 5
2235 930 4
2235 11471 4
2235 6707 4
2235 7310 5
2235 9484 4
2235 252 4
2235 10397 5
2235 10803 5
2235 1052 5
2235 1042 5
2235 10430 3
2235 854 4
2235 10483 5
2235 5010 3
2235 962 4
2235 1618 5
2235 4439 5
2235 9296 5
2235 3905 3
2235 10899 4
2235 1051 4
2235 10113 4
2235 8421 5
2235 9726 4
2235 4972 3
2235 4703 4
2235 8033 3
2235 5220 3
2235 5597 4
2235 10863 5
2235 7579 5
2235 1515 5
2235 3954 5
2235 11472 4
2235 4354 4
2235 3785 4
2235 3713 4
2235 947 4
2235 5855 5
2235 4690 4
2236 5533 5
2236 10330 5
2236 239 4
2236 942 4
2236 4787 5
2236 10184 5
2236 10866 4
2237 10285 3
2237 766 2
2237 1317 3
2237 1969 5
2237 1366 5
2237 4781 5
2237 3173 5
2237 2932 3
2237 10167 5
2237 4156 5
2237 10414 4
2237 3619 1
2237 8317 4
2237 2756 4
2237 3778 1
2237 3617 4
2237 2206 5
2237 4188 4
2237 7519 5
2237 9140 5
2237 11396 5
2237 2690 4
2237 1082 4
2237 377 5
2237 2695 4
2237 8455 5
2237 10843 1
2237 9134 4
2237 3869 4
2237 3854 5
2237 3144 4
2237 934 4
2237 4712 4
2237 10962 4
2237 1448 5
2237 1035 5
2237 10624 5
2237 9915 4
2237 9458 4
2237 3808 4
2237 4776 5
2237 3393 4
2237 5527 4
2237 459 5
2237 3499 5
2237 10071 4
2237 1220 3
2237 9918 5
2237 3625 2
2237 2373 4
2237 2320 4
2237 1474 3
2237 9131 5
2237 3580 5
2237 6968 5
2237 3761 4
2237 1522 2
2237 10459 5
2237 892 2
2237 5495 4
2237 3601 4
2237 9978 3
2237 10840 5
2237 10338 3
2237 6039 4
2237 8310 5
2237 10435 4
2237 1084 2
2237 2323 5
2237 2603 4
2237 410 1
2237 3583 4
2237 1949 5
2237 1518 4
2237 4509 2
2237 3623 4
2237 9487 2
2237 638 3
2237 11416 5
2237 10155 2
2237 5307 4
2237 2648 4
2237 3041 3
2237 1021 4
2237 3605 4
2237 7853 5
2237 5229 4
2237 1082 2
2237 10419 5
2237 1496 3
2237 11182 4
2237 8848 5
2237 4627 5
2237 2384 4
2237 4624 5
2237 3877 5
2238 4305 5
2238 10653 5
2238 934 5
2238 5425 5
2238 947 5
2238 4784 4
2238 4031 5
2238 7208 5
2238 3617 5
2238 11462 5
2238 4788 5
2238 1052 4
2238 3953 5
2238 6019 2
2238 5733 5
2238 7504 5
2238 3949 5
2238 3952 5
2238 3717 5
2238 7572 5
2238 5206 2
2238 4783 5
2238 8495 3
2238 3623 5
2238 10888 5
2238 4358 5
2238 990 5
2238 1067 5
2238 7794 5
2238 9280 5
2239 1481 3
2239 131 5
2239 3464 5
2239 10652 4
2239 9573 5
2239 5013 2
2239 10284 4
2239 2465 5
2239 3777 5
2239 3912 5
2239 6796 5
2239 3797 4
2239 946 3
2239 1876 5
2239 3923 5
2239 3267 5
2239 791 5
2239 184 4
2239 11033 5
2239 3869 3
2239 1467 2
2239 9950 4
2239 3393 4
2239 11442 5
2239 11473 2
2239 7052 5
2239 1017 5
2239 10508 4
2239 3913 3
2239 5579 4
2239 10921 5
2239 3583 3
2239 4868 4
2239 3645 5
2239 4690 5
2239 958 5
2239 3623 5
2239 5307 5
2239 638 5
2239 5601 4
2239 8872 4
2239 3195 2
2239 6818 5
2239 8636 2
2239 218 4
2239 3757 5
2239 1060 5
2239 312 5
2239 10490 5
2239 5286 4
2239 2673 5
2239 4396 5
2239 3748 5
2239 1093 2
2239 9527 5
2239 1320 5
2239 934 5
2239 7902 5
2239 954 5
2239 1097 2
2239 3959 5
2239 2951 5
2239 7302 5
2239 5404 1
2239 7822 5
2239 6309 5
2239 4216 4
2239 9478 5
2239 5481 4
2239 9465 5
2239 5279 4
2239 10824 5
2239 9918 4
2239 3152 5
2239 6691 5
2239 5595 4
2239 10713 1
2239 3044 4
2239 4800 2
2239 2305 5
2239 5997 3
2239 8681 3
2239 11382 5
2239 2977 5
2239 788 4
2239 3987 4
2239 7610 4
2239 10312 4
2239 862 5
2239 996 5
2239 3921 5
2239 3041 4
2239 8896 5
2239 1041 3
2239 10494 4
2239 1509 5
2239 5228 1
2239 3936 4
2240 258 1
2240 211 5
2240 979 4
2240 712 5
2240 4699 4
2240 7436 2
2240 913 4
2240 1477 3
2240 10838 4
2240 1525 5
2240 1081 4
2240 978 1
2240 5369 4
2240 900 5
2240 9947 3
2240 1446 3
2240 9323 3
2240 3460 5
2240 1461 5
2240 934 4
2240 1523 3
2240 992 2
2240 6626 5
2240 5546 5
2240 975 4
2240 5546 4
2241 5654 5
2241 7666 5
2241 2919 3
2241 10302 4
2241 3188 5
2241 5142 5
2241 2675 5
2241 4003 5
2241 2676 4
2241 7851 5
2241 5744 4
2241 5385 5
2241 4543 4
2241 11043 4
2242 1996 3
2242 11054 3
2242 6332 5
2242 4558 4
2242 9770 4
2242 10848 5
2242 10325 3
2242 9459 5
2242 211 5
2242 3556 5
2242 4542 3
2242 4432 4
2242 1241 5
2242 10855 4
2242 8629 4
2242 9625 4
2242 8491 4
2242 6846 4
2242 11474 4
2242 5943 4
2242 868 3
2242 10892 2
2242 10303 5
2242 936 3
2242 5376 1
2242 7759 3
2242 7805 4
2242 5318 2
2242 153 3
2242 1506 5
2242 4561 4
2242 8203 5
2242 1049 1
2243 5833 4
2243 2281 4
2243 9572 2
2243 9951 5
2243 5370 1
2243 3422 5
2243 7729 1
2243 1369 2
2244 211 4
2244 9370 5
2244 11067 4
2244 1650 5
2244 1964 1
2244 4072 1
2244 9400 5
2244 1747 5
2244 5147 5
2244 1414 1
2244 2727 5
2244 810 4
2244 2116 5
2244 10076 2
2244 3417 5
2244 8594 5
2244 4616 5
2244 4242 5
2244 2714 5
2244 149 5
2244 4977 5
2244 3146 5
2244 2119 5
2244 11228 5
2244 7667 5
2244 11461 5
2244 743 5
2244 3480 5
2244 2756 5
2244 2716 5
2244 2730 5
2244 8929 5
2244 2194 5
2244 2697 5
2244 1429 3
2244 1670 5
2244 1949 5
2244 904 5
2244 3778 5
2244 1481 5
2244 3152 5
2244 3797 5
2244 9602 5
2244 9920 5
2244 9988 5
2244 657 5
2244 4269 5
2244 9719 5
2244 3809 5
2244 3762 1
2244 9452 5
2244 8283 5
2244 4009 2
2244 4022 3
2244 8637 4
2244 2695 4
2244 239 5
2244 10684 5
2244 1054 5
2244 3788 5
2244 1469 5
2244 5651 5
2244 3603 5
2244 2398 5
2244 4861 5
2244 1520 1
2244 4559 4
2244 3802 5
2244 10227 5
2244 4842 5
2244 3625 5
2244 4277 3
2244 2516 5
2244 9535 5
2244 3032 4
2244 9324 5
2244 1522 5
2244 1100 5
2244 2557 5
2244 11419 5
2244 4631 5
2244 9853 5
2244 11475 5
2244 4565 2
2244 5606 5
2244 3953 5
2244 10518 5
2244 1450 1
2244 9617 4
2244 934 5
2244 1026 5
2244 11063 2
2244 11378 5
2244 5504 5
2244 906 4
2244 3753 5
2244 3796 5
2244 1519 5
2244 11426 4
2244 3388 5
2244 5188 5
2244 1061 4
2244 1036 4
2244 2263 4
2244 8168 3
2244 1054 5
2244 4272 4
2244 2271 5
2244 1791 5
2244 9920 5
2244 4019 5
2244 389 5
2244 8681 4
2244 11377 5
2244 3405 4
2244 8313 5
2244 10230 5
2244 4273 5
2244 5501 1
2244 1083 5
2244 2648 5
2244 10721 5
2244 2329 5
2244 11476 5
2244 5494 5
2244 9926 5
2244 952 5
2244 4395 4
2244 9928 5
2244 9935 5
2244 6129 5
2244 5579 4
2244 1505 5
2244 5453 5
2244 2262 5
2244 11418 5
2244 4210 5
2244 10361 5
2244 891 5
2244 5537 5
2244 2590 5
2244 3801 5
2244 9390 5
2244 2646 5
2244 1083 5
2244 550 5
2244 521 5
2244 10604 5
2244 11477 5
2244 10325 5
2244 1509 5
2244 1060 5
2244 2252 5
2244 1060 5
2244 7302 5
2244 3603 5
2244 3287 5
2244 11478 5
2244 3884 5
2244 5747 5
2244 4736 5
2244 5235 5
2244 11048 5
2244 5516 5
2244 622 5
2244 3625 5
2244 389 5
2244 2318 5
2244 4198 5
2244 6950 5
2244 8505 5
2244 1067 2
2244 3790 5
2244 5367 1
2244 3615 5
2244 1496 5
2244 2722 5
2244 10936 5
2244 8348 5
2244 9933 5
2244 2726 5
2244 1054 5
2244 485 1
2244 2689 5
2244 4271 5
2244 1522 5
2244 8830 5
2245 4074 4
2245 5058 5
2245 10977 5
2245 327 5
2245 3927 4
2245 3929 4
2245 10977 4
2245 4639 4
2245 10870 5
2246 1876 5
2246 10968 3
2246 11471 4
2246 1518 2
2246 5579 4
2246 8499 2
2246 966 5
2246 3954 3
2246 6791 5
2246 11343 4
2246 6035 4
2246 11479 4
2246 10212 5
2246 266 4
2246 6426 5
2246 1509 4
2246 985 4
2246 5997 4
2246 1526 5
2246 1349 4
2246 7716 3
2246 2720 2
2246 11480 5
2246 4649 5
2246 5097 5
2246 11191 4
2246 11481 3
2246 4703 3
2246 4543 5
2246 11482 4
2246 1061 3
2246 3623 4
2246 3096 3
2247 5466 1
2247 5751 2
2247 8607 4
2247 3315 2
2247 8415 5
2247 10700 5
2247 11483 5
2247 5733 4
2247 4852 4
2247 3117 5
2248 7497 2
2248 7962 4
2248 1740 4
2248 5809 5
2248 11221 3
2248 10460 5
2248 6626 5
2248 5442 4
2248 1936 5
2248 10097 4
2248 5000 3
2248 10303 5
2248 8791 5
2248 4365 5
2248 1742 5
2248 9461 3
2248 5554 3
2248 5552 3
2248 9650 4
2248 885 5
2248 3108 5
2248 239 4
2248 1297 5
2248 1369 4
2248 1424 5
2248 7872 5
2248 814 5
2248 9771 2
2248 10691 3
2248 1483 4
2248 8834 4
2248 2375 4
2248 3884 4
2248 952 5
2248 9212 2
2248 1349 3
2248 4634 4
2248 1510 5
2248 839 4
2248 860 5
2248 5309 4
2248 10813 3
2248 1618 5
2248 9449 5
2248 455 3
2248 5327 5
2248 5007 4
2248 5850 5
2248 3329 5
2248 978 3
2248 11484 4
2248 10650 3
2248 5571 5
2248 10219 3
2248 5767 4
2248 3718 5
2248 10768 3
2248 2214 5
2248 8495 4
2248 1439 5
2248 1059 5
2248 1365 4
2248 10036 3
2248 4220 4
2248 10035 5
2248 1509 5
2248 10798 5
2248 9612 4
2248 8499 3
2248 4776 5
2248 4776 5
2248 962 2
2248 5400 4
2248 1496 5
2248 7427 3
2248 3768 2
2248 5042 1
2248 1021 5
2248 1022 2
2248 4851 3
2248 4826 5
2248 7437 3
2248 1082 3
2248 1439 5
2248 1480 1
2248 966 3
2248 8504 4
2248 5397 4
2248 934 5
2248 10483 3
2248 3949 3
2248 9609 4
2248 808 3
2248 11485 2
2248 9263 5
2248 3138 5
2248 3110 3
2248 806 4
2248 2689 4
2248 4216 3
2248 3121 4
2248 10897 4
2248 10729 4
2248 10134 5
2248 8033 4
2248 5213 2
2248 3764 3
2248 10251 3
2248 4917 2
2248 1928 5
2248 10791 1
2248 4673 3
2248 9395 5
2248 997 4
2248 862 5
2248 11045 5
2248 5166 4
2248 8830 5
2248 8087 3
2248 10523 4
2248 3446 4
2248 11486 3
2248 3329 5
2249 4144 4
2249 7560 4
2249 7757 4
2249 5525 4
2249 3819 4
2249 8207 4
2249 9019 4
2249 5112 4
2249 10220 4
2249 4591 3
2249 5368 5
2249 10466 4
2249 10321 4
2249 1511 3
2249 9493 4
2249 11487 4
2249 3623 3
2249 3950 4
2249 857 4
2249 4807 5
2249 11488 4
2249 3913 5
2249 5597 5
2249 7608 5
2249 820 4
2249 1503 4
2249 10219 4
2249 5768 4
2249 8499 3
2249 5579 4
2249 2754 5
2249 9332 5
2249 5226 4
2249 947 4
2249 3943 5
2249 4787 5
2249 3717 4
2249 934 5
2249 10239 4
2249 7930 4
2249 11489 4
2249 992 4
2249 1028 5
2249 7259 4
2249 3922 5
2249 10939 4
2249 3852 5
2249 7432 4
2249 9952 4
2249 3250 3
2249 11490 5
2249 11335 4
2249 957 5
2249 1061 4
2249 10916 4
2249 10594 5
2249 10470 4
2249 1067 4
2249 3407 5
2249 3407 5
2249 4545 5
2249 9296 5
2249 5473 4
2249 11026 4
2249 5177 4
2249 11005 3
2249 952 5
2249 892 2
2249 3796 4
2249 3407 4
2249 3953 4
2249 3946 5
2249 8429 4
2249 990 1
2249 9983 4
2249 1021 5
2249 3762 5
2249 4022 3
2250 1522 4
2250 11009 5
2250 2269 5
2250 8504 5
2250 5579 5
2250 3863 4
2250 3954 4
2250 3929 4
2250 10248 4
2250 4673 3
2250 8830 5
2250 5297 1
2250 4634 4
2250 1082 5
2250 3275 5
2250 4776 5
2250 3606 4
2250 3952 5
2250 5358 2
2250 8033 5
2250 9780 4
2250 1357 5
2250 9459 5
2250 10995 4
2250 5283 2
2250 2252 5
2250 10249 4
2250 1021 5
2250 1506 5
2250 10653 4
2250 3796 5
2250 1512 3
2250 7855 5
2250 4787 5
2250 3623 4
2250 8234 5
2250 10230 5
2250 11491 4
2250 3947 5
2250 3950 4
2250 1349 3
2250 2304 3
2250 5557 3
2250 3892 5
2251 3627 5
2251 4633 5
2251 962 5
2251 9772 5
2251 10917 5
2251 6386 5
2251 2701 5
2252 9752 5
2252 974 2
2252 934 5
2252 5129 3
2252 8394 2
2252 6946 5
2252 8820 2
2252 8964 1
2252 11396 3
2253 110 5
2253 3935 5
2253 3913 5
2253 3849 3
2253 10522 5
2253 3750 3
2253 3195 5
2253 646 5
2253 10042 5
2253 3108 3
2253 8504 4
2254 5040 5
2254 9046 5
2254 8133 5
2254 11336 5
2254 8207 5
2255 4661 5
2255 153 2
2255 10069 3
2255 5055 4
2255 11001 1
2255 3617 5
2255 10491 4
2255 5468 5
2255 4456 4
2256 2697 5
2256 4524 4
2256 2570 4
2256 8299 4
2256 1361 4
2256 11492 3
2256 1439 5
2256 10421 4
2256 3267 3
2256 5597 5
2256 3929 4
2256 5361 4
2256 4787 5
2256 11028 4
2256 10656 5
2256 10725 5
2256 8245 5
2256 1028 5
2256 2045 2
2256 942 5
2256 11493 5
2256 5288 4
2256 6784 2
2256 906 4
2256 1365 5
2256 10522 5
2256 10691 5
2256 5184 4
2256 5287 5
2256 3823 5
2256 5318 4
2256 8760 4
2256 7664 1
2256 5220 4
2256 7110 3
2256 9232 4
2256 3770 5
2256 3428 4
2256 5252 3
2256 1329 5
2256 10813 3
2256 6019 4
2256 6153 5
2256 11494 5
2256 10239 4
2256 11188 5
2256 11495 5
2256 1442 4
2256 8970 3
2256 1002 5
2256 3447 4
2256 7734 2
2256 11496 2
2256 1733 4
2256 8239 4
2256 3954 2
2256 3905 4
2256 6782 4
2256 5298 4
2256 1082 5
2256 3139 5
2256 11243 4
2256 11243 3
2256 10611 4
2256 9411 4
2256 10035 4
2256 1959 4
2256 9278 4
2256 11049 3
2256 3950 4
2256 9671 3
2256 218 5
2256 323 4
2256 11497 5
2256 10175 4
2256 857 4
2256 5355 4
2256 8359 4
2256 732 5
2256 9741 4
2256 934 5
2256 1032 4
2256 239 5
2256 7259 3
2256 10767 4
2256 3791 5
2256 2095 5
2256 5279 3
2256 10669 5
2256 3728 4
2256 8493 1
2256 3623 4
2256 3913 4
2256 6503 5
2256 8586 4
2256 11498 4
2256 9705 4
2256 6215 4
2256 6694 4
2256 8639 4
2256 8633 4
2256 8033 3
2256 3252 4
2256 104 5
2256 104 5
2256 981 5
2256 11361 2
2256 6654 5
2256 9484 4
2256 10113 5
2256 8586 4
2257 9243 2
2257 3751 5
2257 8033 3
2257 4965 5
2257 3796 5
2257 3252 5
2257 5597 4
2257 3275 4
2257 3756 5
2257 3422 5
2257 1509 4
2257 4216 1
2257 935 4
2257 885 5
2257 4135 5
2258 5383 5
2258 5297 1
2258 10492 5
2258 3873 5
2258 5738 4
2258 3252 5
2258 962 3
2258 9517 4
2258 6386 4
2258 10784 4
2258 10933 5
2258 10478 4
2258 6638 5
2258 3796 5
2258 5228 2
2258 3757 5
2259 4869 5
2259 1402 3
2259 5346 5
2259 10094 2
2259 5402 5
2259 5562 5
2259 11388 5
2259 934 4
2259 10475 4
2259 2704 5
2259 9944 5
2259 7669 5
2259 4788 4
2259 6614 3
2259 901 4
2259 5097 5
2259 2624 4
2259 2709 4
2259 1438 5
2259 4634 5
2259 5310 4
2259 9677 5
2259 7845 4
2259 979 4
2259 10309 4
2259 978 4
2259 4960 4
2259 9831 3
2259 1523 3
2259 3928 4
2259 2710 5
2259 2711 5
2259 9395 5
2259 11310 5
2259 5228 4
2259 5597 5
2259 5257 2
2259 1357 5
2259 4784 2
2259 3947 5
2259 3801 4
2259 5393 5
2260 1071 5
2260 1485 5
2260 3757 5
2260 1469 3
2260 6994 5
2260 8060 5
2260 1003 5
2261 10906 5
2261 5546 5
2261 934 4
2262 948 4
2262 10931 4
2262 930 4
2262 10998 3
2262 10492 4
2262 10920 4
2262 11052 3
2262 3784 4
2262 1500 4
2262 10540 4
2262 3806 4
2262 3744 4
2262 7192 4
2262 3822 5
2262 10265 4
2262 7540 2
2262 11499 4
2262 10788 5
2262 11500 4
2262 11501 4
2262 11502 4
2262 11044 3
2262 10772 4
2262 11503 4
2262 5389 4
2262 3717 4
2262 3929 4
2262 4899 4
2262 10787 3
2262 11342 3
2262 7730 4
2262 9087 4
2262 1013 5
2262 239 5
2262 857 4
2262 5470 4
2262 1080 4
2262 8831 4
2262 1516 4
2262 4917 4
2262 11311 5
2262 631 3
2262 885 4
2262 5367 4
2262 7579 5
2262 5183 4
2262 6332 4
2262 9275 4
2262 485 4
2262 1452 5
2262 7560 5
2262 9212 3
2262 7504 4
2262 10415 4
2262 10784 5
2262 4786 4
2262 6126 4
2262 10563 4
2262 10128 4
2262 10730 4
2262 1470 5
2262 2690 4
2262 988 4
2262 7319 5
2262 1002 4
2262 5170 3
2262 1076 3
2262 9449 5
2262 6175 4
2262 1449 4
2262 10789 3
2262 6638 4
2262 5835 4
2262 2263 4
2262 3621 4
2262 6633 4
2262 8747 2
2262 4394 3
2262 4414 4
2262 7259 4
2262 9601 3
2262 284 3
2262 3822 4
2262 1959 4
2262 10505 3
2262 5108 4
2262 11047 4
2262 1514 5
2262 9772 3
2262 6573 5
2262 5000 4
2262 9902 4
2262 3250 2
2262 3686 3
2262 8634 3
2262 11295 4
2262 4791 3
2262 3195 5
2262 6039 4
2262 5997 4
2262 5279 4
2262 4456 5
2262 5481 4
2262 5048 3
2262 939 4
2262 4198 5
2262 1069 4
2262 3745 4
2262 11050 4
2262 8495 4
2262 1093 4
2262 8007 5
2262 7664 4
2262 3680 4
2262 1067 5
2262 948 5
2262 9072 5
2262 5287 4
2262 1033 4
2262 8493 3
2262 11297 4
2262 5361 4
2262 2707 5
2262 3315 3
2262 9948 3
2262 3829 4
2262 4787 5
2262 10224 4
2262 981 4
2262 10524 4
2262 9325 4
2262 5175 4
2262 1022 3
2262 8405 5
2262 3830 4
2262 6589 3
2262 3756 4
2262 9769 5
2262 1241 5
2262 3275 5
2262 8005 3
2262 906 5
2262 5358 5
2262 992 4
2262 5228 5
2262 8881 4
2262 1365 5
2262 4058 5
2262 8033 3
2262 8847 5
2262 4220 3
2262 11042 5
2262 2009 5
2262 5343 5
2262 11054 4
2262 934 5
2262 11393 4
2262 10923 4
2262 6654 4
2262 5473 4
2262 1524 4
2262 6618 2
2262 6634 4
2262 1077 4
2262 1081 3
2262 8954 4
2262 937 4
2262 1097 4
2262 954 4
2262 8505 4
2262 6770 5
2262 1092 5
2262 9952 5
2262 952 5
2262 5058 4
2262 6186 4
2262 3744 3
2262 5467 4
2262 935 4
2262 4879 4
2262 9688 4
2262 6587 3
2262 6650 3
2262 5229 4
2262 9319 3
2262 9783 4
2262 3656 4
2262 9253 4
2262 3459 4
2262 8898 4
2262 4634 4
2262 5833 4
2262 936 4
2262 9620 5
2262 11094 5
2262 8925 3
2262 6000 4
2262 8896 4
2262 3922 5
2262 5611 3
2262 4667 4
2262 10467 4
2262 8032 5
2262 1094 5
2262 7375 5
2262 2663 5
2262 966 4
2262 8362 5
2262 8405 5
2262 1107 5
2262 5228 1
2262 6185 1
2262 8218 3
2262 5386 5
2262 2018 4
2262 2018 4
2262 4997 4
2262 5228 4
2262 6595 3
2262 5229 3
2262 5288 4
2262 6584 5
2262 1094 5
2262 1329 4
2262 1099 4
2262 1107 5
2262 6657 5
2262 5387 5
2262 5228 3
2262 1951 5
2262 10747 5
2262 3785 5
2263 5706 5
2263 832 3
2263 792 1
2263 759 1
2263 313 5
2263 728 5
2263 10414 4
2263 10509 1
2263 10629 5
2263 909 1
2263 6654 3
2263 4400 1
2263 3943 5
2263 1482 5
2263 8310 5
2263 4200 4
2263 9135 4
2263 9098 5
2263 10736 3
2263 9979 5
2263 9977 4
2263 4914 3
2263 2690 1
2263 900 3
2263 884 4
2263 2709 3
2263 5766 5
2263 5198 3
2263 4673 2
2263 5222 2
2263 10814 5
2263 9098 5
2263 5106 1
2263 11483 4
2263 9140 4
2263 7608 5
2263 1514 5
2263 7098 4
2263 5226 1
2263 9691 1
2263 994 4
2263 9296 4
2263 6638 4
2263 5315 3
2263 3755 5
2263 2923 4
2263 4788 2
2263 6935 4
2263 4935 5
2263 9677 2
2263 10726 5
2263 6562 5
2263 10589 3
2263 857 4
2263 1077 4
2263 8922 4
2263 5833 3
2263 11044 1
2263 11503 3
2263 10297 5
2263 5297 1
2263 10271 3
2263 758 3
2263 6633 3
2263 3796 5
2263 11504 5
2263 974 4
2263 3447 3
2263 11224 2
2263 3852 5
2263 981 1
2263 3623 3
2263 10583 5
2263 327 4
2263 6039 4
2263 3340 5
2263 9867 4
2263 3913 4
2263 7495 5
2263 4787 5
2263 1021 5
2263 6041 5
2263 2648 2
2263 10032 4
2263 1067 4
2263 4899 4
2263 3756 5
2263 10419 5
2263 5042 4
2263 8504 4
2263 1450 3
2263 2749 1
2263 2711 5
2263 5003 3
2263 11370 3
2263 1365 5
2263 934 4
2263 1329 5
2263 11494 2
2263 11188 3
2263 5496 5
2263 3801 4
2263 2704 2
2263 2710 3
2263 2618 4
2263 5229 4
2264 3375 5
2264 3666 4
2264 4919 5
2264 9841 5
2264 5463 4
2264 211 5
2264 4473 5
2264 9780 3
2264 5773 5
2264 9363 5
2264 3885 5
2264 9395 5
2264 1241 5
2264 8572 5
2264 10779 5
2264 8753 5
2264 3893 5
2264 3329 5
2264 5850 5
2264 1365 5
2264 9528 4
2264 5130 4
2264 11041 5
2264 7160 5
2264 11361 4
2264 3797 4
2264 4848 4
2264 3315 4
2264 5549 3
2264 5226 4
2264 11061 4
2264 6193 4
2264 10704 4
2264 5379 5
2264 11505 5
2264 7161 4
2264 6652 5
2264 4645 5
2264 5953 4
2264 7504 4
2264 3156 4
2264 11373 5
2264 11153 5
2264 10582 4
2264 1062 4
2264 3879 4
2264 1096 4
2264 10702 5
2264 11363 4
2264 3927 4
2264 11506 4
2264 2695 4
2264 9741 4
2264 11269 5
2264 8606 5
2264 3933 5
2264 2700 5
2264 8033 3
2264 5775 5
2264 8404 5
2264 8242 5
2264 4794 5
2264 5523 5
2264 3774 1
2264 8760 5
2264 8640 5
2264 11507 4
2264 10819 5
2264 5633 4
2264 10812 5
2264 2189 4
2264 10536 4
2264 5489 5
2264 8350 5
2264 9189 4
2264 5932 5
2264 11505 5
2264 4135 4
2264 1461 4
2264 10700 5
2264 11205 4
2264 10269 3
2264 934 5
2264 11414 5
2264 3606 5
2264 9094 4
2264 11373 5
2264 1515 4
2264 2269 5
2264 5461 5
2264 4135 4
2264 7331 4
2264 1509 4
2264 8234 4
2264 3041 4
2264 5166 4
2264 3915 5
2264 4054 4
2264 4965 4
2265 11508 4
2265 2713 5
2265 10736 5
2265 5472 5
2265 2748 4
2265 8324 5
2265 3943 5
2265 2712 5
2265 1329 4
2265 4634 2
2265 5310 2
2265 2593 2
2265 10049 4
2265 10225 2
2265 9859 5
2265 2707 5
2265 3560 5
2265 8234 1
2265 10565 5
2265 11354 5
2265 1470 4
2265 10928 4
2265 11004 2
2265 10762 3
2265 631 5
2265 3619 1
2265 5127 5
2265 935 2
2265 3839 5
2265 936 4
2265 10799 5
2265 3156 4
2265 9831 5
2265 1463 2
2265 3803 5
2265 1525 5
2265 5042 4
2265 974 1
2265 5228 3
2265 5776 1
2265 2616 4
2265 900 5
2265 978 4
2265 5315 3
2265 4826 4
2265 2679 3
2265 6384 4
2265 1607 2
2265 2652 5
2265 10970 5
2265 966 1
2265 9099 4
2265 3801 5
2265 895 4
2265 975 4
2265 6664 5
2265 1513 1
2265 4074 1
2265 11017 4
2265 7375 5
2265 9911 5
2265 5377 5
2265 11509 3
2265 1084 1
2265 9739 4
2265 10705 5
2265 10221 3
2265 1517 4
2265 1524 4
2265 10789 1
2265 934 5
2265 11358 3
2265 2612 4
2265 5297 1
2265 4196 4
2265 10258 4
2265 3796 5
2265 5318 5
2265 1461 1
2265 2710 2
2265 5370 5
2265 3560 4
2265 2615 2
2265 2613 4
2265 8742 4
2265 5317 5
2265 2746 5
2266 8855 5
2266 5355 5
2266 8744 4
2266 5458 5
2266 5597 5
2266 11510 5
2266 1465 4
2266 10631 4
2266 10630 4
2266 4667 5
2267 900 5
2267 8856 3
2267 934 4
2267 5257 3
2267 5318 3
2267 5318 3
2267 8239 5
2267 6916 5
2267 10498 5
2268 1909 4
2268 10151 5
2268 1395 3
2268 268 5
2268 6456 1
2268 7693 4
2268 706 5
2268 843 3
2268 790 5
2268 3948 3
2268 8493 4
2268 4299 5
2268 9619 5
2268 205 5
2268 8750 4
2268 9479 5
2268 291 5
2268 206 5
2268 5466 5
2268 3739 5
2268 806 4
2268 808 4
2268 5310 1
2268 9045 5
2268 2252 5
2268 928 2
2268 985 5
2268 4917 1
2268 1457 2
2268 900 4
2268 1008 4
2268 3847 4
2268 170 4
2268 7373 5
2268 4091 4
2268 5358 4
2268 10902 5
2268 2713 4
2268 437 4
2268 10881 5
2268 7507 5
2268 4595 4
2268 10492 4
2268 934 4
2268 5467 3
2268 10535 5
2268 906 2
2268 2865 5
2268 924 5
2268 5585 4
2268 2712 4
2269 11415 4
2269 7098 5
2269 10219 1
2269 10466 5
2269 3108 5
2269 3776 4
2269 10777 5
2269 10419 5
2269 4597 5
2269 1509 5
2269 1280 5
2269 1905 5
2269 1466 2
2269 3151 2
2269 8974 5
2269 2453 5
2269 9552 5
2269 3762 2
2269 10332 5
2269 4800 2
2269 4712 4
2269 5039 5
2269 9187 4
2270 978 4
2270 934 5
2270 814 5
2270 900 5
2270 901 5
2270 9361 5
2270 11459 5
2270 3904 4
2270 2701 4
2270 8406 3
2270 7319 5
2270 3108 4
2270 9677 5
2270 10857 5
2270 5126 5
2270 3718 4
2270 5850 5
2270 218 5
2270 8848 4
2270 1407 5
2270 1466 5
2270 4776 5
2270 2726 5
2270 2730 4
2270 3810 5
2270 2648 5
2270 10547 5
2270 11511 5
2270 10270 4
2270 9873 4
2270 3784 5
2270 1021 5
2270 5355 5
2270 3252 3
2270 10053 5
2270 3830 5
2270 8327 4
2270 8334 2
2270 8005 1
2270 10899 3
2270 1081 4
2270 10733 4
2270 7664 4
2270 1490 5
2270 11512 4
2270 10413 5
2270 1075 5
2270 5286 5
2270 11015 4
2270 11513 4
2270 5470 5
2270 9992 1
2270 1257 4
2270 10344 4
2270 4846 5
2270 8758 2
2270 10685 4
2270 10933 5
2270 5314 5
2270 10416 5
2270 3950 1
2270 3950 5
2270 5808 5
2270 9601 5
2270 8500 5
2270 3208 5
2270 5372 5
2270 3801 5
2270 3617 5
2270 947 4
2270 11455 5
2270 5377 5
2270 4965 5
2270 11464 5
2270 10810 4
2270 5392 4
2271 9364 5
2271 1877 4
2271 2465 5
2271 5349 4
2271 740 3
2271 4982 5
2271 288 3
2271 2837 5
2271 3594 4
2271 780 5
2271 11285 5
2271 6076 4
2271 787 5
2271 5063 5
2271 309 4
2271 4314 5
2271 5004 5
2271 323 5
2271 1738 5
2271 7039 5
2271 4 4
2271 312 5
2271 2151 5
2271 9266 2
2271 5249 5
2271 5270 4
2271 3025 4
2272 119 4
2272 4175 5
2272 7258 5
2272 11514 3
2272 2592 5
2272 1198 5
2272 446 5
2272 3368 5
2272 2698 5
2272 6439 4
2272 3175 4
2272 3880 4
2272 5972 4
2272 7221 5
2272 2713 5
2272 9029 4
2272 6470 5
2272 810 5
2272 8006 2
2273 8105 5
2273 19 5
2273 6046 4
2274 4093 5
2274 2784 5
2274 5824 5
2274 5559 5
2274 6841 2
2274 7023 5
2274 6446 5
2274 8473 5
2274 3631 5
2274 6783 5
2274 7724 5
2274 7076 4
2274 6804 5
2274 2962 5
2274 6055 5
2274 3723 5
2274 1745 5
2274 5416 5
2274 1590 4
2274 8025 4
2274 2843 5
2275 609 5
2275 3233 4
2275 8687 5
2275 6565 5
2275 4821 4
2275 10275 4
2276 6461 5
2276 7193 4
2276 534 5
2276 6280 5
2276 2509 5
2277 301 4
2277 6736 3
2277 6535 4
2277 7676 4
2277 6537 5
2278 7846 4
2278 2355 4
2278 11515 5
2278 3139 5
2278 1549 3
2278 3241 4
2278 429 5
2278 2948 4
2278 2568 4
2278 8318 5
2278 632 5
2278 8457 5
2278 306 5
2278 990 4
2278 1699 5
2278 1609 5
2278 7344 4
2278 2061 2
2278 9882 4
2278 1199 5
2279 6315 3
2279 6314 4
2279 2080 4
2279 6458 5
2279 7833 4
2279 7271 4
2279 2793 3
2279 6404 4
2279 8152 5
2279 2227 4
2279 7653 4
2279 11133 5
2280 7407 5
2280 2767 3
2280 7990 5
2280 1650 5
2280 7639 4
2281 7080 5
2281 6423 5
2281 4471 5
2281 3654 5
2281 4864 5
2281 6237 5
2281 6425 5
2281 1695 5
2281 2360 5
2281 297 5
2281 6856 2
2281 6172 5
2281 3009 5
2281 2493 5
2281 4328 1
2281 6259 5
2281 6047 5
2281 18 5
2281 8042 5
2281 4419 5
2281 6234 5
2281 190 5
2281 6474 5
2281 6685 5
2281 7086 5
2281 6299 5
2281 6331 4
2281 1586 5
2281 7170 5
2281 1781 5
2281 2385 5
2281 8182 5
2281 2772 5
2281 1532 5
2281 3266 5
2281 2172 5
2281 5134 5
2281 6471 5
2281 7070 5
2281 8198 5
2281 1547 5
2281 8178 5
2281 8900 5
2281 2387 5
2281 4371 5
2281 11288 5
2281 6229 5
2281 1801 5
2281 7322 5
2281 7883 5
2281 2228 5
2281 7197 5
2281 7174 5
2281 6534 5
2281 2788 5
2281 6475 5
2281 16 5
2281 7075 5
2281 3258 5
2281 1662 5
2281 6160 5
2281 2382 5
2281 2069 5
2281 6738 5
2281 316 5
2281 2773 5
2281 5922 5
2281 6414 5
2281 6986 5
2281 1799 5
2281 6926 5
2281 7081 5
2281 2032 5
2281 2818 5
2281 6339 5
2281 7797 5
2281 6168 5
2281 6261 5
2281 2813 5
2281 2846 5
2282 1527 4
2282 6343 5
2282 6580 5
2282 439 4
2283 6737 2
2283 309 5
2283 1673 5
2283 837 5
2283 6031 5
2283 1788 5
2283 6333 5
2283 589 5
2283 9077 4
2283 2795 4
2283 2776 5
2283 6343 5
2283 2369 5
2283 3436 5
2283 2368 5
2283 9809 5
2283 6482 4
2283 6109 5
2283 1278 5
2283 2844 2
2283 2128 4
2283 2274 3
2283 7880 5
2283 7975 4
2283 7762 5
2283 2110 5
2283 848 5
2283 2245 4
2283 6849 5
2283 9470 5
2283 4481 5
2283 5073 5
2283 4010 5
2283 3553 5
2283 4006 5
2283 4496 5
2283 9819 5
2283 7987 5
2283 7835 5
2283 832 3
2283 738 5
2283 739 2
2283 164 5
2283 3263 5
2283 4280 5
2283 1939 5
2283 6821 5
2283 8335 5
2283 8122 5
2283 323 5
2283 9164 5
2283 453 5
2283 8928 4
2283 1086 5
2283 104 5
2283 6143 5
2283 7800 5
2283 7979 4
2283 8337 3
2283 8336 4
2283 7873 5
2284 2526 5
2284 309 4
2284 8690 4
2284 10581 4
2284 11516 5
2284 4931 5
2284 1942 4
2284 8120 4
2284 11517 4
2285 2776 4
2285 1809 4
2285 5713 2
2285 4426 4
2285 1883 5
2285 6801 2
2285 1878 3
2285 7083 2
2285 3894 4
2285 6011 4
2285 7950 4
2285 1807 4
2285 3729 4
2285 1810 5
2285 2871 3
2285 1864 5
2285 7876 4
2285 3670 3
2285 1812 5
2285 2257 5
2285 6170 5
2285 803 4
2285 4178 4
2285 2248 5
2285 8076 4
2286 6843 5
2286 2655 1
2286 11214 5
2287 11518 5
2287 8665 4
2287 2512 5
2287 6529 4
2287 7999 4
2287 7195 4
2287 3748 4
2287 3339 5
2287 9129 4
2287 6447 3
2287 7665 4
2287 1914 3
2287 1889 4
2287 10575 4
2287 7731 4
2287 6619 4
2287 4184 3
2287 2864 4
2287 3886 4
2287 1962 5
2287 1563 5
2287 2355 1
2287 196 3
2287 706 1
2287 704 1
2287 1395 2
2287 712 2
2287 276 3
2287 762 4
2287 7042 5
2287 7071 2
2287 6822 4
2287 1946 2
2287 3303 5
2287 8269 4
2287 7057 5
2287 6174 4
2287 6022 4
2287 1146 5
2287 1883 5
2287 8019 4
2287 6788 4
2287 1165 5
2287 8392 4
2287 1579 3
2287 1570 5
2287 11207 3
2287 2125 3
2287 1157 4
2287 2336 4
2287 7128 5
2287 2466 1
2287 5331 2
2287 2061 3
2287 5945 4
2287 2120 3
2287 6144 4
2287 440 3
2287 5889 3
2287 1144 4
2287 6115 5
2287 41 4
2287 1616 3
2287 1953 1
2287 11132 5
2287 1150 3
2287 1608 2
2287 5988 5
2287 6597 3
2287 5733 4
2287 6030 3
2287 7063 5
2287 934 3
2287 532 4
2287 5348 4
2287 3783 2
2288 2739 5
2288 6738 5
2288 4493 5
2288 2069 5
2288 8860 5
2288 5904 5
2288 7334 5
2288 10168 5
2288 6162 5
2288 2655 1
2288 1516 5
2288 7577 5
2288 6746 2
2288 4301 5
2288 4201 2
2288 4294 5
2288 324 5
2288 5876 4
2288 3701 5
2288 6730 5
2288 4474 3
2288 2800 5
2288 2779 2
2288 6687 5
2288 4740 5
2288 6179 5
2288 7759 3
2288 4177 3
2288 7324 5
2288 6890 5
2288 206 5
2288 574 1
2288 895 5
2288 8454 2
2288 11519 1
2288 4296 5
2288 610 5
2288 3476 5
2288 3588 4
2288 5000 4
2288 1974 1
2288 810 5
2288 2826 4
2288 2481 5
2288 7157 5
2288 7320 5
2288 909 1
2289 7242 5
2289 8895 5
2289 6074 4
2289 5714 4
2289 10605 5
2289 4144 5
2289 590 5
2289 4671 4
2289 138 4
2289 474 5
2289 9090 4
2289 7804 4
2289 10203 4
2289 3165 5
2289 2026 4
2289 7262 4
2289 8205 5
2289 3511 5
2289 2824 4
2289 2821 5
2289 3217 3
2290 8763 5
2290 9976 5
2290 6684 5
2290 6890 5
2290 8357 1
2290 7747 5
2290 6512 4
2290 323 5
2290 3272 5
2290 9365 5
2290 5021 5
2290 6445 5
2290 975 1
2290 9128 5
2290 5798 4
2290 312 5
2290 96 5
2290 832 2
2290 10972 5
2290 706 1
2290 740 1
2290 7698 5
2290 188 5
2290 7629 5
2290 125 4
2290 161 4
2290 1226 3
2290 3712 5
2290 5828 5
2290 6046 5
2290 909 1
2290 640 1
2290 224 5
2290 3722 5
2290 6869 5
2290 958 5
2290 6725 5
2290 4574 5
2290 1695 5
2290 1290 5
2290 2755 2
2290 11181 1
2290 276 5
2290 6581 5
2290 914 4
2290 3252 4
2290 863 1
2290 766 3
2290 887 3
2290 928 5
2290 3202 5
2290 3861 1
2290 10124 2
2290 3687 3
2290 4935 5
2290 1960 5
2291 11128 4
2291 10362 5
2291 2316 4
2291 1134 4
2291 1877 5
2291 3392 5
2291 2370 5
2291 373 3
2291 6988 5
2291 5901 5
2291 6131 5
2291 4127 5
2291 7618 5
2291 2130 3
2291 8129 5
2291 3000 5
2291 2772 5
2291 11344 5
2291 4131 5
2291 4434 5
2291 2655 5
2291 3970 5
2291 1673 5
2291 8031 1
2291 8897 4
2291 7784 5
2291 379 5
2291 3072 5
2291 1241 5
2291 3181 5
2291 9088 4
2291 4474 5
2291 5904 5
2291 3670 5
2291 458 5
2291 7409 4
2291 8412 1
2291 4017 5
2291 6371 3
2291 8047 5
2291 8583 5
2291 1922 4
2292 2861 5
2292 5955 4
2292 5875 1
2292 6095 4
2292 7308 4
2292 2533 4
2292 6226 4
2292 7293 5
2292 6783 5
2292 335 3
2292 8918 4
2292 1581 1
2292 7214 3
2292 627 5
2292 8079 4
2292 2080 3
2292 1122 4
2292 2870 5
2292 2325 5
2292 2341 3
2292 728 5
2292 1578 5
2292 5977 4
2292 1673 5
2293 9041 4
2293 7731 4
2293 8607 5
2293 7150 5
2293 6695 5
2293 7376 4
2293 3185 5
2293 2466 1
2293 3241 5
2293 5889 3
2293 5668 5
2293 5907 5
2293 1608 5
2293 3237 5
2293 3072 5
2293 3474 5
2294 7143 4
2294 5682 4
2294 1236 5
2294 416 3
2294 7119 4
2295 10275 5
2295 356 4
2295 5873 4
2295 258 4
2295 2202 4
2295 2299 5
2295 3348 4
2295 1728 4
2295 2254 4
2295 1285 5
2295 1570 5
2295 2520 3
2295 2346 4
2295 1972 5
2295 6759 5
2295 2383 5
2295 420 5
2295 1653 5
2295 2419 5
2295 312 5
2295 1122 5
2295 6616 5
2295 2734 4
2295 2726 5
2295 1803 5
2295 6677 4
2295 624 4
2295 94 4
2295 2084 5
2295 2543 4
2295 1144 3
2295 8783 5
2295 2428 4
2295 2298 5
2295 9904 4
2295 2870 4
2295 1650 4
2295 2325 5
2295 1175 5
2295 2730 5
2295 3143 5
2295 2434 3
2295 856 5
2295 11115 5
2295 6830 5
2295 3396 5
2295 7931 4
2295 10296 5
2295 5541 5
2295 1631 5
2295 6628 5
2295 2552 5
2295 2634 5
2295 2415 4
2295 2582 5
2295 1167 3
2295 550 4
2295 6582 5
2295 1189 4
2295 1673 4
2295 4238 5
2295 2564 5
2295 1173 5
2295 904 4
2295 1166 5
2295 10687 5
2295 1132 5
2295 3695 5
2295 2259 5
2296 2061 4
2296 7024 5
2296 1630 4
2296 4238 4
2296 2952 5
2296 1284 5
2296 2106 5
2296 6127 4
2296 1354 5
2296 6435 5
2296 2961 5
2296 6575 4
2296 5483 5
2296 6766 4
2296 2124 5
2296 4235 4
2296 9713 5
2296 7934 5
2296 109 5
2296 3727 3
2296 8157 4
2296 3240 4
2296 6956 4
2296 3241 3
2296 2123 5
2297 7150 5
2297 5907 2
2297 11105 2
2297 3950 5
2297 10450 5
2298 1356 4
2298 1293 4
2298 1771 4
2298 95 4
2298 260 4
2298 5700 4
2298 4894 4
2298 1696 4
2298 6127 4
2298 95 4
2298 6951 4
2298 6128 5
2298 37 5
2298 3243 5
2298 1616 3
2298 5723 4
2298 1628 4
2298 6472 4
2298 7023 4
2298 3187 2
2298 6871 3
2298 5976 4
2298 10430 4
2298 1666 4
2298 3202 1
2298 787 4
2298 11180 5
2298 8581 5
2298 3636 4
2299 3464 5
2299 4195 5
2299 5431 5
2299 4324 4
2300 7423 5
2300 4561 5
2300 277 2
2300 1922 5
2300 7411 1
2300 5302 1
2300 11059 5
2300 3189 5
2301 1939 5
2301 2507 5
2301 7897 5
2302 8790 2
2302 8058 5
2302 701 4
2302 1972 5
2302 4959 5
2302 6946 5
2302 6370 4
2302 1624 2
2302 11168 5
2302 4875 5
2302 1911 5
2302 5970 3
2302 8020 4
2302 643 4
2302 3202 4
2303 1161 3
2303 468 5
2303 2476 2
2303 2564 5
2304 6349 4
2304 6070 2
2304 3354 4
2304 5905 4
2304 1884 1
2304 7931 3
2304 2542 5
2304 1858 4
2304 7526 5
2304 3000 4
2304 6810 4
2304 3312 4
2304 1665 5
2304 1617 4
2304 5199 5
2304 11520 4
2304 6135 5
2304 2814 5
2304 3230 4
2304 57 5
2304 1332 3
2304 1650 4
2304 2833 4
2304 7407 5
2304 8623 5
2304 11212 3
2304 11348 2
2305 7410 4
2305 2784 2
2305 323 5
2305 10697 5
2305 2805 2
2305 258 3
2305 196 4
2305 3544 5
2305 4107 5
2306 3479 5
2306 8852 5
2306 11233 4
2307 4368 3
2307 4718 4
2307 7650 5
2307 770 5
2307 2491 2
2307 4303 4
2307 3942 4
2307 8045 5
2307 11521 5
2307 3311 3
2307 112 4
2307 7194 4
2307 1880 2
2307 2496 4
2307 8562 3
2307 1933 5
2307 6789 5
2307 4320 4
2307 5970 4
2307 9724 5
2307 4228 4
2307 6210 4
2307 8011 4
2307 2128 3
2307 6104 5
2307 245 5
2307 8860 5
2307 70 4
2307 609 4
2307 1275 1
2307 1813 5
2307 8644 4
2307 276 5
2307 8887 5
2307 5485 5
2308 6286 4
2308 457 5
2308 594 4
2308 7635 5
2308 6820 4
2308 6067 4
2308 7944 5
2308 6890 5
2308 6603 5
2308 3167 5
2308 309 3
2308 1645 5
2308 518 5
2308 1777 4
2308 4424 5
2308 9221 5
2308 7242 5
2308 1604 5
2308 7695 5
2308 8853 5
2308 2940 5
2308 689 5
2308 8149 5
2308 6063 5
2308 2172 5
2308 1535 3
2308 1650 3
2308 5207 4
2308 10796 5
2308 6483 5
2308 6053 5
2308 6536 4
2308 1536 5
2308 4118 1
2308 7745 5
2308 8710 5
2308 785 5
2308 1058 5
2308 9970 5
2308 8896 5
2308 8778 5
2309 8086 3
2309 1216 1
2309 6254 2
2309 2075 4
2309 9078 3
2309 8159 2
2309 3661 5
2309 7270 4
2309 6728 3
2309 6989 3
2309 2867 5
2309 8114 1
2309 9090 5
2309 7636 5
2309 417 4
2309 7725 3
2309 8019 1
2309 361 1
2309 5673 4
2309 2061 2
2309 1651 2
2309 826 3
2309 1208 3
2309 1591 1
2309 2066 4
2309 2374 3
2309 2156 3
2309 367 4
2309 3634 4
2309 4163 3
2309 1621 1
2309 2081 3
2309 2408 1
2309 2045 4
2309 4574 5
2309 6812 5
2309 3834 5
2309 4357 4
2309 2306 5
2309 8681 5
2309 3146 5
2309 6519 2
2309 2544 4
2309 759 1
2309 1828 1
2309 2918 2
2309 2550 2
2309 11115 2
2309 2365 1
2309 341 4
2309 2697 5
2309 2280 3
2309 3807 4
2309 9881 5
2309 7922 5
2309 3811 4
2309 7976 4
2309 2756 5
2309 2395 5
2309 7537 4
2309 446 1
2309 2587 4
2309 4377 5
2309 1360 4
2309 855 5
2309 3207 5
2309 9268 3
2309 1901 2
2309 9068 4
2309 3605 5
2309 9063 1
2309 6147 5
2309 3386 5
2309 500 4
2309 1249 4
2309 2656 4
2309 2407 2
2309 2678 2
2309 2639 5
2309 4860 5
2309 2418 2
2309 447 5
2309 3364 3
2309 11094 2
2309 5940 4
2309 8344 5
2309 3812 5
2309 926 5
2309 6344 5
2309 5908 5
2309 4721 5
2309 6432 5
2309 8762 4
2309 7015 4
2309 6505 4
2309 393 1
2309 4577 5
2309 9069 4
2309 2718 4
2309 1466 5
2309 4576 2
2309 11396 5
2309 3195 1
2309 7042 5
2309 4303 1
2309 3338 4
2309 6666 1
2309 8915 4
2309 3347 5
2309 3558 5
2310 7210 5
2310 10787 4
2310 3165 4
2311 7520 5
2311 8107 4
2311 10967 3
2311 1054 5
2311 3093 4
2311 6651 3
2311 9389 5
2311 8127 3
2311 6212 5
2311 7525 5
2311 8421 5
2311 8316 5
2311 7512 3
2311 1969 5
2311 7517 5
2311 1226 5
2311 3165 5
2311 934 3
2311 3369 4
2311 4574 4
2311 8462 5
2311 3985 4
2311 1467 1
2311 10269 1
2312 312 5
2312 9487 4
2312 4493 5
2312 11137 4
2312 6695 4
2313 4225 5
2313 1774 3
2313 1535 1
2313 211 3
2313 4418 1
2313 766 1
2313 1328 5
2313 3975 5
2313 2996 5
2313 8867 2
2313 1665 4
2313 728 3
2313 1288 4
2313 1332 5
2314 1650 4
2314 11180 5
2314 5124 5
2314 4463 5
2315 661 5
2315 2133 5
2315 706 5
2315 1314 5
2315 735 5
2315 1395 5
2315 1998 5
2315 1665 5
2315 1673 5
2315 1282 2
2315 1668 5
2315 288 3
2315 8669 3
2315 3465 5
2315 5149 5
2315 6672 5
2315 5778 5
2315 9956 5
2315 4738 5
2315 10019 5
2315 323 5
2315 1853 5
2315 8620 5
2315 100 3
2315 106 5
2315 1236 4
2315 2868 5
2315 10276 5
2315 8105 5
2315 2845 5
2315 9614 4
2315 830 4
2315 1901 5
2315 1202 5
2315 589 5
2315 3430 5
2316 2858 5
2316 1651 4
2316 6020 5
2316 1232 4
2316 6150 5
2316 6207 5
2316 8677 3
2316 9222 3
2316 7366 5
2316 11267 5
2316 6992 5
2316 8263 4
2316 8935 4
2316 1626 5
2316 6815 5
2316 2888 5
2317 1288 5
2317 6626 2
2317 3224 4
2317 8575 4
2317 4821 3
2317 9415 5
2317 4197 2
2318 6141 5
2318 4558 3
2318 11246 4
2319 4293 5
2319 603 4
2319 1629 5
2319 5075 3
2319 128 5
2319 3456 4
2319 5617 3
2319 8581 4
2320 4047 5
2320 4726 2
2320 4509 4
2320 4931 4
2321 4691 5
2321 4577 5
2321 1673 1
2321 7486 4
2321 2928 5
2321 2425 5
2322 8621 1
2322 8579 5
2322 4138 5
2322 699 4
2322 276 5
2322 324 4
2322 1673 4
2322 1754 5
2322 822 5
2322 1922 4
2322 7651 3
2322 4094 4
2322 6385 4
2322 3847 5
2322 4141 5
2322 3063 4
2322 8580 4
2322 4795 4
2322 902 5
2322 643 4
2322 7409 4
2322 538 5
2322 557 5
2323 8011 2
2323 881 3
2323 1067 2
2323 9124 4
2323 3552 5
2323 7728 4
2323 5670 4
2323 5781 4
2323 650 3
2323 323 5
2323 673 5
2323 4448 5
2323 9649 3
2323 6990 4
2323 762 3
2323 1981 5
2323 5615 4
2323 11347 4
2323 312 5
2323 741 4
2323 9520 5
2323 1343 5
2323 772 5
2323 8824 5
2323 4122 5
2323 1980 3
2323 1274 3
2323 7465 4
2323 2082 5
2323 5815 4
2323 704 3
2323 10641 4
2323 1303 3
2323 5508 5
2323 3610 5
2324 766 3
2324 8356 5
2324 3159 4
2324 3849 1
2325 6625 5
2325 85 5
2325 1696 5
2325 5997 2
2325 309 1
2326 9899 5
2326 8564 5
2326 4562 3
2326 656 3
2326 728 3
2326 1535 1
2326 11107 3
2326 5163 5
2326 11522 5
2326 6952 5
2326 4759 5
2326 3497 5
2327 7439 5
2327 3224 5
2327 1680 4
2327 8630 4
2327 11300 4
2327 6708 5
2327 5409 5
2328 4023 5
2328 5686 5
2328 2413 5
2328 5227 5
2329 4677 5
2329 3348 4
2329 541 5
2329 10003 5
2329 6038 5
2329 6267 5
2329 11245 5
2330 1332 3
2330 104 5
2330 2912 3
2330 6927 3
2330 8594 1
2330 11021 4
2330 1711 5
2330 3474 5
2331 11096 4
2331 3896 5
2331 10355 5
2331 3304 4
2331 8564 5
2331 6210 4
2331 6560 5
2331 2427 5
2331 9563 5
2331 8564 5
2331 3304 5
2331 2961 4
2331 5803 5
2331 488 5
2331 1716 5
2331 11155 4
2331 11102 4
2331 3304 5
2331 9114 5
2331 8575 4
2331 3341 4
2331 7335 5
2331 8057 5
2331 2427 5
2331 7260 4
2331 2983 4
2332 7996 5
2332 2799 4
2332 7082 2
2332 712 5
2332 10286 5
2332 9334 2
2332 10152 3
2332 9320 2
2332 154 5
2332 3156 3
2333 7185 4
2333 1939 5
2333 312 5
2333 832 5
2333 1648 5
2333 8540 4
2333 7798 5
2333 5893 5
2333 8581 3
2333 3995 5
2333 60 4
2333 253 4
2334 5721 5
2334 6681 4
2334 6588 4
2334 6823 5
2334 6816 5
2334 1632 5
2334 11110 5
2334 4081 4
2334 8552 5
2334 4178 4
2334 9661 5
2334 9174 5
2334 9899 5
2334 8813 4
2334 6684 5
2334 293 5
2334 5014 5
2335 679 5
2335 8575 4
2335 10556 5
2335 312 5
2335 829 5
2335 2372 5
2335 5370 4
2335 8701 5
2335 2144 5
2335 1959 5
2335 2625 5
2336 547 5
2336 2983 5
2336 2728 5
2336 8721 4
2336 9783 3
2336 6421 5
2336 2257 5
2336 8367 4
2336 8858 3
2337 3255 5
2337 8587 4
2337 4807 4
2338 609 3
2338 6048 5
2338 261 5
2338 313 5
2338 6031 4
2338 4434 4
2338 258 4
2338 9268 5
2338 5935 5
2338 1828 5
2338 11126 5
2338 5260 4
2339 609 4
2339 7341 5
2339 7956 2
2339 2009 5
2339 7706 4
2340 4802 5
2340 2851 5
2340 1911 4
2340 6253 5
2340 4243 4
2340 11523 4
2340 1277 5
2340 6577 5
2340 182 5
2340 609 3
2340 5215 4
2340 3784 5
2340 10257 5
2340 9421 5
2340 824 5
2340 1735 4
2340 6766 5
2340 288 3
2340 8164 5
2340 1045 5
2340 490 5
2340 8896 5
2340 3348 5
2340 10012 4
2341 6456 4
2341 8594 5
2341 728 3
2341 3111 1
2341 4118 3
2341 4072 4
2341 695 3
2341 104 4
2342 732 3
2342 323 3
2342 3152 4
2342 4027 4
2342 1734 5
2342 2969 2
2342 2059 5
2342 7302 5
2342 2091 4
2342 6048 5
2342 3428 4
2343 258 3
2343 196 1
2343 704 3
2343 3124 4
2343 4426 4
2343 312 3
2343 104 3
2343 739 1
2343 772 3
2343 323 3
2343 309 1
2343 9383 2
2343 4155 5
2344 1680 4
2344 3303 5
2344 4352 3
2344 7449 5
2344 2736 4
2344 4943 4
2344 6062 4
2344 109 5
2344 6804 5
2344 7318 4
2344 6069 2
2344 76 4
2344 5485 5
2344 4500 5
2344 1636 4
2344 11251 5
2344 903 5
2344 6078 5
2344 4 3
2344 1732 5
2344 7254 5
2344 8035 4
2344 249 5
2344 134 5
2344 5803 5
2344 6060 4
2344 6255 2
2344 126 4
2344 7448 5
2344 8616 4
2344 10852 4
2344 7474 4
2344 10061 3
2344 9522 4
2344 6208 4
2344 11135 2
2344 11213 4
2344 4117 5
2345 3319 4
2345 7616 4
2345 6739 5
2345 1937 4
2345 11519 4
2345 5901 4
2345 5905 4
2345 8031 3
2345 8095 5
2345 5904 5
2345 6729 5
2345 2252 4
2345 8847 5
2345 2496 5
2345 8146 5
2345 2838 4
2345 5964 5
2345 5966 5
2345 2079 4
2345 6300 5
2345 952 2
2345 7664 5
2345 954 3
2345 7555 5
2345 8089 5
2345 2105 4
2345 6104 5
2345 6018 3
2345 2474 2
2345 1823 5
2345 3514 5
2345 7785 5
2345 1630 5
2345 8288 5
2345 8547 5
2345 4752 5
2345 1922 5
2345 467 4
2345 1174 4
2345 7363 5
2345 6636 1
2345 8043 4
2345 5502 5
2345 7389 5
2345 3985 4
2345 217 3
2345 6980 3
2345 2505 5
2345 8622 5
2345 6065 4
2345 1904 5
2345 649 4
2345 6079 5
2345 5224 3
2345 5678 5
2345 1467 4
2345 9317 5
2345 8174 5
2345 309 5
2345 1633 3
2345 632 4
2345 2048 5
2345 7304 5
2345 2091 5
2345 7409 4
2345 3671 5
2345 8173 5
2345 8172 5
2345 10641 5
2345 7302 5
2345 6199 5
2345 1933 5
2345 1914 5
2345 704 4
2345 1963 4
2345 699 4
2345 3012 5
2345 1271 5
2345 1650 4
2345 323 5
2345 4317 5
2345 9233 5
2345 2897 3
2345 1665 4
2345 1900 4
2345 3465 5
2345 4306 5
2345 6965 5
2345 5122 5
2345 4368 5
2345 3002 5
2345 5378 5
2345 5000 5
2345 8867 5
2345 4791 5
2345 2093 4
2345 8465 4
2345 6564 4
2345 7741 4
2345 5517 5
2345 7992 5
2345 4285 5
2345 7241 5
2345 5516 5
2345 832 5
2345 258 5
2345 3073 5
2345 739 5
2345 8586 4
2345 1303 5
2345 4045 5
2345 6797 5
2345 6796 5
2345 196 5
2345 312 5
2345 829 5
2345 5092 5
2345 3075 3
2345 104 4
2345 609 5
2345 1275 4
2345 4465 5
2345 3748 5
2345 11112 5
2345 3315 3
2345 3080 5
2345 4243 4
2345 105 5
2345 5649 5
2345 1464 5
2345 8165 3
2345 7962 5
2345 8714 5
2345 8896 5
2345 5751 3
2345 6695 4
2345 6038 5
2346 759 5
2346 706 1
2346 699 5
2346 8821 5
2346 7001 5
2346 7000 5
2346 6999 5
2346 6998 4
2346 6997 5
2346 1590 4
2346 2031 3
2346 3143 5
2346 11251 5
2346 6038 5
2346 6766 5
2346 287 4
2346 1602 4
2346 2972 3
2346 7066 4
2346 6877 5
2346 8376 5
2346 2918 4
2346 11422 4
2346 842 4
2347 712 4
2347 1418 3
2347 7737 5
2347 732 5
2347 276 3
2347 1395 5
2347 832 3
2347 905 5
2347 574 4
2347 312 4
2347 3263 5
2347 7129 5
2347 2151 5
2347 10307 5
2347 1981 5
2347 4564 5
2347 4086 5
2347 323 5
2347 8966 5
2347 710 5
2347 1467 5
2347 8286 5
2347 196 5
2347 1542 5
2347 762 5
2347 4992 5
2347 3090 5
2347 759 5
2347 10709 5
2347 699 5
2347 1960 5
2347 6332 5
2347 309 5
2347 2537 5
2347 1240 5
2347 5452 5
2347 678 5
2347 3767 5
2347 10871 5
2348 277 5
2348 728 3
2348 5732 5
2348 9373 4
2348 762 4
2348 712 4
2348 3418 4
2348 9659 2
2349 2452 5
2349 6009 4
2349 276 5
2349 6783 5
2349 10916 3
2349 4129 5
2349 832 5
2349 1754 5
2349 10357 4
2349 5037 5
2349 8545 5
2349 811 3
2349 195 5
2349 732 4
2349 1924 5
2349 7049 4
2349 323 5
2349 1974 5
2349 8647 5
2349 11227 5
2349 5073 5
2349 7128 5
2350 6020 5
2350 3396 5
2350 3164 5
2350 11524 5
2350 9136 5
2350 1998 1
2350 309 5
2350 11379 5
2350 11525 4
2350 1275 1
2350 1694 4
2350 11019 5
2350 9145 5
2350 7842 5
2350 8037 4
2350 1682 5
2350 6131 5
2350 6551 5
2350 4978 5
2350 9531 5
2350 6372 3
2350 8423 5
2351 5409 5
2351 772 5
2351 732 5
2351 3926 5
2351 7526 5
2351 9090 4
2351 609 5
2351 3000 5
2351 704 5
2351 1366 5
2351 309 4
2351 8885 2
2351 9570 4
2351 6684 5
2352 656 3
2352 11139 4
2352 4644 4
2352 5480 4
2352 728 3
2352 28 3
2352 309 3
2352 6755 3
2352 5708 4
2352 4646 4
2352 2626 4
2352 2640 3
2352 2585 3
2352 10314 4
2352 2719 4
2352 7516 5
2352 11526 4
2352 10440 3
2352 2735 3
2352 5982 3
2353 8824 5
2353 9543 5
2353 11034 4
2353 10663 5
2353 9093 2
2353 2711 5
2353 11261 5
2353 2750 5
2353 6570 5
2354 365 5
2354 2995 2
2354 9180 5
2354 8955 5
2354 1278 4
2354 1833 3
2354 762 3
2354 2641 3
2354 671 3
2354 1035 5
2354 1312 4
2354 686 3
2354 699 3
2354 4377 4
2354 2405 4
2354 5627 2
2354 1441 4
2354 4163 4
2354 1298 3
2354 4548 2
2354 728 1
2354 3437 4
2354 609 4
2354 7063 3
2354 759 5
2354 3660 4
2354 2244 3
2354 9155 5
2354 5100 2
2354 4259 4
2354 3146 5
2354 8948 5
2354 7884 5
2354 3259 3
2354 5698 4
2354 1314 5
2354 7419 2
2354 732 5
2354 7303 5
2354 4755 5
2354 4023 5
2354 842 4
2354 2468 3
2354 2689 3
2354 2461 5
2354 1988 5
2354 1353 2
2354 3506 2
2354 3143 4
2354 792 4
2354 706 5
2354 323 5
2354 1735 4
2354 211 5
2354 2706 1
2354 9164 5
2354 739 5
2354 6938 2
2354 3848 5
2354 932 5
2354 712 5
2354 258 5
2354 1772 5
2354 28 5
2354 313 5
2354 1403 1
2354 1391 4
2354 3267 3
2354 1414 1
2354 707 5
2354 164 5
2354 1275 1
2354 3263 5
2354 3870 5
2354 4688 5
2354 217 5
2354 9721 5
2354 9949 5
2354 10087 3
2354 2737 3
2354 5574 5
2354 3264 3
2354 309 4
2354 6309 5
2354 1452 5
2354 3530 4
2354 1028 5
2354 10081 5
2354 773 5
2354 860 5
2354 862 5
2355 6686 3
2355 9430 5
2355 6484 5
2355 3167 5
2355 8177 5
2355 8996 1
2355 3304 3
2355 6820 4
2355 4702 5
2355 5162 5
2355 7190 2
2355 5044 4
2355 1611 5
2355 3353 3
2355 3226 5
2355 2372 4
2355 6689 5
2355 11074 1
2355 9190 3
2355 3430 4
2355 1933 4
2355 507 5
2355 1917 4
2355 546 4
2355 8346 4
2355 1714 4
2355 2680 4
2355 569 5
2355 564 4
2355 5015 2
2355 9163 4
2355 820 4
2355 4527 1
2355 11243 5
2355 7750 5
2355 8198 3
2355 4097 1
2355 995 4
2355 2742 4
2355 7795 5
2355 7632 4
2355 4885 5
2355 5910 4
2355 7597 4
2355 10385 4
2355 218 4
2355 7477 4
2355 8204 5
2355 136 5
2355 10568 4
2355 3705 3
2355 9963 4
2355 6158 3
2355 4224 5
2355 5832 3
2355 10371 4
2355 3432 4
2355 4551 2
2355 5486 4
2355 661 3
2355 843 3
2355 783 3
2355 1637 4
2355 7386 4
2355 4820 4
2355 4634 3
2355 8889 4
2355 4836 3
2355 5409 5
2356 1422 1
2356 771 2
2356 4678 5
2356 3449 1
2356 9809 4
2356 6656 2
2356 9130 5
2356 11216 1
2356 4935 5
2356 4419 4
2356 9986 4
2356 1049 5
2356 6077 5
2356 6673 2
2356 327 3
2356 1003 5
2356 10669 2
2356 1221 5
2356 7259 3
2356 4320 5
2356 4701 5
2356 3540 4
2357 604 5
2357 5972 4
2357 7270 4
2357 3639 5
2357 1933 4
2357 7315 5
2357 310 4
2357 759 4
2357 4034 4
2357 6724 5
2357 258 3
2357 4397 5
2357 1255 4
2357 9837 5
2357 9022 4
2357 308 5
2357 2366 4
2357 3554 5
2357 4303 3
2357 1240 1
2357 738 5
2357 832 5
2357 6500 4
2357 1412 5
2357 9865 4
2357 1648 5
2357 762 4
2357 607 5
2357 761 5
2357 3344 5
2357 9313 5
2357 1418 1
2357 4105 5
2357 28 5
2357 732 5
2357 1312 4
2357 4836 4
2357 609 5
2357 1275 1
2357 288 4
2357 312 1
2357 276 5
2357 1242 4
2357 9319 3
2357 309 5
2357 9817 3
2357 837 5
2357 1973 5
2357 2405 5
2357 824 5
2357 1372 4
2357 10658 5
2357 5981 5
2357 965 5
2357 9231 5
2357 4008 5
2358 5091 4
2358 9539 4
2358 762 4
2358 3759 4
2358 9990 4
2358 671 4
2358 837 5
2358 706 5
2358 2504 5
2358 4895 2
2358 4606 4
2358 309 3
2359 7334 3
2359 1901 4
2359 2658 3
2359 6557 4
2359 6859 5
2359 8426 3
2359 6280 5
2359 11527 4
2359 934 2
2359 8485 5
2359 2158 4
2359 8929 4
2359 5092 3
2359 7280 3
2359 1207 4
2359 323 5
2359 7041 3
2359 1113 2
2359 505 4
2359 1519 3
2359 6605 4
2359 5192 4
2359 1119 3
2359 7939 4
2359 7825 4
2359 6671 4
2359 11315 5
2360 6888 4
2360 9000 4
2360 5997 5
2360 11074 5
2360 6346 5
2360 7074 5
2360 1547 4
2360 3465 4
2360 6901 3
2360 4450 5
2360 819 4
2360 7949 4
2360 9016 5
2360 7826 4
2360 5965 4
2360 6252 5
2360 6471 3
2360 2107 1
2360 632 4
2360 5727 5
2360 6738 4
2360 2858 5
2360 6422 5
2360 6306 5
2360 4451 4
2360 6222 3
2360 2054 5
2360 7264 5
2360 7295 1
2360 7227 4
2360 7638 2
2360 6535 5
2360 7819 5
2360 4178 5
2360 5088 3
2360 2088 3
2360 4470 5
2360 8120 2
2360 10363 4
2360 10164 5
2360 6238 4
2360 6228 4
2360 592 5
2360 3687 4
2360 5529 5
2360 3302 4
2360 11528 5
2360 6412 5
2360 9470 4
2360 6048 4
2360 6107 4
2360 7626 4
2360 2755 3
2360 7963 1
2360 6264 4
2360 6250 3
2360 94 3
2360 297 4
2360 6431 2
2360 7858 4
2360 974 4
2360 5763 5
2360 6290 5
2360 1558 5
2360 590 5
2360 9353 4
2360 2009 4
2360 2257 5
2360 6324 3
2360 5304 5
2360 6304 5
2360 7367 4
2360 280 3
2360 4329 5
2360 6719 4
2360 3510 5
2360 7802 5
2360 6073 4
2360 6853 2
2360 7675 5
2360 7689 5
2360 1841 4
2360 3000 5
2360 6546 3
2360 2815 4
2360 7908 4
2360 6856 4
2360 6466 5
2360 1611 3
2360 919 4
2360 6176 4
2360 7722 4
2360 4274 4
2360 7168 4
2360 4864 5
2360 6 3
2360 1691 4
2361 3089 5
2361 7225 3
2361 6619 4
2361 8995 5
2361 5866 5
2361 7827 4
2361 6726 3
2361 7665 4
2361 5162 2
2361 7995 4
2361 1864 1
2361 6411 3
2361 2863 5
2361 803 5
2361 5947 3
2361 6349 2
2361 7939 5
2362 5976 5
2362 4850 5
2362 8428 5
2362 972 5
2362 10138 1
2362 694 5
2362 3883 5
2362 2020 4
2362 6311 4
2363 7811 5
2363 6226 5
2363 911 3
2363 7840 1
2363 7606 4
2363 7593 2
2363 6893 4
2363 2369 4
2363 4907 5
2363 9836 5
2363 7672 5
2363 7766 5
2363 590 4
2363 8675 3
2363 3302 5
2363 2770 4
2363 9010 4
2363 6565 5
2364 6807 5
2364 7879 2
2364 8001 5
2364 31 4
2364 1935 3
2364 5884 1
2364 6450 5
2364 7592 5
2364 7740 5
2364 5245 5
2364 9863 2
2364 7045 5
2364 7774 2
2364 6972 5
2364 8559 4
2365 6457 5
2365 7314 4
2365 7714 5
2365 8532 4
2366 7193 4
2366 308 5
2366 1926 5
2366 3468 5
2366 2142 5
2366 7578 5
2366 9902 4
2366 222 5
2366 8538 5
2366 127 5
2366 557 5
2366 4480 4
2366 1688 5
2366 4075 3
2366 6089 5
2366 6133 4
2366 900 4
2366 9408 4
2366 694 5
2366 4372 5
2366 116 5
2366 105 5
2366 8478 4
2366 6086 4
2366 4883 4
2366 1305 4
2366 7713 5
2366 1857 5
2366 10217 4
2366 8879 5
2366 11529 5
2366 1301 5
2366 4751 1
2366 8115 5
2367 6225 3
2367 11420 2
2367 1547 5
2367 4474 2
2367 6431 2
2368 4711 5
2368 604 4
2368 1942 2
2368 6952 3
2368 325 4
2368 188 4
2368 8446 5
2368 2083 5
2368 1292 4
2368 1896 4
2369 2860 5
2369 366 5
2369 7054 5
2369 1815 4
2369 8467 2
2369 368 5
2369 606 5
2369 245 4
2369 6737 4
2369 6528 5
2369 4569 3
2369 669 5
2369 2225 1
2369 2192 3
2369 531 5
2369 6605 4
2369 8178 4
2369 2336 4
2369 2696 5
2369 810 5
2369 2256 4
2369 7866 5
2370 1527 5
2370 3141 5
2370 6306 5
2370 2510 5
2370 1867 5
2370 5888 5
2370 7122 4
2370 6014 5
2370 9110 5
2370 6301 5
2370 3511 5
2371 6719 4
2371 6671 5
2371 6404 5
2371 3108 2
2371 8276 5
2371 7776 4
2371 6303 5
2371 1231 5
2371 6433 5
2371 2368 5
2371 7083 5
2371 6684 5
2371 2769 5
2371 1560 5
2371 8410 5
2371 5724 2
2371 2201 4
2371 6710 4
2371 864 5
2371 7762 5
2371 7409 4
2371 7197 5
2371 10305 5
2372 2800 5
2372 4864 5
2372 7722 5
2372 1634 2
2372 4470 5
2372 6412 5
2372 590 5
2372 6405 5
2372 3311 4
2372 7858 5
2372 7860 5
2372 1759 4
2372 9152 4
2372 2785 3
2372 6342 5
2372 7281 5
2372 1657 5
2372 2054 5
2372 11277 5
2372 3920 4
2372 6068 5
2372 2352 5
2372 3687 5
2372 6470 4
2372 7529 5
2372 8102 2
2372 205 5
2372 4508 4
2372 3222 5
2372 1864 5
2372 5942 5
2372 1835 5
2372 1906 5
2372 1809 4
2372 1783 5
2372 1847 3
2372 1903 5
2372 8622 5
2372 7622 5
2372 1888 3
2372 6227 4
2372 6695 5
2372 6919 5
2372 2100 4
2372 5872 4
2372 2299 5
2372 7825 5
2372 3400 4
2373 1556 3
2373 6730 5
2373 6457 5
2373 6073 3
2373 6460 4
2373 5901 5
2373 11126 4
2373 8268 5
2374 6339 3
2374 1532 5
2374 2228 5
2374 7322 5
2374 6975 5
2374 587 2
2374 6852 1
2374 7995 2
2374 2024 5
2374 21 5
2374 7681 5
2374 8144 5
2374 6534 4
2374 2 5
2374 9 5
2374 1571 5
2374 2788 4
2374 8297 5
2374 6929 2
2374 110 1
2374 6244 5
2374 3652 3
2374 7241 5
2374 7880 5
2374 1860 5
2374 7691 4
2374 6248 5
2374 6236 1
2374 7080 5
2374 6468 5
2374 7891 5
2374 7620 5
2374 7397 1
2374 5714 3
2374 6470 5
2374 6853 5
2374 5864 5
2374 2494 5
2374 6985 5
2374 6290 5
2374 2764 5
2374 2512 1
2374 7104 5
2374 6516 5
2374 6261 4
2374 7694 2
2374 6695 5
2374 6087 5
2374 8675 5
2374 7622 5
2374 6314 3
2374 3550 5
2374 147 5
2374 6238 4
2374 2762 5
2374 6531 5
2374 9199 5
2374 8202 5
2374 3699 5
2374 6854 5
2374 4087 5
2374 6232 5
2374 6234 5
2374 7090 5
2374 8147 5
2374 118 5
2374 6785 5
2374 6928 5
2374 1912 5
2374 5937 5
2374 1749 2
2374 632 5
2374 6482 4
2374 192 3
2374 6170 5
2374 7603 5
2374 6231 5
2374 8634 4
2374 8180 5
2374 4137 5
2374 9929 4
2374 2019 2
2374 6070 1
2374 1048 5
2374 4675 5
2375 137 5
2375 1560 5
2375 8943 5
2376 10389 5
2376 1851 5
2376 1868 5
2376 1843 5
2376 1948 2
2376 7115 4
2376 1789 5
2376 2208 4
2376 7283 4
2376 7278 5
2376 8210 5
2376 4468 4
2376 1783 5
2376 1584 3
2376 1823 5
2376 7376 5
2376 4376 4
2376 7785 5
2376 8644 5
2376 3191 4
2376 6091 5
2376 2802 4
2376 11025 5
2376 1670 4
2376 2393 5
2376 4127 5
2376 4167 5
2376 4053 5
2376 3000 5
2376 1516 5
2376 8458 5
2376 3696 5
2376 826 5
2376 8890 4
2376 4137 5
2376 3465 5
2376 8956 3
2376 4239 5
2376 7992 4
2376 3013 4
2376 4394 3
2376 9406 5
2376 1896 5
2376 2851 5
2376 7997 5
2376 5994 5
2376 6421 4
2376 3536 5
2376 6789 3
2376 9035 5
2376 9126 3
2376 4456 5
2376 58 5
2376 4100 5
2377 6176 5
2377 7096 4
2377 7381 5
2377 953 5
2377 8199 3
2377 7880 4
2377 7763 5
2377 7623 3
2377 2100 5
2378 6289 5
2378 2490 5
2378 6261 4
2378 6526 5
2378 6464 4
2378 9077 4
2379 7826 4
2379 11222 3
2379 3082 3
2379 2883 5
2379 2877 5
2379 8680 4
2379 4836 5
2379 11223 5
2379 276 5
2379 4158 5
2379 11103 3
2379 2926 5
2379 728 3
2379 5085 5
2379 2096 4
2379 2915 5
2380 7883 5
2380 5645 3
2380 7768 5
2380 8109 5
2380 7095 3
2380 6260 2
2380 7756 1
2380 4598 4
2380 6314 3
2380 8125 5
2380 8536 5
2380 6528 5
2380 2814 4
2380 7080 5
2380 7691 4
2380 4372 1
2380 6565 4
2380 7718 4
2380 7598 1
2380 240 5
2380 77 5
2380 2372 3
2380 6124 3
2380 6435 5
2380 273 4
2380 55 4
2380 7470 5
2380 4369 5
2380 8029 5
2380 8865 5
2380 4813 5
2380 286 5
2380 178 4
2380 6139 5
2380 6276 5
2380 105 5
2380 306 3
2380 3995 5
2380 4695 5
2380 95 5
2380 11530 5
2380 9318 5
2380 1419 4
2380 1332 5
2380 11455 4
2380 4729 5
2380 11185 5
2380 5277 5
2381 1561 3
2381 7448 5
2381 3437 5
2381 1274 5
2381 695 5
2381 3556 5
2381 1215 5
2381 6476 5
2381 1774 5
2381 3123 5
2381 1889 5
2381 2048 5
2381 309 5
2381 7932 5
2381 2814 5
2381 9503 5
2381 4454 5
2381 762 1
2381 4542 5
2381 4208 5
2381 1877 4
2381 7995 4
2381 609 5
2381 7986 5
2382 3694 5
2382 590 5
2382 808 5
2382 4336 4
2382 4666 4
2382 8882 4
2382 1216 5
2382 857 5
2382 4666 4
2382 4486 3
2382 3997 5
2382 7222 5
2382 5413 5
2382 6763 5
2382 5350 4
2382 7696 1
2382 2009 5
2382 6474 5
2382 2765 3
2382 2204 4
2382 2034 4
2382 10837 5
2382 3465 4
2382 1845 5
2382 1040 4
2382 6262 5
2382 6088 5
2382 662 4
2382 4243 4
2382 3524 5
2382 7912 4
2382 1482 4
2382 3670 4
2382 1463 4
2382 4883 4
2382 7049 5
2382 6346 5
2382 6659 5
2382 1067 3
2382 1580 3
2382 1562 2
2382 6744 2
2382 4357 5
2382 6479 5
2382 8320 4
2382 4436 3
2382 7462 4
2382 4723 3
2382 5730 4
2382 1948 3
2382 7632 5
2382 2680 3
2382 6202 1
2382 1634 1
2382 8544 5
2382 6965 4
2382 3680 5
2382 6051 1
2382 5441 4
2382 10960 3
2382 7123 5
2382 4373 1
2382 112 2
2382 7794 5
2382 2048 2
2382 5959 5
2382 9669 5
2382 5681 3
2382 3315 1
2382 8602 3
2382 4908 4
2382 2317 2
2382 1574 3
2382 7192 3
2383 7412 5
2383 1108 5
2383 95 5
2383 2182 4
2383 1516 5
2383 2093 3
2383 2298 5
2383 1563 5
2383 6355 4
2383 2267 3
2383 6138 5
2383 864 5
2384 2526 5
2384 9937 4
2384 7151 5
2384 1441 5
2384 7907 5
2384 635 5
2384 3696 4
2384 9792 5
2384 6558 5
2384 7157 5
2384 6270 3
2384 695 5
2384 661 5
2384 3867 3
2384 1535 3
2384 1418 3
2384 501 4
2384 6278 5
2384 8569 5
2384 759 5
2384 10089 5
2384 8799 5
2384 1771 5
2384 2148 5
2384 5000 4
2384 10595 5
2384 694 5
2384 2413 5
2384 3046 4
2384 8399 3
2384 862 5
2384 1278 5
2384 6998 5
2384 6939 5
2384 2461 4
2384 10760 4
2384 2315 5
2384 239 5
2384 4980 5
2384 10984 5
2384 10005 5
2384 3586 4
2384 3814 4
2384 1519 5
2384 7884 5
2384 5925 5
2384 8948 5
2384 10525 5
2384 3721 5
2384 153 5
2384 540 5
2384 6364 5
2384 11531 4
2384 326 5
2384 2499 5
2384 792 5
2384 196 5
2384 269 5
2384 305 5
2384 867 5
2384 3577 5
2384 6401 5
2384 9757 5
2384 3972 1
2384 309 5
2384 3672 5
2384 3146 5
2384 6139 5
2384 832 5
2384 341 5
2384 1982 5
2384 2506 4
2384 775 5
2384 288 5
2384 313 5
2384 320 5
2384 9603 4
2384 6968 5
2384 756 5
2384 3834 5
2384 1448 5
2384 6074 5
2384 7165 5
2384 4946 5
2384 4627 3
2384 773 5
2384 7576 5
2384 9168 4
2384 5421 3
2384 77 5
2384 4216 3
2384 412 5
2384 898 4
2384 2879 5
2384 2689 5
2384 3625 3
2384 143 4
2384 2376 5
2384 4513 5
2384 772 5
2384 1397 5
2384 4631 2
2384 3781 4
2384 2244 5
2384 3658 4
2384 5579 5
2384 7673 5
2384 3121 3
2384 1682 5
2384 4597 5
2384 919 3
2384 1013 4
2384 5481 5
2384 1744 4
2384 766 3
2384 28 5
2384 9352 5
2384 3843 5
2384 7561 5
2384 3615 5
2384 1620 5
2384 762 5
2384 934 5
2384 4098 3
2384 6363 3
2384 1035 5
2384 6510 3
2384 5703 5
2384 2744 5
2384 5154 3
2384 411 4
2384 1275 3
2384 4794 5
2384 1415 1
2384 312 5
2384 742 2
2384 3883 4
2384 1272 5
2384 826 4
2384 6202 4
2384 901 5
2384 211 5
2384 9591 4
2384 728 5
2384 104 5
2384 1081 4
2384 769 4
2384 3000 5
2384 3837 5
2384 979 2
2384 9925 5
2384 738 3
2384 1960 4
2384 5570 5
2384 3846 5
2384 2145 5
2384 1743 5
2384 9737 4
2384 276 3
2384 258 5
2384 9713 4
2384 2961 4
2384 3579 5
2384 149 5
2384 843 5
2384 4346 5
2384 323 5
2384 5791 2
2384 1632 5
2384 858 5
2384 11322 5
2384 5877 4
2384 8316 5
2384 7486 5
2384 8408 4
2384 5585 5
2384 3944 4
2384 254 5
2384 3796 5
2384 891 5
2384 1765 5
2384 1876 5
2385 1789 3
2385 2526 3
2385 7954 3
2385 332 5
2385 2935 5
2385 7037 5
2385 9988 4
2385 8942 5
2385 623 4
2385 8019 5
2385 8938 5
2385 8047 4
2385 5743 5
2385 5092 4
2385 7376 4
2385 7420 5
2385 3983 3
2385 2910 3
2385 1834 3
2385 3256 5
2385 276 3
2385 8475 4
2385 8985 5
2385 1650 3
2385 8943 5
2385 732 3
2385 9177 5
2385 8807 5
2385 699 3
2385 772 3
2385 3344 5
2385 6328 5
2385 3075 5
2385 7854 5
2385 8442 5
2385 759 3
2385 792 3
2385 6837 5
2385 5509 5
2385 660 3
2385 8966 5
2385 28 3
2385 1998 3
2385 11103 5
2385 3566 4
2385 1395 3
2385 832 3
2385 1954 5
2385 661 3
2385 5114 5
2385 312 3
2385 1240 4
2385 706 4
2385 671 2
2385 217 3
2385 6610 5
2385 762 5
2385 673 5
2385 174 4
2385 674 5
2385 1981 3
2385 4626 4
2385 288 5
2385 323 1
2385 1955 5
2385 1331 4
2385 9282 4
2385 258 2
2385 1984 1
2385 313 5
2385 309 4
2385 9551 4
2385 1419 1
2385 7520 5
2385 641 5
2385 1332 3
2385 694 5
2385 8597 4
2385 10135 5
2385 3895 5
2385 7849 4
2385 728 3
2385 4751 3
2385 4610 5
2385 9965 4
2385 7940 4
2386 9805 5
2386 535 3
2386 6855 5
2387 7272 1
2387 6762 5
2387 2054 5
2387 2145 5
2387 7412 5
2387 7957 5
2387 24 5
2387 5414 4
2387 2144 5
2388 1612 1
2388 315 5
2388 6085 5
2388 8887 5
2388 309 5
2388 2069 5
2388 8162 5
2388 6033 5
2388 8163 5
2388 863 4
2388 6746 4
2388 2254 4
2388 34 4
2388 270 5
2388 1575 4
2388 1570 5
2388 2383 5
2388 7628 5
2388 1653 5
2388 810 5
2389 9878 5
2389 8102 3
2389 3708 5
2389 6013 3
2389 628 5
2389 6125 5
2389 584 5
2389 4528 5
2390 605 4
2390 1223 4
2390 1279 5
2390 2083 1
2390 9136 5
2390 5673 3
2391 3056 5
2391 9321 5
2391 11473 4
2391 1006 5
2392 5413 4
2392 1577 4
2392 6022 4
2392 7733 3
2392 6016 4
2392 2480 4
2392 8699 5
2392 497 4
2393 7145 4
2393 6476 5
2393 8998 1
2393 1897 5
2393 6769 2
2393 1215 4
2393 11212 5
2393 158 3
2393 7993 3
2393 8380 5
2393 1604 5
2393 5683 5
2393 1867 4
2393 8268 5
2393 5454 4
2393 632 4
2393 6781 4
2393 3967 5
2393 2496 5
2393 291 4
2393 206 5
2393 2767 4
2393 6739 5
2393 8627 5
2393 5070 5
2393 7175 5
2393 6332 4
2393 3639 4
2393 96 5
2393 3014 3
2393 1914 3
2393 8413 5
2393 6706 4
2393 1629 4
2393 8897 4
2393 7649 4
2393 6424 5
2393 5901 4
2393 7039 4
2394 10551 4
2394 2409 3
2394 8883 4
2394 7279 5
2394 7641 5
2394 7555 3
2394 8811 3
2394 1247 3
2394 1269 4
2394 2378 5
2394 346 5
2394 3091 5
2394 686 4
2394 3535 3
2394 1298 5
2394 6860 5
2394 1787 5
2394 8213 5
2394 4550 2
2394 5698 5
2394 2406 4
2394 5875 4
2394 7968 4
2394 2207 5
2394 2202 4
2394 1158 5
2394 10564 4
2394 2302 3
2394 10528 5
2394 542 4
2394 5722 5
2394 11473 3
2394 8808 5
2394 2519 5
2394 8166 2
2394 8485 5
2394 496 5
2394 6894 5
2394 5603 5
2394 7993 3
2394 2317 5
2394 486 4
2394 2977 5
2394 544 5
2394 2364 5
2394 1152 5
2394 2277 4
2394 9164 5
2394 3037 4
2394 4252 2
2394 7197 4
2394 2439 5
2394 7816 4
2394 2389 3
2394 575 5
2394 3391 5
2394 3241 4
2394 1829 5
2394 6895 5
2394 534 5
2394 9926 5
2394 1017 5
2394 2335 5
2394 1876 5
2394 8458 4
2394 6832 5
2394 385 4
2394 2080 5
2394 1133 1
2394 3256 5
2394 6329 4
2394 3267 5
2394 6936 5
2394 627 5
2394 9864 5
2394 1832 5
2394 6789 5
2394 857 5
2394 6950 5
2394 3465 5
2394 1831 4
2394 4840 4
2394 1202 5
2394 2230 5
2394 2479 5
2394 5897 4
2394 7363 5
2394 662 5
2394 4644 5
2394 6819 5
2394 4021 5
2394 5877 5
2394 9154 5
2394 9055 5
2395 594 4
2395 3995 4
2395 7150 4
2396 2093 5
2396 6980 4
2396 7229 4
2396 7130 5
2396 7386 4
2396 4259 4
2396 169 4
2396 366 4
2396 7705 3
2396 4574 4
2396 4949 4
2396 1594 4
2396 2103 4
2396 8364 4
2396 2907 4
2396 3215 4
2396 6210 3
2396 3722 4
2396 75 3
2396 4324 4
2396 7914 5
2396 8161 2
2396 652 5
2396 1638 4
2396 7843 4
2396 8234 4
2396 11532 5
2396 11533 5
2396 10229 4
2396 4034 3
2396 908 5
2396 6131 4
2396 8918 5
2396 327 4
2396 6014 4
2396 6043 4
2396 2566 5
2396 6359 3
2396 107 2
2396 1657 4
2396 3687 1
2396 4274 3
2396 948 5
2396 5029 5
2396 7053 5
2396 4020 3
2396 2871 5
2396 1365 5
2396 3091 5
2396 7234 4
2396 3164 3
2396 2033 2
2396 5004 4
2396 3742 4
2396 6789 5
2396 6965 4
2396 7896 4
2396 2130 4
2396 7164 5
2396 8407 3
2396 5752 4
2396 2059 4
2397 8675 4
2397 5997 2
2397 2032 2
2397 3645 5
2397 590 5
2397 2043 5
2397 4419 4
2397 7915 4
2397 8009 5
2397 6890 4
2397 2103 3
2397 632 4
2397 306 5
2397 8101 5
2397 2878 5
2397 6431 2
2397 5972 5
2397 3638 3
2397 3639 5
2397 1204 4
2397 8889 4
2397 1122 5
2397 3185 4
2398 7598 4
2398 1890 4
2398 1749 5
2398 1393 3
2398 105 5
2398 2051 5
2398 4341 3
2398 1638 5
2398 1608 5
2398 240 5
2398 1664 4
2398 8024 5
2398 8594 5
2398 8012 4
2398 7664 4
2398 223 5
2398 4880 5
2398 7980 4
2398 8041 4
2398 2484 4
2398 1580 5
2398 2430 4
2398 7459 5
2398 1639 5
2398 8071 4
2398 2264 5
2398 867 5
2398 2846 4
2398 1659 5
2398 8521 4
2398 235 5
2398 6013 4
2398 83 5
2398 9293 5
2398 178 5
2398 2504 5
2398 7456 5
2398 3579 5
2398 2475 5
2398 842 5
2398 7069 5
2399 414 3
2399 2265 4
2399 8326 5
2399 1836 3
2399 1191 5
2399 446 2
2399 1855 4
2399 6838 4
2399 3072 4
2399 7063 2
2399 462 4
2399 1134 3
2399 6568 3
2399 4867 4
2399 8411 3
2399 2282 3
2400 4466 5
2400 2496 5
2400 2792 5
2400 1795 5
2400 2440 5
2400 2486 4
2400 6179 5
2400 2806 5
2400 1883 5
2400 1406 3
2400 1922 5
2400 8268 5
2400 3277 4
2400 7781 3
2401 3931 5
2401 10305 5
2401 9167 5
2401 3935 3
2401 11534 3
2401 1594 4
2401 339 4
2402 4146 3
2402 4010 5
2402 8392 3
2403 635 3
2403 2462 4
2403 252 4
2403 1839 3
2403 6979 5
2403 1239 3
2403 421 5
2403 1913 2
2403 1129 3
2403 549 3
2403 1163 5
2403 9329 5
2403 9756 3
2404 3072 5
2404 11049 4
2404 12 3
2404 3752 5
2404 4075 4
2404 4476 4
2404 8853 4
2404 9713 5
2404 7875 5
2404 3165 4
2405 1681 5
2405 7360 4
2405 1546 5
2405 5248 5
2405 1649 4
2405 7103 4
2405 6324 5
2405 7915 5
2405 1746 4
2405 7718 4
2405 1864 5
2405 8288 5
2405 3392 5
2405 1534 4
2405 6079 5
2405 6437 4
2405 5997 4
2405 1575 4
2405 8646 4
2405 9110 4
2405 4509 4
2405 192 5
2405 8040 4
2405 2009 4
2405 9595 5
2405 11232 4
2405 11071 4
2405 7376 4
2405 5808 5
2405 2839 4
2405 2787 4
2405 6088 5
2405 9051 4
2405 4238 4
2405 2872 4
2405 5692 4
2405 4931 5
2405 1728 4
2405 3198 5
2405 647 4
2405 2077 5
2405 1616 3
2405 1617 4
2405 3167 5
2405 6756 5
2405 628 4
2405 3936 5
2405 8155 4
2405 1628 4
2405 7325 4
2405 49 4
2405 5080 5
2405 3089 5
2405 5700 3
2405 7404 5
2405 7023 5
2405 4491 5
2405 7928 4
2405 3665 4
2405 6267 5
2405 3462 5
2405 1902 4
2406 1691 3
2406 239 3
2406 6367 5
2406 2940 4
2407 2181 5
2407 3255 4
2407 4689 5
2407 4075 4
2407 2655 5
2407 3556 4
2407 7646 4
2408 1918 5
2408 6128 3
2408 66 5
2408 8420 5
2408 710 3
2408 739 3
2408 323 1
2408 832 5
2408 1456 1
2408 704 3
2408 538 5
2408 8682 5
2408 7413 5
2408 609 1
2408 8587 5
2408 28 1
2408 1877 4
2408 9282 3
2408 7414 5
2408 5002 4
2408 10004 2
2409 6507 5
2409 4327 5
2409 11204 5
2409 7226 5
2409 7092 5
2409 7315 5
2409 5789 4
2409 5787 4
2409 7991 5
2409 11535 4
2409 5857 5
2409 6571 5
2409 4498 5
2409 2776 4
2409 6318 5
2409 7762 4
2409 10311 4
2409 4336 4
2409 9899 4
2409 8893 5
2409 7927 3
2409 1279 4
2409 9008 5
2409 6304 5
2409 1120 5
2409 2858 4
2409 6719 4
2409 7376 4
2409 7043 4
2409 11521 4
2409 7102 3
2409 6397 3
2409 6014 4
2409 11073 5
2409 7206 4
2409 8333 4
2409 5555 4
2409 5116 5
2409 9891 4
2409 2085 5
2409 2479 5
2409 6733 5
2409 7959 4
2409 4301 5
2409 8017 4
2409 3272 3
2409 765 5
2409 6048 5
2409 2232 5
2409 9578 4
2409 8192 4
2409 1467 4
2409 6256 4
2409 6350 3
2409 5997 4
2409 3321 2
2409 7647 4
2409 6991 4
2409 8472 5
2409 1536 5
2409 2592 5
2409 5906 3
2409 8165 1
2409 3184 4
2409 7409 5
2409 4574 5
2409 4075 5
2409 3071 1
2409 7066 3
2409 8091 5
2409 3221 4
2409 7104 3
2409 9394 3
2409 2494 4
2409 116 4
2409 5733 4
2409 6044 4
2409 7989 4
2409 2048 4
2409 5670 5
2409 4483 5
2409 11520 5
2409 6826 5
2409 6212 5
2409 8330 4
2409 8564 5
2409 3365 5
2410 1960 5
2410 6243 4
2410 11181 2
2410 7731 4
2410 11232 4
2410 339 2
2410 6793 5
2410 1670 5
2410 11071 2
2410 7004 5
2410 3262 5
2410 6059 5
2410 1701 5
2410 5697 5
2410 6445 5
2410 6592 5
2410 4048 1
2410 9213 4
2410 333 5
2410 5224 2
2410 5678 3
2410 4187 5
2410 4924 1
2410 2498 4
2410 1634 1
2410 2804 1
2410 6101 2
2410 532 5
2410 4424 5
2410 1636 1
2410 832 5
2410 3215 5
2410 3344 5
2410 7385 3
2410 3304 5
2410 534 2
2410 3342 5
2410 11250 4
2411 8690 5
2411 7164 4
2411 1330 5
2411 6611 5
2411 5730 4
2411 3172 4
2411 4320 5
2411 1825 5
2411 4466 5
2411 11536 5
2412 8471 4
2412 5907 4
2412 4338 1
2412 1608 5
2412 41 1
2412 10419 5
2412 3413 1
2413 728 5
2413 1682 5
2413 751 5
2413 323 5
2413 6487 3
2413 574 1
2413 8630 5
2413 840 5
2413 11018 5
2413 10207 5
2413 3356 5
2413 312 5
2413 104 2
2413 772 3
2413 762 4
2413 1332 5
2413 7045 5
2413 4130 5
2414 196 1
2414 3639 4
2414 6582 4
2414 609 4
2414 4770 5
2414 2061 3
2414 6887 5
2414 4262 5
2414 4528 4
2414 1673 3
2414 1648 5
2414 3000 5
2414 3020 5
2414 5936 5
2415 2210 5
2415 7099 2
2415 11133 5
2415 6792 4
2415 11101 4
2415 7876 4
2415 439 4
2415 5719 2
2415 2486 3
2415 6135 5
2415 6841 4
2415 7825 5
2415 7317 4
2415 179 5
2415 6281 5
2415 2034 4
2415 3638 5
2415 7953 5
2415 8259 5
2415 4427 5
2415 2360 4
2415 5180 5
2415 7244 4
2415 1586 5
2415 3959 4
2415 527 5
2415 5789 5
2415 3691 3
2415 4023 5
2415 4797 5
2415 1017 5
2415 8569 4
2415 4836 5
2415 4259 4
2415 7370 5
2415 2858 4
2415 3689 5
2416 704 5
2416 3182 4
2416 4048 1
2416 3484 4
2416 49 4
2417 10072 5
2417 2522 5
2417 2670 4
2417 6729 4
2417 1814 2
2417 2462 5
2417 2449 5
2417 2311 4
2417 2899 3
2417 8787 5
2417 10470 5
2417 4251 5
2417 2651 5
2417 2726 4
2417 1180 4
2417 499 4
2417 1408 5
2417 1352 5
2417 7734 1
2417 5502 5
2417 397 5
2417 6834 4
2417 1949 5
2417 5651 5
2417 9495 5
2417 5649 5
2417 5944 5
2417 4145 1
2417 4402 5
2417 649 4
2417 7653 5
2417 7317 5
2417 3923 5
2417 7620 5
2417 7743 5
2417 1856 5
2418 6087 4
2418 8352 5
2418 2858 5
2418 8397 4
2419 7732 5
2419 4202 4
2419 1907 5
2419 8089 5
2419 214 4
2419 2797 5
2419 1849 4
2419 6407 4
2419 7713 4
2419 7728 5
2419 6300 5
2419 11159 5
2419 6951 5
2419 1290 5
2419 4806 4
2419 2766 5
2420 307 5
2421 1956 2
2421 4948 4
2421 9897 5
2421 934 5
2421 738 5
2421 1395 4
2421 7310 4
2421 9997 1
2421 1570 5
2421 3865 4
2421 2635 4
2421 2988 5
2421 4605 4
2421 3808 5
2421 565 4
2421 461 4
2421 4382 5
2421 452 3
2421 4839 5
2421 2989 5
2421 9810 2
2422 323 5
2422 4795 4
2422 1301 5
2422 4121 5
2422 2945 5
2422 8042 5
2422 5484 5
2422 649 4
2422 4431 5
2422 652 5
2422 2905 4
2422 653 5
2422 1305 5
2422 6837 5
2422 7515 5
2422 8055 5
2422 4782 5
2422 519 3
2423 1864 4
2423 1890 1
2423 2152 5
2423 1926 4
2423 8586 5
2423 1861 2
2423 6052 5
2423 6470 5
2423 5907 4
2423 5653 4
2423 9480 5
2423 6951 4
2423 7181 5
2423 9286 4
2423 6049 5
2423 1870 5
2423 1889 5
2423 7063 4
2423 8085 3
2423 8880 5
2423 1933 3
2423 11234 5
2423 11130 5
2423 5762 3
2423 6924 3
2423 2824 2
2423 11161 4
2423 9030 4
2423 630 4
2423 6790 5
2423 10773 4
2423 6490 4
2423 808 4
2423 7424 5
2423 11282 4
2423 1112 1
2423 4376 3
2423 3728 3
2423 5580 5
2423 7299 4
2423 1872 3
2423 1666 5
2423 8564 5
2423 10114 5
2423 1623 5
2423 1463 5
2423 1877 5
2423 2874 4
2423 4556 4
2423 4649 4
2423 1880 5
2423 7909 5
2423 8529 5
2423 11537 5
2423 5101 5
2423 2689 4
2423 322 2
2423 3044 4
2423 4820 5
2423 9864 5
2423 3002 5
2423 5331 5
2423 1324 4
2423 8953 5
2423 305 5
2423 9814 5
2423 3550 4
2423 7710 4
2423 1629 5
2423 880 5
2423 7959 4
2423 1633 3
2423 8899 5
2423 1331 5
2423 9305 4
2423 6965 5
2423 11164 4
2423 5092 4
2423 3985 5
2423 11120 5
2423 1665 5
2423 3306 5
2423 4520 5
2423 7341 4
2423 636 5
2423 494 2
2423 9190 3
2423 3535 1
2423 4023 5
2423 2961 5
2423 8569 5
2423 1536 5
2423 8122 2
2423 8859 5
2423 3343 4
2423 1981 5
2423 1650 4
2423 312 5
2423 1673 5
2423 3434 4
2423 1336 5
2423 1303 4
2423 10313 5
2423 147 4
2423 8387 5
2423 9558 5
2423 1300 5
2423 9766 4
2423 11066 3
2423 3687 5
2423 4431 5
2423 4509 4
2423 8238 5
2423 7462 4
2423 3168 4
2423 704 5
2423 738 5
2423 671 2
2423 762 5
2423 7208 5
2423 3075 4
2423 11148 3
2423 9163 3
2423 8854 4
2423 1241 5
2423 2461 4
2423 258 5
2423 5263 5
2423 313 5
2423 4414 4
2423 735 5
2423 4122 5
2423 3088 4
2423 5154 5
2423 6639 5
2423 609 5
2423 4234 4
2423 2453 5
2423 174 5
2423 217 5
2423 4648 5
2423 8617 5
2424 8132 5
2424 7526 4
2424 3435 5
2424 3079 4
2424 3921 5
2424 2895 5
2424 7595 1
2424 83 5
2424 739 5
2424 4481 5
2424 1954 3
2424 1984 4
2424 678 4
2424 4053 4
2424 996 5
2424 4078 5
2424 4178 4
2424 5404 4
2424 11538 5
2424 3561 4
2424 3013 4
2424 809 1
2424 3453 5
2424 58 5
2424 1670 4
2424 735 3
2424 1925 5
2424 2830 5
2424 8347 4
2424 1754 5
2424 4426 4
2424 5064 5
2424 7500 5
2424 326 5
2424 206 5
2424 1790 5
2424 6402 4
2424 3000 5
2424 4661 5
2424 3084 3
2424 217 3
2424 738 5
2424 5152 3
2424 4366 5
2424 1955 5
2424 1414 1
2424 3122 4
2424 1412 4
2424 1313 1
2424 1278 5
2424 5154 3
2424 934 5
2424 1275 2
2424 3569 3
2424 139 5
2424 1328 5
2424 7254 4
2424 7251 4
2424 2435 5
2424 3963 4
2424 6708 5
2424 7443 5
2424 868 3
2424 1316 4
2424 761 3
2424 7498 3
2424 61 4
2424 1997 5
2424 276 3
2424 3008 4
2424 250 4
2424 193 3
2424 261 4
2424 4707 5
2424 7640 5
2424 319 5
2424 305 4
2424 323 3
2424 309 3
2424 732 5
2424 5901 4
2424 8531 3
2424 832 3
2424 4980 3
2424 4296 5
2424 5027 4
2424 4660 4
2424 1001 4
2424 11164 4
2424 8296 4
2424 9971 3
2424 5258 4
2424 1406 3
2424 4141 5
2424 7559 3
2424 300 4
2424 211 5
2424 1263 3
2424 5153 1
2424 170 3
2424 10351 5
2424 5276 5
2424 6673 2
2424 1939 5
2424 196 4
2424 9428 4
2424 734 5
2424 2996 5
2424 3708 3
2424 10182 4
2424 3993 3
2424 5664 3
2424 1274 3
2425 2147 5
2425 3302 5
2425 8976 5
2425 4691 5
2425 10477 3
2425 699 5
2425 6766 4
2425 2911 5
2425 5152 1
2425 6276 5
2425 10692 5
2425 5993 2
2425 1240 5
2425 7741 2
2425 4634 5
2425 1412 5
2425 1976 4
2425 712 4
2425 837 5
2425 3771 5
2425 3075 4
2425 762 3
2425 772 5
2425 1278 5
2425 1980 1
2425 1273 3
2425 4099 5
2425 9022 4
2425 1219 1
2425 671 5
2425 6614 2
2425 1274 5
2425 1498 3
2425 6727 5
2425 4101 5
2425 1990 5
2425 5445 5
2425 1241 5
2425 5480 5
2425 1328 5
2425 4598 5
2425 5758 5
2425 1988 5
2425 312 5
2425 565 5
2425 4534 4
2425 313 5
2425 609 4
2425 1501 5
2425 5226 5
2425 1515 2
2425 8244 4
2425 1049 5
2425 1981 5
2425 3088 5
2425 1331 4
2425 2420 3
2425 217 5
2425 3509 4
2425 3394 5
2425 8244 5
2425 5596 5
2425 10070 4
2425 4091 5
2425 3688 5
2425 9651 5
2425 4408 3
2425 3146 5
2425 1312 5
2425 1660 5
2425 4812 5
2425 4117 5
2425 1275 1
2425 4726 5
2425 4049 1
2425 8256 4
2425 4360 5
2425 7337 5
2425 2913 5
2426 2655 5
2426 4280 5
2426 258 4
2426 712 3
2426 673 5
2426 309 4
2426 1325 2
2426 609 3
2426 728 3
2426 3263 5
2426 4741 5
2427 3146 5
2427 7806 4
2427 4160 4
2427 11473 5
2428 10070 2
2428 728 3
2428 3648 5
2429 832 5
2429 288 5
2429 1501 5
2429 4752 5
2429 7469 4
2429 277 4
2429 276 2
2429 2929 3
2429 312 1
2429 5454 3
2429 1414 1
2429 217 3
2429 3993 5
2429 1314 3
2429 3302 4
2429 313 1
2429 1395 4
2429 712 5
2429 9106 5
2429 9666 4
2429 3128 3
2429 4400 4
2429 759 2
2429 8124 5
2429 772 3
2429 4932 1
2429 824 5
2429 7508 4
2429 323 4
2429 1029 4
2429 3263 5
2429 5951 5
2429 84 5
2429 258 5
2429 739 5
2429 3220 4
2429 196 5
2429 94 4
2429 852 3
2429 7113 5
2429 7751 3
2429 9650 4
2430 706 1
2430 9551 5
2430 3814 3
2430 4552 2
2430 4340 5
2430 9121 4
2430 3436 5
2430 1395 5
2430 2158 5
2430 6059 4
2430 832 5
2430 276 5
2430 650 5
2430 4227 5
2430 3426 5
2430 4865 5
2430 1480 2
2430 4487 5
2430 9850 5
2430 9428 3
2430 4208 5
2430 6208 5
2430 1005 4
2430 6075 4
2430 7350 5
2430 20 5
2430 5116 5
2430 222 5
2430 8272 5
2430 728 3
2430 118 4
2430 1740 5
2430 312 2
2430 780 5
2430 4496 5
2431 9506 4
2431 10963 4
2431 5539 3
2431 932 5
2431 8493 2
2432 8333 3
2432 7234 5
2432 1275 1
2432 3254 5
2432 3089 5
2432 3478 4
2432 10560 4
2432 4033 5
2432 9529 4
2432 4858 4
2432 11539 5
2432 5346 5
2432 6875 1
2432 11019 5
2433 728 3
2433 276 3
2433 9858 5
2433 11215 5
2433 211 3
2433 5572 5
2433 127 4
2433 858 5
2433 278 3
2433 1332 3
2433 323 3
2433 258 5
2433 912 3
2433 1275 3
2434 28 1
2434 4681 4
2434 288 5
2434 741 4
2434 712 1
2434 738 4
2434 726 5
2434 728 5
2434 1260 1
2434 710 3
2434 759 5
2434 740 3
2434 305 3
2434 309 4
2434 309 3
2434 772 5
2434 6795 5
2434 313 5
2434 762 5
2434 4194 5
2434 732 5
2434 1501 5
2434 312 4
2434 211 5
2434 323 5
2434 2419 5
2434 837 5
2434 9419 5
2434 863 3
2434 1275 5
2434 824 5
2434 4932 1
2434 780 2
2434 3555 1
2434 8378 5
2434 1332 3
2435 4275 4
2435 704 1
2435 976 5
2435 6620 5
2435 712 5
2435 288 1
2435 10489 1
2435 728 1
2435 7503 5
2435 8035 5
2435 212 4
2435 6942 5
2435 77 5
2435 1443 5
2435 196 1
2435 11263 5
2435 4100 5
2435 4825 5
2435 4165 5
2435 727 1
2435 762 5
2435 1524 5
2435 7716 2
2435 5476 1
2436 309 5
2436 1955 5
2436 196 3
2436 199 5
2436 7750 4
2436 609 5
2436 323 4
2436 5036 3
2436 4531 3
2436 2736 3
2436 126 5
2436 1757 5
2436 3315 3
2436 3282 4
2436 5697 5
2436 9506 4
2437 309 5
2437 323 5
2437 276 5
2438 699 4
2438 2979 1
2438 323 3
2438 704 3
2438 278 4
2438 305 4
2438 309 3
2438 792 3
2438 775 3
2438 196 3
2439 741 3
2439 747 5
2439 11540 5
2439 104 5
2439 9523 4
2439 728 3
2439 766 1
2439 313 5
2439 323 5
2439 5659 3
2439 820 4
2439 4782 5
2439 2940 4
2439 4101 3
2439 4238 4
2439 706 4
2439 712 4
2439 3949 4
2439 10201 4
2440 1998 3
2440 673 3
2440 762 5
2440 757 4
2440 1976 5
2440 691 5
2440 10051 5
2440 609 5
2440 1328 5
2440 1981 5
2440 28 3
2440 9568 1
2440 738 4
2440 6251 5
2440 832 3
2440 6676 3
2440 6353 4
2440 706 4
2440 792 3
2440 837 5
2440 699 3
2440 741 3
2440 1408 5
2440 5819 1
2440 483 5
2440 515 5
2440 780 3
2440 4280 5
2440 692 5
2440 759 3
2440 8384 2
2440 6139 3
2440 704 3
2440 10663 5
2440 824 3
2440 9416 5
2440 9847 5
2440 732 5
2440 2151 4
2440 7934 4
2440 1274 5
2440 9711 5
2440 4599 1
2440 1260 3
2440 3850 5
2440 1343 5
2440 9685 3
2440 740 3
2440 5786 3
2440 3084 3
2440 10681 4
2440 2629 5
2440 8910 5
2440 1395 3
2440 1772 3
2440 836 1
2440 772 5
2440 739 5
2440 4208 4
2440 5119 5
2440 276 4
2440 610 3
2440 710 4
2440 7000 5
2440 1414 1
2440 9514 5
2440 8952 1
2440 712 5
2440 1958 3
2440 3050 5
2440 734 5
2440 735 5
2440 829 2
2440 258 5
2440 728 5
2440 309 5
2440 104 5
2440 309 5
2440 6112 4
2440 10883 5
2440 1352 5
2440 313 5
2440 1262 5
2440 10598 2
2440 312 1
2440 274 4
2440 2655 2
2440 9471 5
2440 288 3
2440 323 4
2440 753 5
2440 5113 5
2440 6080 4
2440 1682 4
2440 4394 3
2440 1275 1
2440 4978 4
2440 1990 5
2440 3580 5
2440 196 5
2440 7165 5
2441 6755 4
2441 3740 2
2441 3648 4
2441 832 5
2441 714 4
2441 3146 4
2441 837 3
2441 2277 4
2441 2421 4
2441 4375 3
2441 515 4
2441 9899 4
2441 1241 5
2441 1142 5
2441 2338 3
2441 11207 4
2441 4610 4
2441 2936 3
2441 7940 4
2441 5251 4
2441 5211 5
2441 279 5
2441 5001 4
2441 9727 4
2441 1629 1
2441 5811 4
2441 2655 1
2441 309 5
2441 313 3
2441 3787 5
2441 6586 5
2441 775 5
2441 741 5
2441 3916 4
2441 576 5
2441 3387 4
2441 5212 5
2442 8235 4
2442 323 4
2442 1240 1
2442 1419 1
2442 1360 5
2442 309 4
2442 2716 4
2442 706 5
2442 775 5
2442 2506 4
2442 4417 5
2442 4883 5
2442 832 4
2442 1377 4
2442 312 5
2442 8169 2
2442 5142 5
2442 1414 1
2442 211 5
2442 4944 1
2442 773 5
2442 1408 5
2442 6148 4
2442 3313 2
2442 837 5
2442 1374 4
2442 1387 4
2442 5626 4
2442 855 5
2442 4551 5
2442 1274 5
2442 1418 1
2442 196 5
2442 737 5
2442 1335 1
2442 1352 5
2442 753 5
2442 1395 5
2442 1421 2
2442 1275 1
2442 738 5
2442 9735 4
2442 3469 4
2442 1939 5
2442 3000 5
2442 5858 5
2442 8152 5
2442 5607 2
2443 632 3
2443 6223 4
2443 5928 5
2443 548 5
2443 1294 5
2443 2894 3
2443 3441 4
2443 2899 3
2443 1219 1
2443 2907 4
2443 6491 5
2443 104 5
2443 6918 5
2443 762 5
2443 11238 5
2443 476 4
2443 8422 1
2443 694 5
2443 2911 5
2443 3211 4
2443 3143 3
2443 699 5
2443 3387 4
2443 5527 4
2443 1278 5
2443 2921 5
2443 4335 4
2443 2954 5
2443 1370 1
2443 4380 5
2443 704 5
2443 5925 5
2443 706 5
2443 1830 5
2443 710 5
2443 2701 5
2443 759 3
2443 5626 2
2443 309 5
2443 28 5
2443 740 5
2443 843 3
2443 4417 5
2443 5222 4
2443 2715 5
2443 712 3
2443 7842 5
2443 2716 3
2443 3046 1
2443 775 5
2443 6939 3
2443 739 5
2443 196 5
2443 3450 1
2443 5087 5
2443 10794 4
2443 772 1
2443 5640 1
2443 829 5
2443 751 1
2443 6932 4
2443 2655 3
2443 792 1
2443 1274 5
2443 9692 5
2443 6141 5
2443 3874 5
2443 978 3
2443 2244 4
2443 279 5
2443 3864 3
2443 900 5
2443 1441 2
2443 10754 5
2443 323 5
2443 258 5
2443 1275 1
2443 837 5
2443 722 5
2443 7527 3
2443 4927 5
2443 7578 3
2443 1945 5
2443 312 3
2443 288 5
2443 11541 5
2443 1395 1
2443 239 2
2443 211 5
2443 3837 4
2443 2651 5
2443 934 3
2443 738 1
2443 832 5
2443 276 5
2443 5788 5
2443 9361 5
2443 3762 5
2443 7838 4
2443 1751 5
2443 9135 5
2443 4026 2
2443 313 5
2443 2728 5
2443 4259 5
2443 3792 5
2443 4597 5
2443 2662 4
2443 10397 5
2443 9902 5
2443 3617 5
2443 3806 4
2443 5746 4
2443 3790 5
2443 622 3
2443 378 4
2443 863 1
2443 11513 4
2443 6652 5
2443 10984 4
2443 9173 5
2443 6846 5
2443 11413 5
2443 4632 4
2443 4627 5
2443 1515 2
2443 1481 5
2443 1548 1
2443 11356 5
2443 1241 5
2443 8160 3
2443 909 1
2443 5728 5
2443 1522 5
2443 4011 5
2443 814 3
2443 4315 3
2443 1349 2
2443 901 3
2443 8435 4
2443 2648 1
2443 4834 5
2443 3781 5
2443 4401 5
2443 3793 5
2443 10691 5
2444 5438 5
2444 10065 4
2444 10066 4
2444 746 5
2444 11375 5
2444 3050 5
2444 4221 5
2445 3895 4
2445 10624 4
2445 1407 4
2445 7943 4
2445 8280 5
2446 211 4
2446 196 5
2446 772 5
2446 727 4
2446 276 3
2446 766 5
2446 4551 5
2446 843 4
2446 722 5
2446 3713 5
2447 1535 3
2447 5702 4
2447 6809 4
2447 10978 4
2447 508 5
2447 753 5
2447 578 5
2447 1307 3
2447 1305 5
2447 6906 5
2447 4548 4
2447 288 5
2447 762 5
2447 4072 3
2447 9501 5
2447 309 3
2447 830 5
2447 740 3
2447 735 5
2447 196 3
2447 474 5
2447 712 5
2447 11542 4
2447 775 3
2447 3586 5
2447 276 5
2447 706 5
2447 104 5
2447 258 5
2447 574 1
2447 1423 1
2447 312 1
2447 1263 4
2447 739 4
2447 829 1
2447 832 5
2447 4525 4
2447 738 2
2447 313 4
2447 4745 1
2447 1876 5
2447 843 3
2447 10029 4
2447 5442 5
2447 323 1
2447 728 5
2448 8898 5
2448 4623 5
2448 1349 4
2448 5232 5
2449 3417 5
2449 10844 4
2449 5481 3
2449 5867 4
2449 3889 4
2449 5070 2
2449 864 4
2450 8688 4
2450 3191 5
2450 11518 4
2450 7958 5
2450 6934 5
2450 1942 5
2450 6797 5
2450 6815 4
2450 6713 5
2450 5070 4
2451 7327 4
2451 6360 3
2451 8496 5
2451 5504 4
2451 9246 5
2451 1279 5
2451 7397 3
2451 6050 4
2451 1337 5
2451 9608 3
2451 1926 4
2451 8850 2
2451 7423 4
2451 9278 5
2451 1922 5
2451 7194 5
2451 10288 5
2451 2959 5
2451 3220 3
2451 7537 5
2451 7425 4
2451 7434 3
2451 1122 4
2451 3391 5
2451 9864 5
2451 2363 5
2451 363 4
2451 7105 4
2451 3397 4
2451 2762 5
2451 379 5
2451 10441 5
2451 8957 4
2451 3967 3
2451 6142 1
2451 3726 4
2451 632 4
2451 5485 5
2451 8165 4
2451 5652 4
2451 5657 5
2451 4016 4
2451 5970 4
2451 7427 4
2451 7101 5
2451 8057 4
2451 2494 5
2451 11089 5
2451 7178 5
2451 1840 4
2451 7584 5
2451 8598 5
2452 3449 5
2452 1513 3
2452 318 5
2452 3723 5
2452 1418 5
2452 9861 5
2452 4735 3
2452 7486 5
2453 739 3
2453 309 3
2453 9252 4
2453 4875 4
2453 3146 5
2453 10012 3
2453 1852 3
2454 433 2
2454 2594 4
2454 4026 4
2454 1253 2
2454 2719 4
2454 9158 3
2454 728 4
2454 8909 3
2454 9180 5
2454 1775 3
2454 8781 4
2454 2352 4
2454 3512 4
2455 832 5
2455 11543 5
2455 1755 5
2455 4034 4
2455 1277 5
2455 1417 5
2455 309 3
2456 7837 4
2456 1243 5
2456 8226 4
2456 647 4
2456 2903 5
2456 2891 5
2456 7844 5
2456 1007 5
2456 4688 4
2456 9750 5
2456 6328 5
2456 9308 5
2456 3068 5
2456 9756 3
2456 1073 5
2456 2924 5
2456 126 4
2456 312 4
2456 1395 4
2456 715 5
2456 2915 5
2456 9166 5
2456 1007 5
2456 8238 5
2456 649 4
2456 3276 5
2456 694 5
2456 7917 5
2456 6906 5
2456 2925 4
2456 6918 4
2456 4767 3
2456 2625 5
2456 11288 4
2456 1638 5
2456 8680 5
2456 571 5
2456 7452 4
2456 672 5
2456 309 4
2456 6509 5
2456 11544 3
2456 3345 5
2457 710 5
2457 10761 5
2457 899 4
2458 11255 4
2458 5624 4
2458 4963 3
2459 3444 5
2459 1345 5
2459 1987 5
2460 5902 5
2460 1911 5
2460 13 5
2460 6421 5
2460 2911 5
2460 1959 5
2460 739 3
2460 7617 5
2460 258 2
2460 11108 5
2460 1945 5
2460 9605 2
2460 4235 4
2460 6127 4
2460 240 5
2460 92 4
2460 1395 5
2460 759 2
2460 740 5
2460 4195 5
2460 3992 5
2460 4872 5
2460 6601 3
2460 10456 5
2460 5149 5
2460 10536 4
2460 1410 3
2460 5206 2
2460 712 5
2460 3745 2
2460 11342 5
2460 5229 4
2460 8703 5
2460 1985 4
2460 11545 4
2460 8064 5
2460 5387 5
2460 9825 5
2460 1099 5
2461 1501 1
2461 3620 4
2461 780 1
2461 28 5
2461 104 5
2461 902 5
2461 1981 3
2461 1275 1
2461 196 5
2461 276 3
2461 20 5
2461 4932 1
2461 751 1
2461 678 1
2461 10104 4
2461 704 3
2461 5571 5
2461 759 5
2461 312 5
2461 706 1
2461 313 1
2461 732 1
2461 843 1
2461 6224 5
2461 9719 5
2461 10187 4
2461 4144 5
2461 258 3
2461 829 1
2461 1278 5
2461 11546 5
2461 10339 4
2461 2046 5
2461 772 1
2461 762 1
2461 288 1
2461 10381 5
2461 735 3
2461 728 1
2461 5818 5
2461 309 3
2461 128 5
2461 10320 5
2461 10088 4
2461 10489 3
2462 574 3
2462 1548 3
2462 312 2
2462 276 3
2462 323 1
2462 2509 4
2462 759 2
2462 188 4
2462 4005 4
2462 762 2
2462 728 2
2462 866 4
2462 810 4
2463 1070 5
2463 829 5
2463 5796 5
2463 712 5
2463 5026 3
2463 8824 5
2463 59 5
2463 1909 5
2463 6564 5
2463 3104 5
2463 8693 5
2463 1475 3
2463 10339 5
2464 1880 2
2464 5517 5
2464 10796 4
2464 7790 1
2464 3092 5
2464 597 5
2464 6325 4
2464 3456 5
2464 9026 5
2464 1045 5
2464 11426 5
2464 5384 5
2464 10330 5
2464 8134 5
2464 3273 5
2464 3084 4
2464 5759 5
2464 871 5
2464 6356 4
2464 2147 5
2464 1332 4
2464 2689 5
2464 1775 3
2464 728 3
2464 8826 5
2465 323 5
2465 6297 5
2465 712 5
2465 104 5
2465 710 5
2465 739 5
2465 7983 5
2465 738 5
2465 309 5
2465 9960 4
2465 8181 5
2465 11179 5
2466 8903 3
2466 8462 5
2466 732 5
2466 829 5
2466 4165 5
2466 4112 4
2466 710 5
2466 4739 5
2466 1278 5
2466 735 5
2466 739 5
2466 313 5
2466 309 5
2466 2747 5
2466 1275 5
2466 4215 5
2466 3658 5
2466 3533 5
2466 1757 5
2467 3960 5
2467 9357 5
2467 229 5
2467 2037 2
2467 7559 5
2467 288 1
2467 1355 5
2467 217 5
2467 9056 4
2467 8839 1
2467 1278 5
2467 6100 3
2467 7801 4
2467 8446 2
2467 1260 1
2467 7329 5
2467 875 4
2467 4287 1
2467 4513 5
2467 1476 1
2467 7551 5
2467 309 1
2467 2655 4
2467 10286 4
2467 574 1
2467 10441 5
2467 6061 2
2467 4370 4
2467 8181 5
2467 311 2
2467 6275 4
2467 4150 5
2467 3465 5
2467 3233 5
2467 5409 5
2467 10254 5
2468 5023 5
2468 10884 4
2468 4900 5
2468 2980 5
2468 5249 5
2468 309 5
2469 1535 3
2469 738 4
2469 694 5
2469 792 4
2469 1658 5
2469 258 4
2469 1200 4
2469 762 3
2469 728 4
2469 177 5
2469 1774 3
2469 1690 5
2469 9930 4
2469 9686 4
2469 1727 4
2469 9497 4
2469 3252 4
2469 196 2
2469 149 5
2469 1328 5
2469 2333 4
2469 2932 4
2469 4632 3
2469 4935 4
2469 9210 2
2469 5983 3
2469 6664 4
2469 3861 4
2469 3352 4
2469 3908 4
2469 4685 4
2470 843 3
2470 766 1
2470 2174 5
2470 9583 5
2470 3059 5
2470 9911 5
2470 5350 4
2470 10114 4
2470 312 5
2470 4873 4
2470 1667 3
2470 11547 3
2470 1756 4
2470 5206 4
2470 732 3
2471 3959 5
2471 9472 5
2471 10163 5
2471 6885 2
2471 6106 5
2471 2831 5
2471 9285 4
2471 710 5
2471 309 5
2471 743 5
2471 5830 5
2471 234 5
2471 832 5
2471 211 1
2471 3123 5
2471 5644 1
2471 7664 5
2471 1274 5
2471 837 5
2471 3553 5
2471 1275 1
2471 9050 5
2471 154 5
2471 3000 5
2471 735 1
2471 4274 4
2471 8924 4
2471 10690 4
2471 8046 5
2471 7583 4
2471 4414 4
2471 448 4
2471 11548 4
2471 5273 4
2471 2244 2
2471 4966 5
2472 2391 3
2472 8864 4
2472 10420 5
2472 309 5
2473 278 3
2473 322 5
2473 772 5
2473 1274 5
2473 8272 4
2473 309 4
2473 10158 5
2473 4232 5
2473 2091 5
2474 1332 5
2474 3000 5
2474 4262 5
2474 3553 5
2475 3107 5
2475 6157 1
2475 2754 4
2475 3128 4
2475 3109 5
2476 713 1
2476 312 5
2476 288 1
2476 762 5
2476 8474 5
2476 8523 5
2476 196 4
2476 891 5
2476 61 5
2476 8629 5
2476 10339 3
2476 258 1
2476 1408 5
2476 1352 5
2476 3263 4
2476 3000 5
2476 5637 1
2476 8097 5
2476 1029 4
2476 143 5
2476 5598 4
2476 778 4
2476 3319 4
2476 807 5
2476 5663 5
2476 2244 5
2477 4985 5
2477 1756 5
2477 5004 4
2477 821 5
2477 10883 5
2477 4874 5
2477 7597 5
2477 4313 5
2477 4715 5
2477 4723 4
2477 5801 5
2477 5598 5
2477 943 5
2477 3881 5
2477 2730 5
2477 974 2
2477 7485 5
2477 5733 5
2477 2756 5
2477 2697 5
2477 4784 5
2477 3032 5
2477 10400 5
2478 3617 4
2478 1365 5
2478 5372 3
2478 3275 5
2479 1317 5
2479 7445 4
2479 1366 5
2479 10625 5
2479 4942 5
2479 4551 4
2479 1332 5
2479 4992 3
2479 832 5
2479 3263 5
2479 3553 5
2479 3000 5
2479 4467 5
2479 4010 5
2479 4496 5
2479 4255 5
2479 3834 4
2479 9736 5
2479 5439 4
2479 5461 5
2479 3567 5
2479 9176 5
2479 4801 5
2479 742 4
2479 9159 5
2479 2220 5
2480 3107 5
2480 3126 2
2480 3880 5
2480 5368 5
2481 6187 1
2481 1670 5
2481 7270 5
2481 4262 5
2481 7951 4
2481 3639 4
2481 7953 5
2482 2824 4
2482 6054 5
2482 6236 5
2482 4737 3
2482 2014 5
2482 6710 4
2482 6534 5
2482 5110 2
2482 6172 5
2482 6800 4
2483 826 5
2483 7107 4
2483 276 5
2483 578 5
2483 4836 5
2483 7618 2
2483 2900 5
2483 11523 4
2483 2654 1
2483 4023 5
2483 7843 5
2483 2718 5
2483 2340 2
2484 3365 4
2484 7003 5
2484 1937 5
2484 2358 2
2484 7002 5
2485 5384 4
2485 4543 3
2485 4521 5
2485 6700 4
2485 4117 4
2485 1316 5
2485 891 4
2485 6527 5
2485 6262 5
2485 4058 4
2485 5951 4
2485 4756 5
2485 7171 4
2485 7723 3
2485 927 3
2485 8291 4
2485 8732 4
2485 999 5
2485 1484 4
2485 8663 3
2485 141 4
2485 7327 5
2485 6111 3
2485 2259 4
2485 5683 5
2485 595 4
2485 5937 3
2485 3686 3
2485 3959 5
2486 2053 4
2486 3672 5
2486 2780 4
2486 770 5
2486 7811 4
2486 7945 3
2486 6689 5
2486 6279 4
2487 4030 5
2487 2531 5
2487 6501 5
2488 8981 3
2488 8143 5
2488 6463 3
2488 6710 4
2488 91 5
2488 1781 4
2488 7672 5
2488 590 4
2488 7700 3
2488 6340 1
2488 6853 4
2488 297 4
2488 8705 4
2488 2996 5
2488 11218 4
2488 7168 4
2488 3000 5
2488 8044 4
2488 6409 4
2488 6177 4
2488 7814 4
2488 7276 2
2488 2003 2
2488 8018 5
2488 3670 4
2488 7827 5
2488 4805 5
2488 4905 4
2488 2274 4
2488 4470 4
2488 3077 3
2489 6556 4
2489 7937 5
2489 6740 5
2489 7797 5
2489 7179 5
2489 6902 5
2489 8125 5
2489 6773 5
2489 2224 4
2489 2521 4
2489 7242 4
2489 1831 2
2489 9039 5
2489 4187 5
2489 7771 5
2489 3192 5
2489 2523 4
2489 2476 5
2489 2399 4
2489 6348 4
2489 2771 5
2489 1134 3
2489 2336 5
2489 2293 4
2489 2783 5
2489 721 4
2489 403 5
2489 3662 5
2489 2353 4
2489 4777 5
2489 2222 3
2489 2186 3
2489 2015 2
2489 6745 4
2489 2192 5
2489 2471 5
2489 6751 3
2489 1796 4
2489 1124 4
2489 5683 4
2489 2326 5
2489 2258 3
2489 3513 3
2489 2764 5
2489 7080 4
2489 534 4
2489 356 4
2489 2227 2
2489 6123 3
2489 3959 5
2489 2198 3
2489 2221 3
2489 1815 5
2489 9017 1
2489 7912 5
2489 439 5
2489 7085 5
2489 2142 5
2489 6750 5
2489 1538 4
2489 2309 5
2489 6341 4
2489 9711 4
2489 2824 5
2489 8158 5
2489 2331 4
2489 4737 5
2489 2126 4
2489 8539 5
2489 2048 5
2489 1669 5
2489 6329 5
2489 1674 5
2489 105 5
2489 7547 5
2489 5656 5
2489 3251 5
2489 8790 5
2489 5722 5
2489 357 4
2489 2302 5
2489 627 5
2489 7654 4
2489 7037 3
2489 2762 5
2489 597 5
2489 2299 5
2489 2295 4
2489 2654 5
2489 4821 5
2490 7950 5
2490 699 4
2490 312 5
2490 1343 5
2490 609 4
2490 309 3
2490 5908 4
2490 6176 3
2490 280 5
2490 2680 3
2490 7281 5
2490 3219 4
2490 1126 5
2491 6699 5
2491 6922 5
2491 8444 5
2491 9233 4
2491 6768 5
2491 1951 5
2491 9230 5
2491 3089 5
2491 3469 4
2491 9754 5
2492 4082 3
2492 5947 4
2492 1541 5
2492 6298 5
2492 7680 4
2492 4859 4
2492 8269 4
2492 160 5
2492 7517 5
2492 1645 4
2492 1649 4
2492 6716 4
2492 6055 3
2492 9984 5
2492 1638 4
2492 11549 4
2492 4823 4
2492 4940 3
2492 1642 4
2492 11550 5
2492 9550 5
2492 9720 3
2492 11323 4
2492 5416 4
2492 188 4
2492 1693 5
2492 10017 4
2492 5053 3
2492 9724 5
2492 3968 4
2492 3967 4
2492 9007 1
2492 5236 5
2492 8628 5
2492 4320 5
2492 6857 5
2492 10044 4
2492 6804 5
2492 5868 5
2492 3687 4
2492 5534 5
2492 6982 5
2492 1467 4
2492 8917 4
2492 5157 5
2492 5937 4
2492 11551 5
2492 2902 4
2493 9717 3
2493 1556 3
2493 1074 4
2493 1115 2
2493 1841 4
2493 1796 4
2493 2309 3
2493 496 2
2494 3659 4
2494 6714 3
2494 9090 3
2494 810 4
2494 243 4
2494 1921 3
2494 6334 4
2494 5921 5
2494 7777 4
2494 643 5
2495 7908 4
2495 4471 5
2495 7038 5
2495 6778 4
2495 2996 5
2495 3000 5
2495 3670 4
2495 4301 5
2495 7811 3
2495 4508 3
2495 8665 4
2495 6965 2
2495 4357 5
2495 1653 4
2495 2655 5
2495 1236 1
2495 3232 2
2495 2837 4
2495 10353 4
2496 7811 5
2496 163 5
2496 2547 5
2496 6727 5
2496 4 5
2497 1832 3
2497 8125 5
2497 6561 1
2497 8860 5
2497 1261 4
2497 2440 5
2497 6757 4
2497 1642 5
2497 3635 4
2497 6896 4
2497 3249 5
2497 7894 5
2497 8165 1
2497 4257 1
2497 6936 5
2497 5815 5
2497 8024 5
2497 298 5
2497 3807 3
2497 2420 3
2497 9348 3
2497 9064 5
2497 4026 4
2497 9864 5
2498 3997 4
2498 2177 3
2498 7041 2
2498 7704 4
2498 6328 4
2498 3652 3
2498 4088 5
2499 7408 4
2499 2592 5
2499 2005 3
2499 5134 5
2499 6086 2
2499 7275 5
2500 2100 5
2500 896 5
2500 6432 4
2500 2858 4
2500 5574 5
2500 8135 5
2500 3954 3
2500 7042 4
2500 5711 4
2500 5902 5
2500 3215 5
2500 6695 4
2500 6756 5
2500 2092 4
2500 7308 3
2500 4720 5
2500 3437 5
2500 8564 4
2500 8694 5
2501 9139 5
2501 4580 5
2501 7000 5
2502 186 5
2502 6678 5
2502 6668 5
2502 627 5
2502 7975 4
2502 11364 4
2502 6710 4
2502 2453 5
2502 6922 5
2502 2572 5
2502 373 4
2502 4632 2
2502 2580 2
2502 366 4
2503 1864 4
2503 3692 5
2503 515 3
2503 632 4
2503 1709 4
2503 8177 5
2503 624 5
2503 1853 5
2503 6578 4
2503 5974 4
2504 2086 4
2504 8675 3
2504 11133 1
2504 6355 4
2504 1578 5
2504 7197 5
2504 8121 4
2504 8304 5
2505 2370 4
2505 2303 5
2505 7143 4
2505 6671 5
2505 2080 5
2505 8079 5
2505 2379 4
2505 422 5
2505 1141 4
2505 405 4
2505 1831 5
2505 408 4
2505 2356 3
2505 7968 4
2505 2332 5
2505 8270 4
2505 2346 5
2505 8411 5
2505 7351 4
2505 11131 4
2505 1594 5
2505 7747 4
2505 4524 5
2506 6332 4
2506 7343 5
2506 1165 5
2506 601 5
2506 1108 5
2506 1226 4
2506 814 5
2506 6439 5
2506 2592 5
2506 2040 5
2506 6120 5
2506 1278 5
2506 7344 5
2506 1610 5
2506 5972 5
2506 7336 4
2506 309 5
2506 6189 5
2506 2100 5
2506 3343 4
2506 1337 5
2506 3303 5
2506 7379 5
2506 9239 5
2506 3304 4
2506 7745 5
2507 3661 5
2507 4410 4
2507 7774 5
2507 7285 4
2507 9041 4
2507 2316 3
2507 3298 2
2507 739 5
2507 11088 5
2507 2479 4
2507 3733 4
2507 2124 4
2507 7284 3
2507 1826 5
2507 3435 4
2507 5413 4
2507 8012 5
2507 10147 5
2507 576 4
2507 1153 5
2507 10098 4
2507 1418 4
2507 6361 5
2507 4392 5
2507 160 5
2507 9301 3
2507 1922 3
2507 9595 3
2507 5009 4
2507 8109 4
2507 2031 2
2507 7734 2
2507 7927 4
2508 8939 5
2508 5386 5
2508 766 4
2509 1361 5
2509 6022 5
2509 369 5
2510 7123 5
2510 6070 3
2510 2360 5
2510 3670 5
2510 9863 5
2510 7929 5
2510 1554 3
2510 8043 2
2510 6261 4
2510 1595 5
2510 6088 5
2510 8070 4
2510 2075 4
2510 8163 4
2510 7731 4
2510 7784 5
2510 4769 4
2510 5639 5
2510 1587 4
2510 7714 3
2510 8828 5
2510 11232 3
2510 1594 4
2510 6312 1
2510 8205 4
2510 3639 5
2511 2097 5
2511 1552 3
2511 6733 4
2511 6825 5
2511 2141 5
2512 7156 5
2512 2209 4
2512 562 5
2513 2198 5
2513 6439 4
2513 5875 5
2513 617 2
2513 339 4
2513 11552 5
2513 974 1
2513 1125 4
2513 211 4
2513 1130 5
2513 342 5
2513 8270 3
2514 1318 5
2514 1418 5
2514 1598 5
2514 1314 5
2514 1682 5
2514 1539 5
2514 7406 5
2514 3123 5
2514 1600 5
2515 7293 4
2515 11134 4
2515 6955 4
2515 4571 3
2515 4366 3
2515 4696 4
2515 323 3
2515 1993 2
2515 762 5
2515 2655 5
2515 104 3
2515 75 4
2515 775 3
2516 170 5
2516 37 4
2516 2783 5
2516 6397 4
2516 7172 4
2516 7142 5
2516 6987 4
2516 1553 5
2516 6975 5
2516 3494 5
2516 202 3
2516 236 5
2516 3586 5
2516 6914 5
2516 6889 5
2516 17 5
2516 8460 5
2516 6683 5
2516 6112 5
2516 312 5
2516 792 5
2516 276 5
2516 762 5
2516 28 5
2516 313 5
2516 104 5
2516 288 5
2516 2061 5
2516 196 5
2516 3009 5
2516 1611 4
2516 1929 5
2516 53 5
2516 4274 5
2516 10851 5
2516 11128 4
2516 7725 4
2516 1632 5
2516 2829 5
2516 1835 5
2516 7899 4
2516 739 5
2516 4496 5
2516 5815 5
2516 772 5
2516 1918 5
2516 7076 5
2516 6114 3
2516 6424 1
2516 6447 4
2516 7840 3
2516 2824 4
2516 6325 4
2516 2030 4
2516 7985 5
2516 2795 5
2516 277 3
2516 865 5
2516 5209 5
2516 2959 3
2516 6076 5
2516 6251 5
2516 178 5
2516 2302 5
2516 229 5
2516 743 4
2516 6248 4
2516 6100 5
2516 4083 4
2516 3709 4
2516 2491 5
2516 8483 5
2516 8144 5
2516 3196 5
2516 6252 5
2516 119 5
2516 11133 5
2516 9150 5
2516 8001 4
2516 858 5
2516 3217 4
2516 8710 5
2516 85 5
2516 6725 5
2516 6731 5
2516 175 5
2516 6769 2
2516 4468 5
2516 7895 2
2516 859 4
2516 128 5
2516 323 5
2516 7599 5
2516 6453 5
2516 5432 5
2516 158 4
2516 2121 5
2516 7195 5
2516 117 3
2516 7646 3
2516 1726 3
2516 832 5
2516 1569 4
2516 4279 5
2516 6381 5
2516 6446 5
2516 4957 5
2516 9591 5
2516 2345 2
2516 8025 3
2516 7353 5
2516 39 5
2516 11211 5
2516 8070 4
2516 7049 5
2516 3658 5
2516 103 5
2516 7469 4
2516 2736 5
2516 6434 5
2516 6059 5
2516 35 5
2516 29 5
2516 2370 4
2516 7568 5
2516 230 5
2516 2768 5
2516 8887 5
2516 6786 3
2516 8637 4
2516 4359 5
2516 7466 5
2516 249 4
2516 4718 3
2516 1770 5
2516 231 5
2516 6088 5
2516 6254 5
2516 7728 4
2516 90 4
2516 1739 5
2516 79 5
2516 1641 5
2516 7757 5
2516 4702 5
2516 1664 5
2516 6494 5
2516 7474 5
2516 8670 5
2516 50 5
2516 1649 4
2516 1828 5
2516 4880 5
2516 855 5
2516 8538 4
2516 3463 5
2516 7686 5
2516 48 5
2516 5638 1
2516 7637 5
2516 9409 5
2516 139 5
2516 1894 5
2516 3266 4
2516 74 5
2516 7033 5
2516 2142 4
2516 172 5
2516 97 5
2516 626 5
2516 8992 5
2516 3199 5
2516 1678 5
2516 5817 5
2516 210 4
2516 4338 5
2516 8123 2
2516 6798 5
2516 1586 5
2516 8961 5
2516 8034 5
2516 24 5
2516 327 5
2516 2195 5
2516 8511 5
2516 7913 4
2517 3692 4
2517 7190 4
2517 6944 4
2517 6432 4
2518 1283 3
2518 6965 5
2518 4156 5
2518 8121 5
2518 3493 5
2518 3342 5
2518 6029 5
2518 3643 4
2519 95 4
2519 2843 5
2519 9899 5
2519 10078 4
2519 6506 5
2519 590 5
2519 9244 4
2519 8802 2
2520 7308 2
2520 5997 5
2520 2124 4
2520 11204 5
2520 4303 3
2520 11223 2
2520 6355 5
2520 458 5
2520 5918 5
2520 8269 5
2521 2106 1
2521 8912 5
2521 7262 4
2522 2476 5
2522 6965 5
2522 1584 1
2522 436 4
2522 1215 5
2522 4726 5
2522 2430 5
2522 1407 4
2522 2670 5
2522 1157 4
2522 8341 5
2522 446 5
2522 2858 5
2522 3368 5
2522 2123 4
2522 2872 5
2523 5729 4
2523 4946 5
2523 8287 4
2523 7617 4
2523 3240 5
2523 3202 4
2523 8533 5
2523 7852 4
2523 1211 3
2524 8147 5
2524 2489 5
2524 7724 4
2524 1606 4
2524 9647 5
2524 5148 5
2524 1745 5
2524 11553 5
2524 4660 5
2524 999 5
2524 6162 5
2524 1915 5
2524 4799 4
2524 7783 4
2524 9598 5
2525 3652 3
2525 462 4
2525 1173 4
2525 446 2
2525 2339 3
2525 1805 4
2525 8177 4
2525 1254 1
2525 1873 4
2525 6027 2
2526 6713 5
2526 7927 4
2526 3183 5
2526 9875 1
2526 1195 4
2527 2858 5
2527 1859 5
2527 1907 4
2527 852 4
2527 8689 5
2527 8200 5
2528 7530 3
2528 1726 1
2528 6300 5
2528 6351 5
2529 1929 4
2529 1906 5
2529 1918 4
2529 2829 4
2529 3009 4
2529 1912 5
2529 4047 1
2529 7320 3
2529 4085 5
2529 4297 5
2529 9053 1
2529 7736 3
2529 999 3
2529 4934 5
2529 625 4
2530 5972 5
2530 8175 4
2530 977 1
2530 1645 4
2531 7931 4
2531 8533 4
2531 6067 5
2531 9577 4
2531 7361 5
2531 2259 4
2531 6026 5
2531 1241 5
2531 2537 4
2531 488 5
2531 3353 4
2531 1864 4
2531 3064 5
2531 3357 5
2531 717 5
2531 5017 5
2531 2831 4
2532 7640 5
2532 6495 5
2532 6162 5
2533 6136 4
2533 1140 5
2533 3353 5
2533 13 5
2533 4195 3
2533 8968 2
2534 3333 5
2534 8398 4
2534 7868 5
2535 8457 5
2535 3409 5
2535 3171 5
2535 2592 5
2535 7966 5
2535 4215 5
2535 7400 5
2535 3333 5
2535 4574 5
2535 5881 5
2535 4117 5
2535 5969 5
2535 3301 5
2536 6953 5
2536 2592 5
2536 3479 5
2536 11554 5
2536 11159 5
2536 4842 5
2536 3207 5
2536 8459 5
2536 11236 5
2537 6713 5
2537 2858 4
2537 6432 5
2538 2356 5
2538 1168 4
2538 673 5
2538 6793 4
2538 8393 4
2538 1814 4
2538 3225 4
2538 9157 4
2538 472 4
2538 470 1
2538 1536 5
2538 9926 5
2538 1847 5
2538 5669 3
2538 4836 4
2538 3688 5
2538 759 5
2538 309 3
2538 8905 4
2538 1275 1
2538 695 1
2538 2578 5
2538 609 4
2538 6936 3
2538 7023 5
2538 8611 5
2538 2720 5
2538 231 5
2538 4258 5
2538 2567 4
2538 3302 5
2538 239 5
2538 1215 5
2538 6707 5
2538 6820 4
2538 1177 1
2538 9062 4
2538 2497 5
2538 1879 5
2538 856 4
2539 7210 5
2539 4782 5
2539 3333 4
2539 5006 5
2539 1362 5
2539 4825 5
2539 11555 5
2539 3252 5
2539 862 5
2539 1741 5
2539 8935 4
2539 3943 5
2539 407 4
2539 3479 3
2539 4818 4
2539 1826 5
2539 3606 5
2539 6207 5
2539 8933 5
2540 7717 4
2540 5996 5
2540 8577 4
2540 1165 4
2540 5613 2
2540 7575 3
2540 1922 4
2540 7411 3
2540 7576 4
2540 2150 4
2540 4513 4
2540 2059 4
2540 2822 4
2540 9028 4
2540 1274 3
2540 4187 5
2540 1211 3
2540 8796 4
2540 3152 4
2540 4324 3
2540 6295 3
2540 7729 4
2540 8042 3
2540 5678 5
2540 5976 4
2540 1226 5
2540 1634 4
2540 3437 5
2540 303 5
2540 7194 4
2541 3359 4
2541 1771 5
2541 10580 5
2541 1673 4
2541 49 5
2541 7370 5
2541 6871 4
2541 9381 4
2541 3189 4
2541 309 4
2541 3568 4
2541 5224 4
2541 5678 5
2541 4606 4
2541 7392 5
2541 5206 5
2541 4598 4
2541 7349 5
2541 5208 5
2541 4904 4
2541 5707 5
2541 2988 4
2541 11556 4
2542 1300 2
2542 7387 2
2542 6019 5
2542 5689 5
2542 9200 5
2542 11557 4
2542 6267 4
2543 1361 4
2543 3687 4
2543 7716 5
2544 1673 5
2544 4069 5
2544 869 4
2544 5502 5
2544 6949 4
2544 5721 5
2544 7710 4
2544 2372 3
2544 896 5
2544 4016 5
2544 6431 3
2544 6347 4
2544 3731 5
2544 5263 4
2544 4336 4
2544 668 5
2544 2144 4
2544 1034 5
2544 6399 4
2544 4511 5
2544 10363 4
2544 3550 5
2544 5927 4
2544 1708 2
2544 3636 5
2544 7676 5
2544 6736 2
2545 7201 5
2545 2821 4
2545 1594 5
2545 1165 3
2545 7839 4
2545 309 3
2545 7661 4
2545 2592 5
2545 6463 5
2545 8218 4
2545 2831 5
2545 3232 4
2545 4025 5
2545 1054 4
2545 2453 5
2545 1462 5
2546 766 3
2546 661 4
2546 5759 5
2546 2611 5
2546 3417 5
2546 3556 5
2546 5209 5
2546 1387 5
2546 4381 4
2546 4950 5
2546 8868 5
2546 6874 5
2547 3550 3
2547 3091 5
2547 5808 5
2547 3335 3
2547 1871 3
2547 8477 4
2547 1697 4
2547 4711 5
2547 1328 5
2547 1211 4
2547 977 3
2547 9104 4
2547 678 3
2547 951 3
2547 9313 5
2547 661 5
2547 8469 4
2547 3152 5
2547 5678 4
2547 1629 5
2547 1475 4
2547 3712 4
2548 1691 4
2548 728 3
2548 2793 5
2548 7996 4
2548 1682 3
2548 3230 5
2548 2032 5
2549 1406 3
2549 255 4
2549 8667 1
2549 4168 5
2550 1963 3
2550 8654 2
2550 309 5
2550 11134 5
2550 2352 5
2551 1636 2
2551 4425 4
2551 3425 5
2551 2598 5
2551 3428 3
2551 1066 5
2551 6113 5
2551 1626 4
2552 7899 2
2552 8023 4
2552 8066 4
2553 323 4
2553 4041 4
2553 288 4
2553 104 5
2553 258 5
2553 609 5
2553 276 5
2553 832 4
2553 313 4
2553 792 5
2553 1650 3
2553 9462 5
2553 28 5
2553 312 5
2554 5882 4
2554 1773 3
2554 3897 3
2554 728 5
2554 2950 5
2554 10003 4
2555 323 5
2555 728 5
2555 276 5
2555 312 5
2555 288 5
2555 3465 2
2555 4223 4
2555 8564 5
2556 4528 5
2556 6352 4
2556 8357 1
2556 196 4
2556 4932 1
2556 7295 5
2557 4127 4
2557 4795 4
2557 8408 4
2557 3721 5
2557 11478 4
2557 3456 3
2557 4486 5
2557 11227 3
2557 3654 4
2557 309 3
2557 11129 4
2557 4324 3
2557 7407 4
2557 3216 4
2557 3230 4
2557 4012 3
2557 8184 4
2557 3345 5
2557 9784 4
2558 258 5
2558 7915 3
2558 6733 5
2558 5948 3
2558 6305 5
2558 792 5
2558 7931 5
2558 4466 5
2558 7376 5
2558 5882 5
2558 706 5
2558 643 5
2558 8099 4
2558 2797 5
2558 6101 1
2558 4129 5
2558 5944 5
2558 7789 4
2558 4245 5
2558 4970 3
2558 323 5
2558 313 5
2558 312 5
2558 4422 5
2558 4082 5
2558 4146 5
2558 975 5
2558 309 5
2558 28 5
2558 7945 5
2558 8382 5
2558 1414 5
2558 4306 5
2558 196 5
2558 832 5
2558 1274 5
2558 610 5
2558 1673 5
2558 609 4
2558 1343 4
2558 5942 1
2558 8896 5
2558 4148 4
2558 790 4
2558 7880 4
2558 5538 5
2558 9578 5
2558 11101 5
2558 810 4
2558 7555 5
2558 2030 4
2558 3331 5
2558 590 5
2558 6367 4
2558 8143 5
2558 5645 2
2558 3232 4
2558 4025 4
2559 104 5
2559 313 5
2559 1316 5
2559 5159 5
2559 1853 5
2559 772 5
2559 9061 5
2559 2646 5
2559 5664 5
2559 3269 5
2559 5737 3
2559 10946 4
2559 3312 4
2559 774 5
2559 153 4
2560 1877 5
2560 7409 5
2560 6354 5
2560 1023 5
2560 2928 5
2560 653 5
2561 9725 5
2561 3897 3
2561 1019 5
2561 8542 5
2561 1535 3
2561 695 3
2561 312 5
2561 8917 5
2561 3263 4
2561 661 3
2561 309 4
2561 5075 4
2561 1775 3
2561 4571 5
2561 1998 1
2561 1275 3
2561 211 3
2561 1332 5
2561 728 1
2561 10612 5
2561 7192 4
2561 10190 5
2561 10337 4
2561 2435 3
2561 3530 5
2561 4552 5
2561 4203 4
2562 1770 5
2562 1969 5
2562 4768 5
2562 4087 5
2562 997 3
2562 4936 5
2562 6839 5
2562 7623 1
2563 9094 1
2563 3163 5
2563 1607 1
2563 4959 1
2563 3539 1
2563 589 5
2563 3181 5
2563 2592 2
2563 1226 2
2563 8991 1
2563 2796 5
2563 4088 5
2563 6070 3
2563 6351 2
2563 2131 5
2563 2958 5
2563 991 5
2563 9224 5
2563 9855 4
2564 8651 4
2564 8485 4
2564 8168 5
2564 3261 5
2564 11558 5
2565 3425 3
2565 6373 4
2565 6839 5
2565 2983 5
2565 2604 4
2566 772 1
2566 3556 5
2566 832 5
2566 7149 5
2566 269 5
2566 312 1
2566 121 5
2566 7953 5
2566 728 3
2566 4725 5
2566 2495 4
2566 2494 4
2566 9358 5
2566 9530 5
2566 10529 5
2566 9618 4
2566 1460 5
2566 7889 5
2566 842 5
2566 1716 5
2566 9211 5
2566 8948 5
2566 2478 5
2567 6277 5
2567 4016 5
2567 5970 5
2568 1673 5
2568 8947 1
2568 728 5
2568 5732 3
2568 11559 5
2568 8679 5
2568 1245 5
2568 4366 5
2568 1638 5
2568 7747 4
2568 9540 4
2568 211 5
2568 5154 5
2568 8527 5
2568 4063 1
2568 26 4
2568 828 5
2568 6445 3
2568 8801 4
2568 2918 1
2568 2623 4
2569 1648 4
2569 7043 5
2569 4677 2
2569 2716 5
2569 280 5
2569 48 4
2569 7450 5
2569 4235 4
2569 7106 4
2569 5942 5
2569 1347 5
2569 589 5
2569 7623 5
2569 3341 4
2569 1853 5
2569 5287 3
2569 1084 5
2569 6038 5
2569 4302 4
2569 535 4
2570 5852 5
2570 1673 5
2570 3203 5
2570 766 5
2570 322 5
2570 732 5
2570 120 5
2570 6713 5
2571 313 5
2571 312 5
2571 829 5
2571 735 5
2571 759 5
2571 5843 5
2571 4281 5
2571 10542 5
2571 1278 5
2571 1048 5
2571 3000 5
2571 1275 4
2571 323 5
2571 673 4
2571 3465 2
2571 5542 5
2572 7889 5
2572 5428 5
2572 6916 5
2573 6196 5
2573 7898 4
2573 5252 3
2573 1718 4
2574 4147 1
2574 2604 4
2574 9167 4
2574 2858 5
2575 258 4
2575 832 4
2575 7708 5
2575 3781 5
2575 8150 3
2575 738 4
2575 4632 4
2575 8583 5
2575 570 4
2575 474 5
2576 4988 5
2576 1223 4
2576 4729 5
2576 8941 5
2576 1710 5
2576 3487 5
2576 6113 4
2576 9529 5
2576 3552 4
2576 1301 5
2577 4338 1
2577 609 4
2577 4368 2
2577 309 5
2577 6365 5
2577 2000 5
2577 4336 4
2577 5789 4
2577 4025 3
2577 7271 5
2577 11218 3
2577 9320 1
2577 10305 5
2577 4327 3
2577 8532 5
2578 695 3
2578 5488 4
2578 2947 4
2578 4869 5
2578 8290 4
2579 2569 3
2579 2560 4
2579 1190 2
2579 3400 3
2579 1869 5
2579 7412 4
2579 9836 4
2579 1877 5
2579 258 5
2579 7315 4
2579 1908 3
2579 9477 3
2579 11130 4
2579 1965 5
2579 6123 2
2579 832 5
2579 2759 5
2579 4906 4
2579 732 5
2579 609 5
2579 5615 5
2579 7307 4
2579 2712 5
2579 7706 5
2579 6789 3
2579 312 5
2579 6795 5
2579 2824 5
2579 2052 4
2579 6897 3
2579 3532 4
2579 6375 5
2580 9180 5
2580 922 5
2580 3348 5
2580 8847 4
2580 3512 5
2580 8868 5
2581 11560 5
2581 3348 5
2581 3333 4
2581 8608 4
2582 8252 5
2582 699 5
2582 104 5
2582 323 5
2582 4730 2
2582 312 5
2582 258 5
2582 305 4
2582 309 4
2582 609 3
2582 11108 5
2582 1455 4
2582 2720 3
2583 9286 5
2583 3165 5
2583 158 5
2583 1864 1
2583 4117 5
2583 8386 2
2583 6424 2
2583 3392 5
2583 3924 1
2583 5792 5
2583 973 5
2584 313 3
2584 11515 5
2584 11118 5
2584 839 5
2584 860 5
2584 862 5
2584 5332 4
2584 6946 5
2584 5761 5
2584 7849 5
2585 7781 4
2585 4699 3
2585 4039 4
2586 6492 4
2586 6953 5
2586 8633 4
2586 1976 3
2586 3176 5
2586 2592 4
2586 4793 5
2586 1981 5
2586 3896 2
2586 1395 3
2586 8097 5
2586 11300 5
2586 5721 4
2586 2903 4
2586 7443 5
2586 323 4
2586 7469 5
2586 1418 4
2586 3712 5
2586 312 1
2586 309 3
2586 1743 5
2586 9956 5
2586 8550 4
2586 10007 5
2586 5452 5
2586 1332 5
2587 2651 5
2587 4616 4
2587 11543 5
2587 9226 5
2588 1226 4
2588 10703 5
2588 2130 1
2588 11267 4
2588 651 5
2588 4947 5
2588 9563 5
2588 11228 4
2588 9190 2
2588 3159 5
2588 2280 5
2588 3528 5
2588 7128 5
2588 9596 5
2588 6191 5
2588 327 4
2588 3979 5
2589 999 5
2589 7142 5
2589 9649 5
2589 7461 4
2589 153 5
2589 1806 5
2589 2499 5
2589 83 4
2589 1741 5
2590 9052 5
2590 3698 3
2590 54 5
2590 7016 4
2590 5943 4
2590 323 3
2590 4176 5
2590 309 3
2590 2853 4
2590 9119 3
2590 193 5
2590 762 1
2590 9269 4
2590 312 3
2590 769 4
2590 9272 4
2590 4441 4
2590 3220 4
2590 609 3
2590 5560 4
2590 64 5
2590 10946 4
2590 1919 5
2590 4447 3
2590 11381 5
2590 7596 4
2590 4053 5
2590 3967 5
2590 5815 5
2590 4140 4
2590 300 5
2590 5997 5
2590 6438 4
2590 4695 4
2590 4157 3
2590 1932 5
2590 685 4
2590 136 5
2590 305 2
2590 5179 5
2590 5107 5
2590 11519 4
2590 313 1
2590 6516 5
2590 3358 4
2590 311 5
2590 253 5
2590 3017 5
2590 7106 5
2590 5249 5
2590 3066 4
2590 5954 4
2590 199 4
2590 5023 4
2590 9994 5
2590 10596 5
2590 4427 5
2590 4919 5
2590 8244 4
2591 4358 5
2591 4495 5
2591 4 4
2591 4527 4
2591 9713 5
2591 1736 5
2591 4943 4
2591 5005 5
2591 5706 3
2591 4112 4
2591 4514 2
2591 7712 4
2591 4494 4
2591 3487 4
2591 4729 5
2591 6837 5
2592 6789 4
2592 9594 5
2592 8885 3
2592 3328 5
2593 2597 5
2593 288 2
2593 276 1
2593 2939 4
2593 309 5
2593 313 5
2593 832 2
2593 1241 5
2593 649 5
2593 1730 4
2593 991 5
2593 9888 5
2593 9535 5
2593 8230 5
2593 4792 5
2593 2280 5
2593 3265 5
2593 4249 1
2594 312 3
2594 323 4
2594 699 4
2594 609 4
2594 309 4
2595 647 5
2595 590 5
2595 104 5
2595 147 5
2595 9059 5
2595 10291 4
2595 8381 4
2595 6908 5
2595 4733 5
2595 5162 4
2595 6230 3
2595 8909 4
2595 7266 5
2595 6308 4
2595 3079 5
2595 10849 5
2595 3509 4
2595 2933 4
2595 7938 5
2595 1305 5
2596 728 5
2596 764 3
2596 759 5
2596 7890 5
2596 1278 5
2596 9148 5
2597 843 4
2597 772 4
2597 762 4
2597 3403 4
2597 732 5
2597 3434 1
2597 3654 5
2597 309 5
2597 699 4
2597 4243 3
2598 9477 5
2598 900 4
2598 4836 5
2598 9681 3
2598 3696 4
2598 11226 4
2599 8792 5
2599 11075 5
2599 1939 5
2599 5808 4
2599 6789 5
2599 3263 5
2599 6355 5
2599 3403 5
2599 5116 5
2599 106 4
2599 4520 4
2599 7535 5
2599 3089 5
2600 6907 4
2600 2349 5
2600 1707 4
2600 7476 5
2600 4431 1
2600 3049 5
2600 3895 5
2600 4541 5
2600 5592 5
2600 8941 4
2600 1332 4
2600 7008 5
2600 4491 5
2601 7515 5
2601 10521 5
2601 7990 5
2602 4574 5
2602 7616 5
2602 2537 4
2602 824 5
2602 7524 5
2602 1939 5
2602 3263 5
2602 1275 3
2602 204 5
2602 1767 5
2602 827 5
2602 7470 5
2602 9339 5
2602 4528 5
2602 3000 5
2602 609 5
2602 3721 5
2602 104 1
2602 309 5
2602 7439 5
2602 4307 5
2602 7540 5
2603 3427 5
2603 10072 5
2603 8295 5
2603 4463 5
2603 10381 3
2603 4474 5
2604 5737 5
2604 2780 5
2604 3610 3
2604 7056 5
2604 11482 3
2604 844 3
2604 1659 5
2604 4543 4
2604 5832 5
2604 1635 5
2604 234 4
2604 3252 5
2604 7952 4
2604 254 5
2604 7474 4
2604 7767 2
2605 2972 2
2605 4204 5
2605 9462 5
2605 3554 5
2605 3548 4
2606 11288 4
2606 3534 3
2606 9312 5
2606 10014 4
2606 2236 2
2606 8238 5
2606 3348 5
2606 4634 4
2606 1406 4
2606 8368 5
2606 6255 4
2606 1757 5
2606 2683 5
2606 10462 5
2607 3226 5
2607 2089 3
2607 6491 5
2607 2816 5
2607 3333 3
2608 3979 5
2608 3334 5
2608 2824 5
2608 3417 5
2608 5028 5
2608 9185 5
2608 10844 5
2608 8891 5
2608 5697 5
2608 3654 4
2608 3688 5
2608 4820 5
2608 8099 5
2608 5832 5
2608 8376 4
2608 10254 5
2608 5518 5
2608 3474 5
2609 2591 5
2609 152 5
2609 11260 5
2609 2551 5
2609 3348 5
2610 4765 4
2610 10960 5
2610 4983 4
2610 4235 5
2610 4702 4
2610 4257 4
2610 3982 3
2611 7454 4
2611 5819 3
2611 6521 4
2611 6052 4
2611 6708 4
2611 4924 4
2611 5785 4
2611 116 3
2611 6708 5
2611 6237 4
2611 6750 5
2611 5789 4
2611 7080 4
2611 9199 4
2611 8106 2
2611 6225 4
2611 6238 3
2611 9289 3
2611 0 4
2611 4821 5
2611 6232 2
2611 7692 4
2611 7084 4
2611 136 5
2611 7763 4
2611 6727 4
2611 6236 4
2611 7705 4
2611 3324 5
2611 6743 4
2611 6723 4
2611 7617 4
2611 2 5
2611 6124 4
2611 6234 4
2611 6228 4
2611 13 4
2611 2130 4
2611 5895 4
2611 2818 5
2611 9408 4
2611 9929 4
2611 6252 5
2611 6421 5
2611 6231 4
2611 616 2
2611 3177 5
2611 4480 4
2611 1784 5
2611 6090 2
2611 5488 5
2611 7070 5
2611 5215 4
2611 2761 5
2611 5917 4
2611 7081 2
2611 7770 3
2611 8105 4
2611 8167 5
2611 286 5
2611 9836 4
2611 5713 4
2611 2494 5
2611 4376 4
2611 6172 5
2611 4151 5
2611 6325 3
2611 7691 4
2611 1555 5
2611 5416 4
2611 5159 5
2611 2177 4
2611 2225 3
2611 6042 4
2611 8467 4
2611 6 5
2611 2060 4
2611 5202 4
2611 1538 4
2611 6341 4
2611 866 3
2611 6659 5
2611 1556 4
2611 1922 3
2611 6751 3
2611 2015 3
2611 6464 5
2611 8102 4
2611 6769 3
2611 3246 4
2611 2222 3
2611 6540 4
2611 2272 3
2611 614 3
2611 5830 3
2611 8654 4
2611 4775 4
2611 6465 5
2611 231 5
2611 5875 4
2611 2554 5
2611 2947 4
2611 2299 4
2611 2227 4
2611 2293 4
2611 2202 5
2611 2317 4
2611 6085 5
2611 8618 3
2611 8259 4
2611 2207 4
2611 6462 4
2611 7150 4
2611 7910 5
2611 8613 4
2611 8534 3
2611 2374 3
2611 4329 5
2611 1764 4
2611 2330 4
2611 6783 4
2611 4466 4
2611 7069 3
2611 2356 4
2611 8696 4
2611 2080 4
2611 257 4
2611 8166 3
2611 1831 1
2611 379 5
2611 3395 4
2611 7776 4
2611 6733 5
2611 2286 5
2611 3224 4
2611 11067 3
2611 8094 5
2611 4960 3
2611 7024 4
2611 2446 5
2611 1777 4
2611 7981 4
2611 2088 4
2611 552 3
2611 357 4
2611 6017 4
2611 3399 2
2611 1167 4
2611 2129 4
2611 2127 2
2611 7462 4
2611 7415 3
2611 6088 4
2611 2568 4
2611 2575 3
2611 8034 4
2611 1867 5
2611 75 4
2611 499 3
2611 120 3
2611 2331 3
2611 1172 4
2611 397 4
2611 1178 4
2611 6945 5
2611 2247 4
2611 4514 4
2611 7687 3
2611 1768 5
2611 142 5
2611 1197 5
2611 2407 4
2611 5011 5
2611 502 2
2611 2134 4
2611 489 3
2611 3575 4
2611 1437 4
2611 6026 4
2611 8082 3
2611 8013 3
2611 6332 3
2611 1248 4
2611 518 3
2611 496 5
2611 4264 4
2611 6018 4
2611 9005 4
2611 2471 5
2611 486 3
2611 447 2
2611 11140 3
2611 2474 3
2611 2350 4
2611 1254 3
2611 5669 2
2611 6073 4
2611 3631 4
2611 1631 5
2611 7724 4
2611 6271 4
2611 2569 4
2611 7599 1
2611 3217 4
2611 3686 4
2611 10278 4
2611 6139 4
2611 9550 5
2611 3036 3
2611 892 5
2611 510 5
2611 2152 3
2611 7317 3
2611 6247 4
2611 6567 5
2611 6724 5
2611 522 4
2611 5928 3
2611 6514 4
2611 4320 4
2611 7750 5
2611 7192 5
2611 632 3
2611 11225 3
2611 3728 4
2611 4947 4
2611 9062 4
2611 5942 4
2611 4392 4
2611 6804 5
2611 5000 5
2611 7194 5
2611 6898 4
2611 6135 5
2611 919 4
2611 1467 3
2611 7588 3
2611 1917 4
2611 4820 5
2611 6442 4
2611 7310 3
2611 4064 2
2611 11550 5
2611 8072 5
2611 110 4
2611 10581 5
2611 4805 4
2611 1926 4
2611 233 5
2611 4193 4
2611 6099 5
2611 2897 3
2611 7647 5
2611 6062 4
2611 8714 4
2611 9425 4
2611 9567 4
2611 1908 5
2611 6985 5
2611 2848 5
2611 11135 5
2611 122 5
2611 9341 4
2611 236 4
2611 9464 5
2611 2091 4
2611 115 5
2611 6880 5
2611 10371 5
2611 6264 5
2611 86 4
2611 9961 5
2611 11561 5
2611 3207 5
2611 3687 4
2611 4168 4
2611 8680 5
2611 197 5
2611 9266 4
2611 5248 4
2611 10044 5
2611 3289 5
2611 1901 4
2611 2925 5
2611 7017 4
2611 2062 5
2611 2001 4
2611 4112 5
2611 4235 4
2611 2680 5
2611 6575 5
2611 4836 5
2611 3469 4
2611 9250 5
2611 6791 5
2611 3666 4
2611 3959 5
2611 3936 5
2611 5015 5
2611 4839 4
2611 9663 4
2611 4274 3
2611 8596 5
2611 5026 5
2611 7434 3
2611 284 4
2611 164 5
2611 7555 5
2611 6910 5
2611 717 5
2611 7799 4
2611 3226 4
2611 4511 5
2611 2195 4
2611 5937 5
2611 5842 3
2611 4900 5
2611 4840 4
2611 5249 5
2611 1832 5
2611 4520 5
2611 8633 4
2611 2357 4
2611 9918 5
2611 6936 4
2611 4611 4
2611 2376 5
2611 6747 5
2611 802 5
2611 2667 4
2611 6457 5
2611 5481 5
2611 183 4
2611 5074 5
2611 821 3
2611 7406 5
2611 11323 5
2611 8152 5
2611 4904 4
2611 4117 5
2611 10884 5
2611 306 5
2611 7241 5
2611 5350 5
2611 914 3
2611 9691 5
2611 7956 5
2611 8717 5
2611 1709 5
2611 2683 5
2611 7754 5
2611 719 5
2611 4290 5
2611 9169 3
2611 6892 5
2611 4417 5
2611 9634 3
2611 4406 4
2611 9876 5
2611 5558 5
2611 2715 5
2611 773 5
2611 6860 5
2611 3985 4
2611 3418 4
2611 2230 4
2611 7842 5
2611 9692 5
2611 6367 5
2611 9510 5
2611 5627 4
2611 3763 5
2611 948 5
2611 5733 4
2611 10277 5
2611 5194 5
2611 7420 3
2611 10861 5
2611 2244 5
2611 4860 4
2611 5608 5
2611 907 2
2611 9714 4
2611 823 4
2611 867 5
2611 7333 4
2611 2632 4
2611 992 5
2611 3713 5
2611 934 4
2611 1101 5
2611 3264 5
2611 955 5
2611 4259 5
2611 1241 5
2611 8222 5
2611 5579 5
2611 2582 4
2611 10063 5
2611 9693 5
2611 9735 4
2611 3520 4
2611 4893 3
2611 3793 5
2611 6400 4
2611 8921 5
2611 252 5
2611 875 5
2611 4935 4
2611 11562 5
2611 5085 3
2611 9170 3
2611 2701 5
2611 9789 4
2611 857 5
2611 3451 5
2611 10670 5
2611 1400 5
2611 830 5
2611 5516 5
2611 11156 5
2611 6980 5
2611 3592 5
2611 8173 5
2611 9488 4
2611 7165 4
2611 10431 4
2611 9651 5
2611 8224 4
2611 5466 4
2611 5829 4
2611 11542 5
2612 9215 5
2612 9822 5
2612 3068 4
2612 2664 5
2613 5086 3
2613 9228 3
2613 1779 4
2614 7167 5
2614 3532 5
2614 2152 2
2614 4993 4
2614 3447 2
2614 3567 4
2615 1111 5
2615 804 4
2615 6306 3
2615 7777 4
2615 1574 4
2615 6746 5
2615 6290 5
2615 7564 5
2615 8373 5
2615 2250 3
2615 2866 4
2615 2210 4
2615 3513 3
2615 8645 5
2615 7834 4
2615 7766 5
2615 7228 4
2615 8707 3
2615 3990 5
2615 3084 4
2615 6695 5
2615 104 5
2615 3719 5
2615 7448 5
2615 3456 5
2615 7386 5
2615 5620 2
2615 842 5
2615 688 5
2615 609 5
2615 9245 4
2615 4423 5
2615 4448 5
2615 792 5
2615 3994 5
2615 832 4
2615 829 4
2615 10111 5
2615 11423 4
2615 4722 5
2615 11563 5
2615 4368 5
2616 4730 4
2616 7914 5
2616 1282 5
2616 4146 5
2617 3897 3
2617 8052 5
2617 5760 5
2617 11312 4
2618 1282 2
2618 9091 4
2618 5480 5
2618 1301 4
2618 4675 1
2619 728 5
2619 10160 5
2619 8367 4
2619 10377 4
2619 4249 1
2619 2236 4
2619 1350 5
2619 1968 5
2619 309 5
2619 4302 5
2619 11108 5
2619 9966 4
2619 3782 5
2619 3459 4
2619 5370 4
2619 3536 5
2619 832 1
2619 4927 4
2619 9783 5
2619 766 4
2619 4562 5
2619 1241 5
2620 258 3
2620 9128 1
2620 1316 5
2620 4108 4
2620 9295 5
2620 6494 3
2620 3654 5
2620 9084 5
2621 3333 5
2621 1700 3
2621 9069 5
2621 3954 5
2621 1819 4
2621 11238 5
2621 2940 4
2621 1332 4
2621 2725 5
2621 4213 5
2621 3898 3
2622 706 5
2622 832 5
2622 323 4
2622 695 5
2622 728 5
2622 843 4
2622 11023 5
2622 698 4
2622 7464 4
2623 4537 4
2623 9091 4
2623 6906 3
2623 3049 4
2623 6766 5
2623 2421 4
2623 4519 4
2623 4541 5
2623 11564 4
2624 6968 4
2624 3617 5
2624 1023 5
2624 9583 5
2625 8787 3
2625 5744 5
2625 3097 5
2625 1976 3
2625 658 3
2625 728 1
2625 706 5
2625 656 3
2625 843 3
2625 695 1
2625 727 3
2625 661 3
2625 660 3
2625 829 4
2625 28 4
2625 6010 4
2625 7833 5
2625 8812 5
2625 5774 4
2625 5107 1
2625 8219 4
2625 2708 3
2626 3400 4
2626 1221 4
2626 4618 4
2626 5658 4
2626 5628 4
2626 6822 4
2626 1278 5
2626 1403 1
2626 661 5
2626 762 3
2626 4126 5
2626 258 3
2626 961 5
2626 792 4
2626 832 3
2626 5419 4
2626 312 4
2626 2655 1
2626 276 1
2626 2152 4
2626 8832 4
2626 963 4
2626 2095 4
2626 1365 5
2626 3348 4
2626 3146 4
2626 2715 4
2626 9414 3
2626 1444 3
2626 10647 5
2626 6995 4
2626 6985 3
2626 6656 4
2626 11341 3
2626 3796 5
2626 3453 4
2626 4400 4
2626 4293 4
2626 11530 3
2626 1741 5
2626 6952 3
2627 4836 5
2627 1287 5
2627 8244 5
2628 762 1
2628 2719 5
2628 3654 4
2628 7051 4
2628 609 1
2628 706 1
2628 2605 5
2628 732 1
2628 7830 5
2628 309 5
2628 312 5
2628 7415 4
2628 2030 4
2629 288 5
2629 4796 4
2629 4100 5
2629 153 4
2629 695 5
2629 2755 4
2629 772 5
2629 712 4
2629 4298 5
2629 3981 5
2629 4803 5
2629 3066 5
2629 1518 5
2629 968 5
2630 3473 5
2630 9656 5
2630 11156 5
2630 4398 4
2630 11106 5
2630 9256 4
2630 5469 5
2630 1775 5
2630 5455 5
2630 6939 4
2630 6158 4
2630 1772 4
2630 7238 2
2630 1775 4
2630 1772 4
2630 8244 5
2630 1373 5
2630 11329 4
2631 837 5
2631 9586 4
2631 3348 4
2631 7313 5
2631 3357 4
2631 3554 5
2631 9245 5
2632 3899 5
2632 9211 2
2632 1001 5
2633 3402 2
2633 196 5
2633 2980 4
2633 762 5
2633 738 5
2633 832 5
2633 9816 4
2633 766 3
2633 4562 3
2633 843 1
2633 309 1
2633 1939 5
2633 675 5
2633 4020 4
2633 9160 4
2633 3517 5
2633 11097 4
2634 1289 3
2634 1204 4
2634 2479 4
2634 276 1
2634 739 3
2634 772 4
2634 5219 5
2634 4543 5
2634 1902 4
2634 9097 5
2634 1332 5
2635 5786 3
2635 309 5
2635 2836 5
2635 76 5
2635 7542 5
2635 1998 1
2635 6719 5
2635 3575 5
2635 9482 4
2635 6043 5
2635 7549 4
2635 211 5
2635 7816 5
2635 7218 4
2635 9643 5
2635 3327 5
2635 433 5
2636 3087 4
2636 433 5
2636 675 4
2637 640 5
2637 11124 4
2637 4320 5
2637 1332 5
2637 313 5
2637 8823 5
2637 1414 3
2637 699 3
2637 735 3
2637 174 3
2637 4411 4
2637 1973 5
2637 610 3
2637 766 3
2637 3000 5
2637 4891 4
2637 1300 4
2637 10884 5
2637 2433 1
2638 3455 3
2638 4303 3
2638 2005 5
2638 3660 5
2638 7890 5
2638 8647 4
2638 640 1
2638 1454 4
2638 11138 5
2638 4936 5
2639 4818 5
2639 10688 1
2639 4703 5
2639 1305 5
2639 9198 4
2639 9582 5
2639 3540 5
2639 1301 5
2639 3757 5
2640 695 5
2640 104 5
2640 829 5
2640 10274 5
2640 7219 5
2640 6045 5
2640 5855 5
2640 11300 4
2640 1981 5
2640 9006 5
2640 5612 2
2640 792 5
2640 3740 3
2640 4990 5
2640 323 5
2641 9454 5
2641 10578 5
2641 4706 3
2641 7436 1
2642 2918 4
2642 1332 4
2642 4810 5
2642 672 4
2642 8576 4
2642 11185 4
2643 609 4
2643 5537 5
2643 4358 5
2643 10519 5
2643 5557 5
2643 3606 5
2644 9222 3
2644 9047 2
2644 6005 3
2644 712 5
2644 309 5
2644 8587 5
2644 9529 4
2644 4488 5
2644 2641 5
2644 11286 4
2644 2631 5
2644 3174 4
2644 5428 5
2645 3702 5
2645 8976 4
2645 309 3
2645 3541 4
2645 3503 4
2645 381 3
2645 2620 5
2646 4878 1
2646 712 4
2646 312 4
2646 1275 1
2646 6082 3
2646 11524 4
2646 309 3
2646 3632 4
2646 2093 4
2646 11200 4
2646 4382 4
2646 580 5
2646 10048 4
2646 4185 5
2646 2095 4
2647 4689 5
2647 8260 5
2647 9426 4
2647 322 5
2648 7032 5
2648 10213 5
2648 4274 5
2648 3505 5
2649 1467 4
2649 2717 5
2649 2631 3
2649 6999 5
2649 7000 5
2649 2712 4
2649 2753 5
2649 4801 5
2650 9116 5
2650 9254 4
2650 11108 4
2650 5370 5
2650 11270 5
2650 3174 5
2650 11265 4
2650 3211 4
2650 6158 5
2650 6206 5
2650 4686 4
2651 288 1
2651 9026 5
2651 762 4
2651 276 3
2651 302 1
2651 211 1
2651 312 3
2651 9277 4
2651 11265 1
2651 9211 5
2652 3084 4
2652 1047 5
2652 5063 5
2652 8614 4
2653 309 4
2653 8265 5
2653 3000 5
2653 766 4
2653 10463 5
2653 9225 4
2653 5468 5
2653 8091 5
2653 3500 3
2653 9656 4
2653 3504 5
2654 9985 2
2654 1332 4
2654 3563 1
2655 8775 5
2655 3348 5
2655 4663 5
2655 5114 5
2655 3235 4
2655 1274 5
2655 3482 4
2655 2292 3
2655 1772 5
2655 3551 5
2655 695 5
2655 728 5
2655 2623 4
2655 10243 5
2655 8170 3
2655 4383 5
2655 1422 5
2655 713 5
2655 3449 5
2655 198 5
2655 2754 5
2655 4886 3
2656 4123 5
2656 5000 1
2656 5404 1
2657 4410 3
2657 8392 4
2657 5972 5
2657 7290 4
2657 11155 4
2657 3042 5
2657 8901 5
2657 1673 4
2657 6089 3
2657 10659 5
2657 6117 5
2657 10008 2
2657 6116 4
2657 209 4
2657 732 5
2657 7953 5
2657 7748 4
2657 3242 5
2657 4215 5
2657 3688 5
2657 11565 5
2657 3644 5
2657 9714 4
2657 8552 4
2657 1460 4
2657 762 4
2657 671 4
2657 3209 4
2657 9038 4
2657 8501 4
2657 7890 5
2657 3452 5
2657 9469 4
2657 196 4
2657 211 4
2657 9805 5
2657 1160 5
2657 9391 4
2657 10369 5
2657 8663 5
2657 309 5
2657 9639 4
2657 4439 5
2658 3552 5
2658 3552 5
2658 9840 4
2659 6670 5
2659 1725 5
2659 6148 4
2659 9726 5
2659 3535 3
2659 11564 5
2659 11162 5
2660 857 5
2660 1365 5
2660 4634 3
2660 1277 5
2660 4463 5
2661 1864 1
2661 7237 5
2661 3067 5
2661 276 4
2661 792 3
2661 2627 4
2661 313 4
2661 312 5
2661 762 4
2661 671 4
2661 5798 5
2661 1332 3
2661 3222 5
2661 10288 4
2661 5107 3
2662 8159 5
2662 4481 5
2662 196 2
2662 704 5
2662 211 5
2662 288 1
2662 9984 5
2662 4719 5
2663 1621 5
2663 2455 5
2663 974 4
2663 500 5
2663 5574 5
2663 9006 5
2663 152 5
2663 4543 4
2663 4863 4
2663 4930 5
2663 2827 4
2663 3979 4
2663 9364 4
2663 6214 5
2663 153 5
2663 8681 5
2663 2405 5
2663 2715 5
2663 3426 4
2663 292 4
2663 5350 5
2663 8165 4
2663 5579 5
2663 515 4
2663 3901 5
2663 11121 5
2663 5086 3
2663 9180 5
2664 1880 4
2664 1917 4
2664 8568 5
2664 3741 3
2664 7745 5
2664 4474 5
2664 10879 4
2664 694 4
2664 728 3
2664 9247 5
2664 4463 5
2664 4109 5
2664 6284 4
2664 9227 5
2664 11408 5
2664 10829 3
2664 6839 5
2664 8367 4
2664 4676 5
2665 999 5
2665 3311 4
2665 6001 3
2665 772 4
2665 8886 4
2665 1219 3
2665 10576 5
2665 4225 5
2665 313 4
2666 2298 5
2666 739 2
2666 309 5
2666 9817 2
2666 694 4
2666 6328 5
2666 1219 1
2666 4215 4
2666 1328 5
2666 11199 2
2666 840 5
2666 5348 4
2666 1332 5
2666 9963 4
2666 8993 2
2666 6699 5
2667 196 5
2667 2495 4
2667 9281 4
2667 9215 4
2667 4056 5
2667 6688 3
2667 8731 5
2667 9047 4
2667 7547 5
2667 4700 5
2667 3226 4
2667 211 5
2667 258 5
2667 313 5
2667 832 5
2667 1275 5
2667 11566 5
2667 1287 5
2667 5628 5
2667 8087 1
2667 8587 5
2667 3559 5
2667 10177 3
2667 4558 3
2667 323 2
2667 3265 1
2667 901 3
2667 4730 4
2668 258 4
2668 762 4
2668 671 5
2668 313 5
2669 727 4
2669 309 5
2669 761 5
2669 671 5
2669 661 5
2669 323 5
2669 312 5
2669 762 5
2669 673 5
2669 728 5
2669 7016 3
2669 4117 5
2669 1049 5
2669 8469 5
2669 7812 4
2669 9016 5
2670 8485 4
2670 6837 3
2670 6230 5
2670 7325 5
2670 1793 4
2670 947 1
2670 9597 5
2670 307 5
2670 9781 4
2670 7033 5
2670 6610 5
2670 309 4
2670 221 5
2670 294 5
2670 23 5
2670 8726 3
2671 710 4
2671 28 4
2671 3072 5
2671 739 5
2671 738 4
2671 4302 3
2671 323 5
2671 772 5
2671 6610 5
2671 762 3
2671 712 3
2671 312 3
2671 780 3
2671 211 5
2671 972 5
2671 704 3
2671 759 3
2671 313 3
2671 694 2
2671 8555 1
2671 258 3
2671 766 5
2671 276 3
2671 104 4
2671 843 3
2671 829 3
2671 196 3
2671 4681 3
2671 832 1
2671 728 1
2671 732 4
2671 288 1
2671 294 5
2671 4898 4
2671 11122 5
2671 11210 5
2672 4688 3
2672 11285 4
2672 323 3
2672 11253 3
2673 2113 2
2673 7258 5
2673 3176 5
2673 6064 5
2673 2961 4
2673 4341 4
2673 11552 4
2673 5731 5
2673 10243 4
2673 8775 4
2673 6203 4
2673 4584 5
2673 2997 4
2673 11194 3
2673 9018 5
2673 9194 4
2673 211 3
2673 3422 4
2673 5052 4
2673 972 4
2673 728 4
2673 4688 5
2673 515 4
2673 11492 4
2673 6627 5
2673 1244 5
2673 2700 5
2673 7965 4
2673 11329 4
2673 7449 4
2673 1332 3
2673 9228 2
2673 4950 5
2673 1741 5
2673 9530 4
2674 739 5
2674 1352 5
2674 827 5
2674 4101 5
2674 1665 3
2674 1343 5
2674 1650 4
2674 850 5
2674 1673 1
2674 609 3
2674 1408 5
2674 1277 5
2674 1710 5
2674 699 5
2674 704 5
2674 258 5
2674 2103 4
2674 122 5
2674 276 5
2674 11327 5
2674 9570 5
2674 5785 3
2674 9384 2
2674 2924 5
2674 556 5
2674 9247 5
2674 816 5
2674 211 3
2674 860 1
2674 6513 5
2674 7757 4
2674 892 3
2674 837 5
2674 8703 5
2674 1275 3
2674 954 5
2674 6387 1
2674 327 5
2674 11454 3
2674 11097 4
2674 8924 5
2675 3348 5
2675 9961 4
2675 723 5
2675 7372 4
2675 6375 5
2675 3667 5
2675 8333 5
2675 7005 5
2675 1741 5
2675 4491 3
2675 3254 4
2675 3345 4
2675 7135 5
2675 5052 1
2675 2628 5
2675 1002 4
2675 9961 4
2675 6212 5
2675 4375 5
2676 9180 4
2676 4035 5
2676 412 5
2676 11331 4
2676 2405 3
2677 1448 5
2677 2419 5
2677 6971 5
2678 762 4
2678 772 1
2678 706 5
2678 174 5
2678 1403 1
2678 4950 5
2678 128 5
2678 1981 3
2678 6061 4
2678 728 2
2678 211 4
2678 4651 3
2678 3272 5
2678 8839 0
2678 713 2
2678 1278 5
2678 3716 5
2678 5761 5
2678 1745 4
2678 1773 5
2678 7016 2
2678 4745 1
2678 3316 4
2678 3883 5
2678 1275 1
2678 312 4
2678 309 3
2678 3313 5
2678 9627 4
2678 8462 5
2678 9839 4
2679 196 4
2679 104 4
2679 1981 4
2679 323 4
2679 772 4
2679 2453 5
2679 11265 5
2679 217 4
2679 313 5
2679 9180 5
2679 4302 5
2679 312 5
2679 3533 4
2679 309 3
2679 211 4
2679 762 4
2679 1418 3
2680 4249 4
2680 334 4
2680 843 3
2681 1778 1
2681 1200 5
2681 759 2
2681 276 5
2681 1267 4
2681 4344 4
2681 3146 5
2681 739 3
2681 1762 4
2681 323 2
2681 3449 5
2681 1939 5
2681 8839 4
2681 3088 5
2681 1403 1
2681 5452 4
2682 1665 5
2682 609 5
2682 3236 4
2682 28 4
2682 3298 1
2683 8616 3
2683 4175 4
2683 4731 5
2684 11218 4
2684 896 5
2684 762 3
2684 7034 5
2684 4037 5
2684 8434 4
2684 10565 5
2684 8752 4
2685 741 5
2685 8169 4
2685 699 3
2685 323 3
2685 739 3
2685 829 4
2685 11084 5
2685 8522 5
2685 4176 4
2685 4660 3
2685 4145 4
2685 9080 5
2685 9083 4
2420 3000 5
2420 3189 5
2420 2139 4
2420 1441 4
2420 4486 5
2686 6600 5
2686 8056 5
2686 8617 4
2687 1922 4
2687 1845 3
2687 7567 4
2687 3840 4
2687 3181 5
2687 605 5
2687 8858 2
2688 5028 5
2688 1650 3
2688 8197 3
2688 9763 5
2688 28 3
2688 7023 4
2688 6032 4
2688 3312 1
2688 10163 4
2688 2274 5
2688 7383 5
2688 2318 5
2688 2372 5
2688 7274 5
2689 1673 3
2689 2507 4
2689 217 4
2689 3189 5
2689 5732 5
2689 5073 4
2689 3852 5
2689 8692 3
2689 7717 4
2689 211 5
2689 954 4
2689 1387 3
2689 1262 5
2689 9673 4
2689 1328 5
2689 7255 5
2689 4355 4
2689 7492 4
2689 9182 4
2689 3406 4
2689 657 3
2689 4825 5
2689 173 5
2690 8894 4
2690 7320 4
2690 45 5
2690 7783 5
2690 3707 4
2691 7737 5
2691 3255 4
2691 6098 4
2691 8945 5
2691 3433 4
2692 1475 5
2692 3043 4
2692 1673 2
2692 9028 4
2692 4048 1
2692 3133 3
2692 3343 3
2692 7101 3
2692 8273 3
2693 8844 5
2693 9498 5
2693 2604 3
2693 8246 4
2693 2759 5
2693 6102 4
2693 2891 4
2693 5420 4
2693 1241 4
2693 2903 5
2693 6897 4
2693 9286 4
2693 11112 5
2694 4669 4
2694 6274 4
2694 1873 3
2695 3000 5
2695 1939 4
2695 3263 5
2695 8416 4
2695 8923 5
2696 3327 4
2696 6565 5
2696 1275 1
2696 8724 3
2696 6473 5
2696 6044 4
2696 790 4
2697 4215 5
2697 2257 3
2697 4105 5
2697 1274 5
2697 1277 5
2697 11073 3
2697 1663 5
2697 1364 5
2697 7761 5
2697 562 5
2697 3697 5
2698 3844 5
2698 11305 5
2698 5741 4
2698 407 5
2698 3393 5
2698 2323 5
2698 6994 4
2698 655 5
2699 1290 5
2699 1275 1
2699 3000 5
2699 7038 4
2699 309 5
2699 1277 5
2699 4010 4
2699 4373 1
2699 1403 1
2699 1648 5
2699 1665 3
2699 2815 4
2699 609 4
2699 2964 5
2700 8774 5
2700 643 5
2700 5970 5
2701 979 5
2701 8628 4
2701 8164 5
2701 61 4
2701 4502 4
2701 7640 5
2701 213 5
2702 661 5
2702 766 3
2702 727 3
2702 7192 5
2703 675 4
2703 2883 4
2703 2479 4
2703 10356 4
2703 51 4
2703 3216 4
2703 3687 4
2703 3529 4
2703 9941 4
2703 6065 4
2703 5004 5
2703 3236 5
2703 1275 1
2703 7115 3
2703 2599 5
2703 8106 5
2703 1933 4
2703 1274 5
2703 3222 4
2703 4117 5
2703 5336 5
2703 3002 5
2703 1673 5
2703 6400 2
2703 4327 5
2703 640 5
2703 11089 4
2704 11137 5
2704 3959 5
2704 6106 3
2704 1253 4
2704 6693 4
2704 2858 4
2704 5215 5
2704 2858 4
2704 4947 5
2704 1501 5
2704 7952 5
2704 6072 3
2704 3513 5
2704 753 5
2704 486 5
2704 7241 4
2704 6860 4
2704 2546 4
2704 6368 4
2704 3384 4
2704 4274 4
2704 8816 4
2704 5279 5
2704 7930 4
2705 3721 4
2705 1843 4
2705 7653 5
2705 7278 5
2705 3300 5
2705 3708 5
2705 153 5
2705 7651 5
2705 2813 4
2705 3465 5
2705 276 5
2705 11223 3
2705 6841 3
2705 1677 3
2705 90 5
2705 7412 5
2705 4449 5
2705 1634 4
2705 842 5
2705 6328 4
2705 6897 4
2705 5350 5
2706 5817 3
2706 2392 4
2706 8407 5
2706 792 5
2706 2400 4
2706 609 4
2706 1432 5
2706 2655 3
2706 6284 4
2706 1301 5
2707 3651 5
2707 5073 5
2707 1828 5
2707 196 2
2707 1029 5
2708 11567 4
2708 9714 4
2708 10703 4
2708 1019 3
2708 4112 4
2708 10702 5
2708 2363 5
2708 3625 4
2709 6073 2
2709 604 5
2709 3809 3
2709 1085 3
2710 6243 4
2710 7029 4
2710 5444 3
2710 1779 5
2710 6852 2
2710 4446 5
2711 1531 5
2711 1533 5
2711 1301 1
2711 759 5
2712 3393 5
2712 4156 5
2712 3465 5
2712 2489 5
2712 6729 5
2712 10203 5
2712 566 5
2712 1876 4
2712 8558 2
2712 3579 5
2713 3376 3
2713 9611 5
2713 5908 1
2713 1362 5
2713 10070 5
2713 9973 5
2713 10564 3
2713 9314 5
2713 1951 2
2713 972 4
2713 9716 5
2714 6405 5
2714 2013 5
2714 183 5
2714 5304 4
2714 6316 4
2714 2779 5
2714 4392 5
2714 7697 5
2714 6973 5
2714 7721 5
2714 6071 5
2714 5726 5
2714 6467 4
2714 4108 5
2714 10709 5
2714 6296 4
2715 4503 4
2715 6493 3
2715 6729 4
2715 6781 4
2716 4402 5
2716 6822 4
2716 6320 4
2716 7107 4
2716 7412 4
2717 3191 5
2717 6822 4
2717 1629 5
2717 6448 5
2717 258 2
2717 1696 4
2717 211 5
2717 900 5
2717 10028 1
2717 7105 4
2717 6324 5
2717 11568 5
2717 6439 5
2718 1527 5
2718 6319 5
2718 4129 4
2718 6417 4
2718 829 5
2718 9027 3
2718 6619 3
2718 7105 4
2718 1537 3
2718 7619 3
2718 1553 4
2718 1278 5
2718 323 4
2718 2254 4
2718 8600 5
2718 7173 4
2718 8829 4
2718 6042 3
2718 8139 5
2718 11030 5
2718 10010 4
2718 4135 3
2718 6324 3
2718 6022 4
2718 1223 4
2719 7877 4
2719 3224 4
2719 6849 2
2719 6300 5
2719 3661 5
2719 6318 5
2719 4907 4
2719 3006 4
2719 4336 3
2719 4329 5
2719 420 5
2719 2770 1
2719 6933 5
2720 1332 5
2720 1561 3
2720 11467 5
2720 6393 5
2720 4436 3
2720 5006 3
2720 5010 3
2720 5280 3
2720 6952 5
2721 1936 5
2721 7999 5
2721 1796 5
2721 712 5
2721 2526 4
2721 11199 2
2721 2111 3
2721 5254 1
2721 9177 5
2721 1561 4
2721 309 5
2722 6585 4
2722 604 4
2722 6744 3
2722 10255 4
2722 2075 5
2722 7058 4
2722 8102 3
2722 8056 4
2722 9583 5
2722 10256 4
2722 2154 3
2722 6034 5
2722 5117 4
2722 1673 3
2722 624 1
2722 2717 5
2722 3660 3
2722 1871 3
2722 1982 3
2722 3241 4
2722 9911 5
2722 7298 3
2722 10330 4
2722 1328 5
2722 5868 3
2722 10260 4
2722 3059 4
2722 1594 4
2722 430 5
2722 6536 4
2722 8567 4
2722 2625 4
2722 11569 5
2723 2027 5
2723 1563 5
2723 3355 2
2723 3664 5
2723 3430 5
2723 3153 4
2723 3181 4
2724 1835 5
2724 206 5
2724 830 5
2724 11076 5
2724 3689 4
2724 6754 3
2724 6430 5
2724 8903 5
2724 1931 5
2725 6332 5
2725 1864 5
2725 3652 5
2725 2810 5
2725 2823 5
2725 867 4
2725 2494 5
2725 632 3
2725 1580 5
2725 8623 5
2725 6449 4
2725 8598 3
2725 3465 5
2725 5574 4
2725 5270 4
2725 2632 4
2725 7123 5
2725 7126 4
2725 2083 5
2725 4012 3
2725 3639 4
2725 992 5
2725 6980 4
2725 5997 5
2725 3720 5
2725 4908 4
2725 5730 4
2725 6347 5
2725 3072 4
2725 3687 4
2725 8368 3
2725 590 4
2725 3661 5
2726 837 5
2726 8214 4
2726 10138 4
2726 7218 5
2726 258 5
2726 7223 5
2726 1274 4
2726 759 5
2726 4967 4
2726 1217 3
2726 8240 4
2726 704 5
2726 8202 5
2726 323 5
2726 1463 4
2726 3097 5
2726 7751 1
2726 7568 5
2726 4999 4
2726 1420 4
2726 10374 5
2726 10418 3
2726 2244 4
2726 3070 5
2726 4549 3
2726 2727 4
2726 828 4
2726 3834 5
2726 826 4
2726 10528 4
2726 3417 5
2726 377 5
2726 4860 4
2726 1441 1
2726 810 5
2726 6457 5
2726 4203 5
2726 6365 5
2726 1691 5
2726 3566 5
2726 4245 5
2726 3608 1
2726 284 4
2726 5777 5
2726 7577 5
2726 485 5
2726 640 1
2726 3725 1
2726 814 5
2726 3590 5
2726 5606 5
2726 5368 5
2726 901 4
2726 8681 4
2726 11023 5
2726 1462 4
2726 6510 3
2726 900 5
2726 1876 5
2726 6966 5
2726 992 3
2726 1062 5
2726 903 5
2726 5239 5
2726 10416 4
2726 979 5
2726 934 5
2726 3913 4
2726 1458 4
2726 10417 4
2726 4022 3
2726 5474 5
2726 5564 5
2726 857 4
2726 9314 4
2726 10234 5
2726 1509 4
2726 6511 3
2726 11540 5
2726 11008 5
2726 10886 5
2726 9870 5
2726 5597 5
2727 4188 5
2727 450 4
2727 379 4
2727 1148 4
2727 3202 4
2727 1467 4
2727 3353 3
2727 3046 5
2727 2730 5
2727 340 4
2727 2158 4
2727 3810 5
2727 6940 1
2727 7871 4
2727 3029 5
2727 8352 5
2728 7483 1
2728 5839 3
2728 2490 5
2728 5954 3
2728 3014 1
2728 2782 5
2728 7807 5
2729 8164 5
2729 7271 5
2729 8645 5
2729 2336 1
2729 4422 2
2730 8790 5
2730 7680 5
2730 609 4
2730 4297 4
2730 2066 5
2730 118 4
2730 1395 4
2731 8903 4
2731 4449 2
2731 4045 1
2731 8162 4
2731 974 4
2731 4971 4
2731 5718 5
2731 6937 1
2731 2494 5
2731 10960 5
2731 2080 5
2731 5919 1
2732 810 4
2732 291 5
2732 2405 4
2732 8235 3
2732 2280 3
2732 661 5
2732 438 4
2732 714 4
2732 826 4
2732 493 4
2732 2654 4
2732 4375 2
2732 5758 2
2732 11517 5
2732 586 4
2733 2523 3
2733 3667 4
2733 1125 5
2733 673 5
2733 1277 5
2733 323 5
2733 6575 1
2733 706 4
2733 1463 2
2734 5713 5
2734 5787 3
2734 6309 5
2734 7796 4
2734 1629 5
2734 2100 5
2734 2790 4
2734 2789 2
2734 8120 5
2734 4093 4
2734 2011 5
2734 8126 5
2734 590 4
2734 2751 4
2734 11277 4
2734 3241 4
2735 562 5
2735 4476 4
2735 3042 3
2735 9672 4
2735 8240 5
2736 1201 4
2736 11387 5
2736 11570 4
2736 5379 4
2736 339 3
2736 7214 4
2736 615 4
2736 1594 5
2736 1581 3
2736 7732 5
2736 1587 4
2736 7367 4
2736 11232 3
2736 1592 4
2736 7376 3
2736 6793 3
2736 11071 3
2736 4991 4
2736 8225 4
2736 9883 4
2736 11571 5
2736 10057 5
2736 7884 5
2736 2636 4
2736 4188 5
2737 385 3
2737 6617 2
2737 6578 5
2737 1215 2
2738 1560 4
2738 3000 4
2738 5711 4
2738 322 4
2738 3196 4
2738 4338 4
2738 312 5
2738 8061 5
2738 5259 2
2738 75 1
2739 7014 4
2739 6233 3
2739 7273 1
2739 8251 3
2739 4129 2
2739 5639 4
2739 1276 5
2739 3044 5
2740 7278 4
2740 762 3
2740 8646 5
2740 792 3
2740 4101 5
2740 1278 5
2740 706 3
2740 3556 5
2740 309 5
2740 312 5
2740 712 5
2740 5132 4
2740 1331 5
2741 8653 5
2741 1923 5
2741 1927 5
2741 3639 5
2741 413 4
2742 7376 4
2742 8393 4
2742 6012 5
2742 1598 5
2742 2787 5
2742 1601 3
2742 8074 3
2742 6072 5
2742 3277 5
2742 6088 5
2742 6883 2
2742 1605 5
2742 6885 5
2743 196 5
2743 1277 5
2743 1673 5
2743 837 5
2743 1387 1
2744 8010 4
2744 6227 4
2744 8214 4
2744 2609 3
2744 6674 5
2744 1387 3
2744 7345 5
2744 11528 3
2744 699 3
2744 6272 5
2744 2604 4
2744 722 5
2744 5911 5
2744 420 4
2744 8926 5
2744 2614 5
2744 3449 4
2744 436 2
2744 1678 5
2744 408 4
2744 4102 4
2744 527 4
2744 1407 5
2744 6900 3
2744 1627 4
2744 9190 3
2744 1230 4
2744 355 3
2744 5752 5
2744 2592 4
2745 2872 2
2745 904 3
2745 9312 5
2745 3642 5
2746 1570 5
2746 5511 5
2746 8109 5
2746 3170 4
2747 829 1
2747 10143 4
2747 7162 2
2747 6440 1
2747 4601 5
2747 7164 1
2747 3665 5
2748 6088 5
2748 7945 5
2748 3439 5
2748 1613 5
2748 9693 5
2748 1692 3
2748 1886 5
2748 3243 2
2748 8919 5
2748 1332 3
2748 843 2
2748 972 5
2748 1594 5
2748 656 3
2748 1775 3
2748 3401 5
2748 2119 5
2748 6099 4
2749 738 5
2749 4562 5
2749 276 5
2749 772 5
2749 766 5
2749 10256 5
2749 1140 4
2749 8369 5
2749 10542 5
2750 4671 5
2750 7042 5
2750 7408 5
2750 41 5
2750 3315 5
2750 5911 4
2750 499 1
2750 8511 5
2750 6281 5
2750 3035 4
2750 1832 5
2750 10840 5
2750 8658 5
2750 4526 5
2750 2032 4
2750 7260 3
2750 5976 5
2751 6705 2
2751 3548 3
2751 1275 3
2751 487 4
2751 8540 4
2751 1615 4
2751 7185 3
2751 6833 5
2751 7359 3
2751 7983 4
2751 4329 1
2751 4368 3
2751 4327 4
2751 5023 5
2751 5101 4
2751 737 5
2751 2678 4
2751 4360 3
2751 7313 5
2752 6636 4
2752 428 3
2752 2386 5
2752 1209 5
2752 606 5
2752 11106 5
2752 5690 5
2753 1884 1
2753 5903 5
2753 5905 5
2753 4921 5
2753 8951 5
2753 2797 4
2753 2952 4
2753 2101 5
2753 6279 5
2753 5349 5
2753 7296 5
2753 2139 5
2753 1674 5
2753 7121 5
2753 11572 5
2753 5651 5
2754 3920 2
2754 5134 3
2754 7810 3
2754 782 1
2754 7589 5
2754 4169 2
2754 7710 1
2754 7317 5
2754 2784 3
2754 4024 5
2754 8708 5
2755 5006 5
2755 5045 5
2755 4087 5
2755 6364 5
2755 1214 5
2755 447 5
2755 8082 2
2755 3435 5
2755 2118 5
2755 10302 5
2755 8008 2
2755 8211 5
2755 948 5
2755 6103 5
2755 7859 5
2755 2131 2
2756 3000 5
2756 1332 5
2756 309 5
2757 2386 5
2757 6582 2
2757 9806 4
2757 1603 2
2757 493 5
2757 5580 4
2757 7375 3
2757 771 4
2757 3237 5
2757 1296 4
2757 3975 5
2757 628 4
2757 661 3
2757 8905 4
2757 1223 4
2757 7009 5
2757 1624 3
2757 8502 3
2757 8503 3
2757 8164 5
2757 309 4
2757 11081 4
2757 9835 4
2757 1332 3
2757 11159 3
2757 3694 4
2758 5632 5
2758 2920 5
2758 3353 4
2759 6405 5
2759 7314 4
2759 610 5
2759 5727 4
2759 3742 5
2759 326 5
2759 160 5
2759 3006 4
2759 6049 4
2759 6405 5
2759 8111 4
2759 2048 5
2759 1852 3
2759 128 5
2759 7789 5
2759 10330 5
2759 4493 4
2759 7297 5
2759 11573 5
2759 8709 5
2759 1418 1
2759 9004 5
2759 3709 4
2759 7536 4
2759 3513 5
2759 6067 5
2759 3356 4
2760 1648 5
2760 1665 5
2760 1673 5
2760 4598 4
2760 1650 5
2760 323 1
2760 3954 3
2760 1939 5
2760 8745 5
2760 309 1
2760 747 5
2760 5185 5
2760 10269 5
2761 4674 2
2761 11553 5
2761 11371 3
2761 4466 4
2761 739 4
2761 3071 4
2761 2491 1
2761 9505 4
2762 8938 5
2762 3447 5
2762 288 3
2762 3539 1
2762 9201 5
2762 7854 5
2762 6595 5
2762 8097 5
2762 4973 3
2762 1307 2
2762 11537 5
2762 7371 4
2762 2858 4
2762 6098 5
2762 3256 4
2763 631 5
2763 1211 2
2763 6030 3
2763 3203 4
2763 636 2
2763 7101 2
2763 3362 5
2763 4482 4
2764 780 2
2764 309 3
2764 4985 4
2765 11089 5
2765 3687 5
2765 2005 5
2765 5224 4
2765 4187 4
2766 1527 5
2766 591 4
2766 6418 3
2766 2 5
2766 10318 5
2766 7605 4
2766 1798 5
2766 6532 4
2766 50 5
2766 9011 4
2766 7429 4
2766 7680 5
2766 8024 4
2766 6233 2
2766 4823 4
2766 5571 4
2766 2773 5
2766 2772 5
2766 7695 4
2766 7723 1
2766 7696 3
2766 7679 4
2766 6531 4
2766 9044 4
2766 7789 4
2766 796 5
2766 8385 5
2766 6307 5
2766 6619 4
2766 7961 1
2766 6218 5
2766 8186 5
2766 6702 4
2766 7970 5
2766 1783 5
2766 5540 4
2766 866 4
2766 7432 2
2766 7061 5
2766 11128 4
2766 7606 4
2766 9298 4
2766 5763 4
2766 6481 5
2766 8253 4
2766 2185 4
2766 5306 5
2766 10311 4
2766 5573 3
2766 2840 4
2766 2801 3
2766 7959 5
2766 7820 5
2766 6410 4
2766 6705 5
2766 6731 4
2766 2361 3
2766 4469 4
2766 6177 4
2766 4610 5
2766 17 4
2766 3575 3
2766 8600 5
2766 3172 5
2766 3008 5
2766 7677 1
2766 1864 4
2766 6290 5
2766 5922 4
2766 11074 3
2766 7776 4
2766 7670 4
2766 580 5
2766 10158 5
2766 587 3
2766 3435 5
2766 6470 5
2766 6092 3
2766 9863 4
2766 8990 5
2766 2043 5
2766 8962 3
2766 6647 3
2766 2270 2
2766 4471 4
2766 7058 4
2766 626 5
2766 6518 4
2766 10164 4
2766 1590 5
2766 240 4
2766 6919 5
2766 2782 4
2766 7973 3
2766 3203 5
2766 2491 5
2766 7886 4
2766 101 5
2766 9365 5
2766 7322 4
2766 6769 1
2766 7972 5
2766 2148 5
2766 7540 5
2766 4357 4
2766 1316 5
2766 1864 5
2766 2851 5
2766 8269 5
2766 8452 4
2766 1049 4
2766 7433 5
2766 275 5
2766 239 4
2766 385 4
2766 1575 5
2766 5441 4
2766 5872 5
2766 3394 4
2766 6329 5
2766 8971 5
2766 160 5
2766 7974 5
2766 7975 4
2766 3629 5
2766 6740 5
2766 277 4
2766 2774 5
2766 3687 3
2766 5967 5
2766 548 5
2766 6355 5
2766 6356 5
2766 624 5
2766 3344 5
2766 129 5
2766 627 5
2766 2097 2
2766 3112 5
2766 124 4
2766 3686 4
2766 9597 5
2766 7980 5
2766 5430 4
2766 6793 4
2766 8559 5
2766 5148 4
2766 9762 4
2766 785 4
2766 7626 5
2766 1662 5
2766 7023 5
2766 992 5
2766 4514 4
2766 1395 1
2766 6703 5
2766 7796 5
2766 639 5
2766 3189 4
2766 4169 4
2766 3454 5
2766 5877 5
2766 1998 2
2766 4338 5
2766 5617 1
2766 2347 5
2766 93 5
2766 9725 5
2766 4935 4
2766 52 5
2766 1535 3
2766 8025 5
2766 656 3
2766 1775 3
2766 124 5
2766 5151 5
2766 251 5
2766 1828 4
2766 732 3
2766 8880 5
2766 4461 5
2766 8091 5
2766 1967 4
2766 61 5
2766 288 1
2766 6181 4
2766 8419 5
2766 210 5
2766 9164 4
2766 9964 5
2766 2959 4
2766 728 4
2766 4334 5
2766 202 1
2766 7417 5
2766 1845 4
2766 9175 5
2766 648 5
2766 8 1
2766 9475 5
2766 1901 5
2766 1010 5
2766 211 5
2766 312 3
2766 7907 5
2766 934 4
2766 4691 5
2766 10983 5
2766 9359 5
2766 1278 5
2766 1774 5
2766 104 4
2766 10313 5
2766 196 5
2766 6277 5
2766 1441 2
2766 3024 5
2766 843 5
2766 3434 3
2766 309 3
2767 3090 5
2767 6927 2
2767 1275 3
2767 276 4
2767 3147 5
2768 3343 3
2768 9213 5
2768 6120 5
2768 3638 4
2768 8457 4
2768 3175 5
2769 2809 4
2769 10907 5
2769 3455 5
2769 6948 5
2770 8180 4
2770 6532 4
2770 8204 5
2770 7756 5
2770 7029 5
2770 7091 5
2770 8178 5
2770 6715 5
2770 6731 3
2770 7083 5
2770 6535 5
2770 7096 4
2770 8104 5
2770 7168 4
2770 3660 4
2770 7328 5
2770 6239 5
2770 6067 4
2770 2306 5
2770 3894 5
2770 9929 4
2770 5950 4
2770 9387 4
2770 6855 5
2770 7622 4
2770 6325 5
2770 2383 5
2770 7718 5
2770 4456 4
2770 7623 4
2770 1784 5
2770 6282 5
2770 7891 5
2770 9215 5
2770 2008 5
2770 6054 5
2770 6926 5
2770 7031 4
2770 7036 5
2770 1127 5
2770 6853 5
2770 7222 5
2770 1560 5
2770 7802 5
2770 1921 5
2770 600 5
2770 5941 5
2770 3363 5
2770 8297 5
2770 6470 5
2770 1672 4
2770 5863 5
2770 6334 5
2770 6844 5
2770 4338 5
2770 5715 5
2770 22 5
2770 8209 5
2770 10066 5
2770 2843 5
2770 605 5
2770 4445 5
2770 8784 5
2770 2204 5
2770 7632 5
2770 6251 5
2770 1393 4
2770 4986 4
2770 150 5
2770 6 4
2770 3979 5
2770 200 5
2770 1351 5
2770 290 5
2770 5998 5
2770 188 5
2770 3198 4
2770 7315 5
2770 5917 5
2770 3214 5
2770 78 5
2770 3229 5
2770 7353 5
2770 1687 5
2770 4632 4
2770 6748 4
2770 3109 5
2770 3997 5
2770 2228 5
2770 1595 5
2770 8034 5
2770 315 5
2770 1799 5
2770 1052 5
2770 4825 5
2770 166 5
2770 7429 5
2770 4472 5
2770 7745 4
2770 5221 5
2770 5976 5
2770 120 5
2770 11177 5
2770 127 5
2770 1926 5
2770 765 5
2770 9305 3
2770 706 5
2770 53 4
2770 10757 5
2770 2651 5
2770 1165 5
2770 8164 5
2770 2824 5
2770 9101 5
2770 4262 5
2770 7733 5
2770 1845 5
2770 1756 4
2770 3832 5
2770 8385 5
2770 41 5
2770 7063 5
2770 1174 5
2770 5181 5
2770 104 5
2770 1616 1
2770 4775 5
2770 4718 5
2770 615 5
2770 4012 5
2770 1547 5
2770 3202 5
2770 1733 1
2770 8155 5
2770 255 5
2770 8436 5
2770 5004 5
2770 8292 5
2770 4397 5
2770 8937 5
2770 245 5
2770 111 5
2770 307 5
2770 7463 5
2770 5388 5
2770 738 1
2770 124 5
2770 3191 5
2770 8978 5
2770 6163 5
2770 5564 5
2770 93 5
2770 2996 5
2770 4454 5
2770 5124 5
2770 1279 4
2770 7431 5
2770 8785 5
2770 301 4
2770 1662 5
2770 8070 4
2770 4592 5
2770 6112 5
2770 9205 5
2770 50 5
2770 3236 5
2770 23 5
2771 1976 5
2771 1673 5
2771 8382 2
2771 3216 1
2771 4673 5
2771 3203 5
2771 8616 1
2771 5353 2
2771 5024 5
2772 11268 4
2772 7368 5
2772 11574 3
2772 3375 4
2772 3173 5
2772 11575 5
2772 4619 4
2772 3412 5
2772 4033 5
2772 9371 4
2772 4162 3
2772 3892 3
2772 9491 5
2772 11229 3
2772 11261 5
2772 3295 5
2772 10248 4
2773 9188 4
2773 211 4
2773 3123 4
2773 217 2
2774 4280 4
2774 6581 5
2774 7664 4
2774 7315 4
2774 7409 2
2775 7928 4
2775 4217 4
2775 6675 5
2775 5206 4
2775 8691 4
2775 4491 5
2775 8403 4
2776 280 5
2776 1735 5
2776 292 2
2776 7762 5
2776 3605 5
2776 1539 5
2776 728 5
2776 551 2
2776 2009 5
2776 1241 5
2776 1922 3
2776 6073 5
2776 8752 5
2776 8809 5
2776 128 5
2776 11300 1
2776 5942 5
2776 636 5
2776 8172 5
2776 5516 5
2776 3073 5
2776 3261 3
2776 1657 4
2776 10037 5
2776 7304 4
2777 6615 4
2777 5882 4
2777 5671 4
2777 11576 5
2777 11577 4
2777 7335 3
2778 5574 3
2778 6223 4
2778 1395 5
2778 2858 4
2778 997 4
2778 504 4
2778 792 5
2778 5518 3
2778 4837 5
2779 1418 5
2779 4496 5
2779 712 5
2779 3000 5
2779 8042 5
2779 1939 5
2779 1673 5
2779 7757 5
2779 713 5
2779 4515 5
2779 7896 5
2779 4538 5
2779 2059 5
2779 5452 5
2780 772 4
2780 1147 5
2780 6173 4
2780 3161 3
2780 5348 3
2780 196 5
2780 829 5
2780 1419 5
2780 902 5
2781 1778 4
2781 2501 2
2781 4698 5
2781 1939 5
2781 1963 3
2781 3450 4
2781 1650 5
2781 9878 4
2781 4282 4
2782 258 3
2782 312 5
2782 2574 5
2782 7245 5
2783 4932 1
2783 1872 4
2783 3192 5
2783 1665 4
2783 728 3
2783 1275 1
2783 1395 5
2783 732 1
2783 2805 4
2783 8100 5
2784 4468 5
2784 7926 5
2784 7099 1
2784 2980 5
2784 1682 5
2784 9842 4
2784 8724 5
2784 1775 5
2784 836 1
2784 1665 5
2784 8576 4
2784 792 5
2784 753 5
2784 610 1
2784 678 5
2784 6116 4
2784 6205 3
2784 28 5
2784 1668 1
2784 1981 5
2784 1673 5
2784 8130 2
2784 6140 5
2784 1237 5
2784 609 5
2784 309 5
2784 4947 5
2784 5144 2
2784 2655 1
2784 9310 5
2784 211 5
2784 759 5
2784 11185 4
2784 11545 5
2784 4157 4
2784 1277 5
2784 217 5
2784 1221 4
2784 706 5
2784 2979 1
2784 9247 5
2784 5154 5
2784 671 1
2784 9306 5
2784 1332 5
2784 4034 3
2784 6117 5
2784 11565 5
2784 3209 4
2784 11578 1
2784 5371 1
2784 4215 5
2785 6833 4
2785 11144 4
2785 11304 1
2786 1962 5
2786 7415 5
2786 11155 3
2786 1278 4
2786 6298 4
2786 309 2
2786 4152 1
2786 9028 3
2786 792 5
2786 6149 4
2786 1305 4
2786 3146 5
2786 3382 5
2786 2433 5
2786 675 5
2786 9963 3
2786 2621 3
2786 9310 3
2787 1230 5
2787 3081 5
2787 1530 5
2787 1215 5
2787 8046 5
2787 4611 5
2787 4896 5
2788 766 5
2788 3488 5
2788 9711 5
2788 4320 5
2788 1680 5
2789 766 1
2789 1274 5
2789 313 5
2789 8145 5
2789 1332 5
2789 3012 4
2789 2821 5
2789 7756 2
2790 10266 4
2790 1673 3
2790 104 4
2791 6781 3
2791 7944 5
2791 609 4
2791 4479 3
2791 3733 2
2791 610 3
2791 6071 4
2791 4312 4
2791 8704 5
2791 3077 4
2791 2088 3
2791 8195 5
2791 5044 4
2791 7610 5
2792 766 5
2792 728 4
2792 104 5
2792 3353 5
2792 1463 4
2792 609 2
2792 3558 5
2793 8669 4
2793 1393 4
2793 1049 3
2793 6332 4
2793 7682 4
2793 7128 5
2794 1773 3
2794 728 2
2794 5647 2
2794 9308 5
2795 6842 4
2795 3264 4
2795 3569 5
2795 6586 5
2795 3773 5
2795 1365 5
2795 6376 5
2795 4371 5
2795 8592 5
2795 9159 4
2795 2951 5
2795 992 4
2795 992 4
2795 6980 4
2795 4407 5
2795 4400 5
2795 4634 5
2795 7483 4
2795 974 3
2795 892 4
2795 5242 2
2795 10642 4
2795 8432 5
2795 3151 5
2795 10920 5
2795 8499 2
2795 6384 4
2795 8663 4
2795 9949 5
2795 997 4
2795 11056 5
2795 11338 5
2796 309 3
2796 104 1
2796 1240 3
2796 2561 4
2796 4711 5
2796 8286 5
2796 836 1
2796 8861 3
2796 5424 1
2796 1402 1
2796 3725 4
2796 11566 5
2797 1665 3
2797 104 4
2797 258 5
2797 196 5
2797 323 4
2797 726 5
2797 211 5
2797 309 5
2797 762 3
2797 2413 5
2797 2219 3
2797 1194 5
2797 961 5
2797 2500 4
2797 313 4
2797 8833 5
2797 537 5
2797 1035 5
2798 661 5
2798 11241 5
2798 196 5
2798 772 5
2798 1970 5
2798 660 5
2798 1775 5
2798 843 5
2798 1037 5
2798 728 5
2798 323 5
2798 211 5
2798 4719 5
2798 309 5
2798 934 5
2798 11295 5
2798 3617 5
2798 5701 5
2798 9073 5
2798 9271 5
2798 540 5
2798 1469 5
2798 11579 5
2798 3583 5
2798 3773 5
2798 3275 5
2799 4320 5
2799 728 5
2799 656 1
2799 1774 5
2799 8581 5
2799 1301 5
2800 4503 5
2800 276 5
2800 772 5
2800 829 4
2800 739 5
2800 1278 5
2800 196 5
2800 104 5
2800 1331 5
2800 323 5
2800 309 5
2800 258 5
2800 312 5
2800 9768 3
2800 8127 4
2800 8777 4
2801 832 3
2801 704 1
2801 2316 3
2801 9062 1
2801 1043 5
2801 9955 5
2801 4697 4
2801 4947 4
2801 5003 1
2801 10559 5
2801 11580 4
2801 4589 5
2801 3387 4
2801 638 5
2801 3579 5
2801 5932 5
2801 2412 3
2801 5529 5
2801 3853 5
2801 3032 5
2801 10480 5
2801 6918 4
2801 1707 5
2801 276 3
2801 8351 5
2801 732 1
2801 722 3
2801 104 1
2801 739 1
2801 3667 5
2801 829 3
2801 1367 4
2801 4735 5
2801 11168 1
2801 2366 3
2801 2405 5
2801 723 1
2801 313 1
2801 312 1
2801 9051 5
2801 6881 4
2801 1116 4
2801 1275 1
2801 3762 5
2801 963 1
2801 8622 4
2801 3684 4
2801 1341 5
2801 762 3
2801 196 3
2801 653 5
2801 1713 4
2801 1436 5
2801 1332 3
2801 395 5
2801 1305 4
2801 9609 5
2801 258 3
2801 4781 5
2801 4417 5
2801 3322 5
2801 11304 2
2801 4967 5
2801 9951 5
2801 5658 5
2801 2277 3
2801 2695 5
2801 5220 4
2801 4412 4
2801 515 5
2801 699 3
2801 3415 5
2801 5579 2
2801 9019 5
2801 2433 5
2801 1301 4
2801 10681 4
2801 4377 4
2801 3617 5
2801 409 5
2801 3143 4
2801 3174 5
2801 11525 4
2801 5124 5
2801 565 4
2801 5477 5
2801 50 5
2801 5209 5
2801 4489 5
2801 2244 4
2801 2315 4
2801 2380 5
2801 10622 5
2801 9817 4
2801 3501 3
2801 5593 4
2801 8230 5
2801 10343 5
2801 2236 5
2801 1291 4
2801 323 3
2801 3969 5
2801 124 5
2801 8978 4
2801 2664 5
2801 10342 4
2801 3770 5
2801 7977 5
2801 9096 5
2801 9925 4
2801 10940 4
2801 1310 5
2801 7203 4
2801 5001 5
2801 3882 5
2801 843 3
2801 619 4
2801 731 4
2801 9535 4
2801 1520 4
2801 3883 5
2801 3580 5
2801 10823 5
2801 1317 5
2801 7925 5
2801 2417 4
2801 772 3
2801 656 5
2801 766 3
2801 728 3
2801 4778 4
2801 3597 5
2802 1939 5
2802 3000 5
2802 8416 5
2802 4929 5
2802 8917 5
2802 153 5
2803 6838 2
2803 323 3
2803 1965 1
2803 3132 3
2803 312 2
2803 1832 5
2803 4467 5
2803 902 5
2803 3308 4
2803 5418 2
2803 11581 5
2803 288 5
2803 739 4
2803 762 3
2803 1680 4
2803 4739 5
2803 3025 3
2803 5642 5
2803 276 4
2803 829 4
2803 712 4
2803 7555 5
2803 6104 4
2803 699 3
2803 832 4
2803 182 5
2803 3357 4
2803 6084 3
2804 47 4
2804 8876 4
2804 5147 4
2804 231 5
2804 6785 5
2804 829 4
2804 312 3
2805 7266 5
2805 1986 4
2805 196 4
2805 738 4
2805 706 4
2805 4319 5
2805 759 5
2805 609 4
2805 732 4
2805 7620 4
2805 829 4
2805 5696 4
2806 728 5
2806 843 3
2806 323 5
2806 258 5
2806 9105 4
2806 312 4
2806 149 4
2806 3452 4
2807 739 3
2807 706 5
2807 829 5
2807 8828 5
2807 257 5
2807 832 4
2807 258 5
2807 8619 2
2807 1536 4
2807 728 3
2807 1332 5
2807 11110 3
2807 1241 5
2807 3304 5
2808 312 3
2808 104 5
2808 28 4
2808 792 4
2808 832 5
2808 673 3
2808 2744 4
2808 656 4
2808 728 4
2808 1700 3
2808 9344 4
2808 732 1
2808 4727 1
2809 11582 5
2809 10065 5
2809 9201 5
2810 3145 5
2810 2594 4
2810 6642 4
2810 8904 5
2810 11583 5
2810 7805 5
2810 9963 4
2810 5969 5
2811 3924 4
2811 11262 4
2811 5502 4
2811 8469 4
2811 9275 3
2811 3091 4
2811 5900 2
2811 9736 4
2811 10443 4
2811 8377 4
2811 5517 4
2812 258 5
2812 1332 5
2812 739 3
2812 104 5
2812 10372 5
2812 1352 5
2812 738 5
2812 323 5
2812 312 5
2812 1412 5
2812 735 5
2812 313 5
2812 712 5
2812 4743 5
2812 734 5
2812 917 5
2812 706 4
2812 772 1
2812 196 5
2812 728 5
2812 276 4
2813 6337 4
2813 6750 5
2813 6343 5
2813 1841 5
2813 7028 5
2813 2201 3
2813 6306 4
2813 4301 5
2813 7354 5
2813 6210 4
2813 5655 2
2813 4809 3
2813 2092 5
2813 2869 5
2813 3000 5
2813 6440 4
2813 632 4
2813 2996 5
2813 107 1
2813 6088 5
2813 8212 5
2813 4368 3
2813 609 5
2813 1215 1
2813 3465 4
2813 1177 5
2813 86 5
2813 5074 5
2813 4768 5
2814 1387 5
2814 1306 5
2814 1324 5
2814 11241 5
2815 3297 1
2815 8128 5
2815 673 1
2815 11581 5
2815 8440 5
2815 313 3
2815 746 3
2815 323 5
2815 735 5
2815 4570 5
2815 699 4
2815 276 2
2815 8091 3
2815 1979 5
2815 7050 3
2815 1275 1
2816 7543 5
2816 3124 5
2816 8096 5
2816 7381 4
2816 5604 5
2816 1949 5
2816 3035 4
2816 4968 5
2816 3521 5
2817 8534 1
2817 6884 5
2817 7482 5
2817 3715 5
2817 4084 5
2817 288 3
2817 3984 4
2817 6922 5
2817 104 3
2817 8790 5
2817 8791 5
2817 6923 5
2817 6768 5
2817 10293 5
2817 9104 5
2817 4278 5
2817 7251 4
2817 5248 4
2817 7587 5
2817 1467 5
2817 11584 5
2818 9543 5
2818 9850 5
2818 7872 3
2818 655 5
2818 9130 3
2818 6667 5
2818 2631 4
2818 2707 5
2818 1979 5
2818 2593 5
2818 1277 5
2818 9048 5
2818 8463 5
2818 10755 5
2818 422 5
2818 6969 4
2819 312 2
2819 276 1
2819 309 4
2819 960 4
2820 712 2
2820 762 3
2820 1535 4
2820 695 4
2820 1754 4
2820 832 4
2820 1539 4
2820 829 4
2820 288 4
2820 203 5
2820 10551 5
2820 1773 4
2820 323 4
2820 759 4
2820 211 5
2820 661 4
2820 3551 5
2820 656 5
2820 1775 4
2820 728 4
2821 3963 5
2821 313 5
2821 706 5
2821 2484 5
2821 8711 5
2821 829 3
2821 312 5
2821 11165 5
2821 4651 3
2821 3000 5
2821 1306 2
2821 3263 5
2821 7798 4
2821 3901 5
2821 712 4
2821 1772 5
2821 196 4
2821 276 4
2821 10069 5
2821 309 4
2821 836 2
2821 9089 5
2821 4262 4
2821 4280 4
2821 4743 4
2821 7940 5
2821 1648 5
2821 728 4
2821 1395 5
2821 1754 5
2821 695 5
2821 759 5
2821 681 5
2821 1775 3
2821 3551 5
2822 3078 4
2822 11108 5
2822 309 5
2822 4695 4
2822 9308 4
2822 8217 4
2823 7690 5
2823 7997 4
2823 217 5
2823 4132 5
2823 5260 5
2823 3708 5
2823 1403 2
2823 3431 5
2824 1673 5
2824 673 5
2824 323 5
2824 9986 3
2824 309 5
2824 7634 4
2824 753 3
2824 1682 5
2824 1417 5
2824 1352 5
2824 313 5
2824 762 5
2824 28 5
2824 2623 1
2824 11245 3
2824 1733 4
2825 6729 5
2825 1132 3
2825 6591 5
2825 6592 3
2825 1156 5
2825 10622 5
2825 6864 5
2825 4382 3
2825 9914 5
2825 2989 1
2825 1317 3
2825 639 4
2825 9725 4
2825 1634 4
2825 4188 4
2825 810 5
2825 391 3
2825 5212 4
2825 1229 5
2825 8281 4
2825 5707 3
2825 4843 3
2825 2882 2
2825 11585 4
2825 606 5
2825 2482 3
2825 1826 5
2825 2408 5
2825 2390 4
2825 5867 5
2825 2918 3
2825 3264 3
2825 1268 4
2825 2503 5
2825 2459 3
2825 1203 4
2825 1451 5
2825 1230 4
2825 484 2
2825 10111 5
2825 1286 4
2825 9915 5
2825 7943 5
2825 1088 5
2825 3457 5
2825 3387 4
2825 11247 4
2825 3406 2
2825 9813 4
2825 756 3
2825 829 5
2825 6940 1
2825 7237 4
2825 5209 5
2825 2330 5
2825 5720 5
2825 5214 4
2825 9727 4
2825 8217 4
2825 8407 5
2825 9510 4
2825 2712 5
2825 2602 2
2825 526 5
2825 2605 5
2825 563 4
2825 2418 5
2825 9818 5
2825 7475 5
2825 8115 5
2825 8262 4
2825 4495 5
2825 1072 2
2825 843 5
2825 1387 3
2825 5138 4
2825 9908 5
2825 422 3
2825 10567 5
2825 3687 4
2825 3542 3
2825 10206 4
2825 3579 5
2825 309 5
2825 3459 2
2825 9134 5
2825 9934 3
2825 7054 5
2825 6500 4
2825 8219 4
2825 6943 2
2825 4071 5
2825 7188 4
2826 4068 5
2826 9819 5
2826 3000 5
2826 3263 5
2826 4267 5
2826 4467 4
2826 4280 4
2826 4481 4
2826 3553 4
2826 2996 5
2826 1275 2
2826 739 5
2826 4423 5
2826 4496 5
2826 1408 5
2826 728 3
2827 7771 4
2827 7280 4
2827 7182 4
2827 6470 3
2827 6608 5
2827 2210 4
2827 1820 2
2827 2227 4
2827 1114 2
2827 6504 5
2827 604 5
2827 1563 4
2827 2288 4
2827 2855 3
2827 6637 2
2827 10246 3
2827 364 5
2827 2183 2
2827 401 5
2827 8878 3
2827 11527 5
2827 1556 5
2827 2949 5
2827 335 3
2827 7054 3
2827 6679 4
2827 1174 4
2827 2548 3
2827 2326 4
2827 2289 5
2827 7516 5
2827 2321 3
2827 399 4
2827 2399 3
2827 1216 4
2827 7133 5
2827 1151 4
2827 6668 5
2827 6660 5
2827 420 4
2827 4963 5
2827 1646 3
2827 7517 5
2827 1855 2
2827 8439 5
2827 8128 4
2827 11122 5
2827 7943 4
2827 4621 3
2827 626 3
2827 528 4
2827 5878 4
2827 1362 4
2827 392 3
2827 6556 4
2827 606 5
2827 972 5
2827 6206 5
2827 2692 5
2827 6328 5
2827 6836 5
2827 373 4
2827 11071 3
2827 1621 4
2827 529 5
2827 458 4
2827 4663 4
2827 3374 4
2827 8986 3
2827 9542 4
2827 781 4
2827 1888 4
2827 6837 3
2827 694 3
2827 5590 5
2827 5591 4
2827 5592 5
2827 710 3
2827 5197 5
2827 8590 4
2827 3504 5
2827 3348 4
2827 1305 4
2827 5425 5
2827 8440 5
2827 2975 5
2827 10837 4
2827 1301 5
2827 4431 4
2827 1307 3
2827 5581 5
2827 1417 5
2827 3427 4
2828 323 5
2828 1583 5
2828 4818 4
2829 524 3
2829 524 5
2829 3639 4
2829 7065 4
2829 9757 2
2829 11579 5
2829 362 5
2829 11296 4
2829 583 4
2829 9070 5
2829 477 3
2829 1816 5
2829 5076 4
2830 8698 5
2830 829 5
2830 704 5
2830 309 5
2830 762 5
2831 832 1
2831 772 4
2831 739 4
2832 6220 1
2832 1999 5
2832 3668 4
2832 2083 4
2832 3306 4
2832 7939 5
2832 3033 2
2832 385 2
2832 2415 5
2832 3639 5
2832 9868 4
2832 2454 1
2832 8889 3
2832 5663 4
2832 624 5
2832 8205 5
2832 7967 4
2832 8077 5
2832 2325 3
2832 11065 2
2832 416 4
2832 408 2
2832 1140 1
2832 2879 3
2832 2469 4
2832 2890 1
2832 5874 5
2832 632 5
2832 6953 5
2832 9074 5
2832 1845 5
2832 4303 5
2832 3265 2
2832 7781 2
2832 8943 5
2832 1828 5
2832 8056 4
2832 6332 5
2832 5517 5
2832 1912 5
2832 1925 5
2832 4003 5
2832 4577 5
2832 258 5
2832 5346 5
2832 2899 3
2832 323 3
2832 759 5
2832 7256 4
2832 7234 5
2832 7854 5
2832 8669 4
2832 63 4
2832 11144 1
2832 763 5
2832 288 5
2832 312 5
2832 3254 5
2832 9756 4
2832 5228 4
2832 5615 5
2832 1896 2
2832 9201 5
2832 6641 4
2832 7832 5
2832 822 4
2832 4013 4
2832 8355 5
2832 4101 5
2832 992 4
2832 10054 5
2832 5179 5
2832 8428 5
2832 4124 5
2832 2911 5
2832 8360 5
2832 8788 5
2832 1975 5
2832 3203 5
2832 1761 1
2832 1760 2
2832 7304 5
2832 9269 2
2832 7850 5
2833 276 5
2833 313 5
2833 309 4
2834 712 4
2834 4105 4
2834 1275 4
2834 312 4
2834 1332 3
2834 276 4
2834 28 4
2834 738 4
2834 792 4
2834 323 4
2834 741 4
2834 762 4
2834 671 4
2834 104 4
2834 5202 5
2834 699 4
2834 609 4
2834 1278 4
2834 3502 5
2834 309 4
2834 1853 5
2834 2453 5
2834 8685 5
2835 9248 5
2835 1306 1
2835 4217 5
2835 832 3
2835 1318 4
2835 1240 1
2835 759 5
2835 5640 1
2835 3740 5
2835 3316 5
2835 4734 4
2835 313 5
2835 5404 4
2835 7979 4
2835 3750 1
2835 2640 5
2835 5409 5
2836 3153 5
2836 11100 4
2836 6275 4
2836 11560 4
2836 313 5
2836 7796 5
2836 3469 4
2836 8608 4
2836 1845 4
2836 8714 3
2836 4801 4
2836 3957 3
2837 7266 5
2837 4042 5
2837 3226 3
2837 6106 3
2838 8966 4
2838 780 4
2838 699 5
2838 762 4
2838 1968 5
2838 1414 3
2838 609 5
2838 1314 5
2839 1277 5
2839 372 5
2839 312 5
2839 3632 4
2839 104 5
2839 1830 4
2839 8401 5
2839 1332 5
2839 424 5
2839 1377 2
2839 2625 5
2839 8794 5
2839 1307 5
2839 11288 3
2839 8026 4
2839 10677 5
2839 1301 5
2840 11167 5
2840 5965 5
2840 5000 4
2840 6904 2
2840 1384 2
2840 8705 5
2840 8980 4
2840 5451 4
2840 7482 4
2840 3894 5
2840 2088 4
2840 4521 5
2841 276 3
2841 728 3
2841 836 3
2842 9514 5
2842 188 5
2842 684 4
2842 4818 2
2842 4115 4
2843 9317 5
2843 829 5
2843 276 5
2843 258 1
2843 9239 5
2843 712 5
2843 8662 5
2843 196 1
2843 8956 5
2843 3743 5
2843 11586 5
2843 7855 5
2843 8303 5
2843 7535 4
2844 1332 5
2844 9452 4
2844 6576 4
2844 3686 4
2844 2145 3
2844 3564 4
2844 5092 4
2844 1241 5
2844 11213 3
2844 7742 4
2844 3540 5
2844 3146 5
2844 5384 4
2844 9675 5
2844 323 5
2844 4311 5
2844 3636 5
2844 5545 5
2844 6275 5
2844 8512 5
2844 3557 5
2844 3917 5
2844 1361 4
2845 739 4
2845 258 4
2845 288 4
2845 28 4
2845 309 5
2845 8436 5
2845 866 5
2846 11407 3
2846 1467 1
2846 9602 5
2846 9301 4
2846 1994 5
2846 4712 3
2846 640 1
2846 9233 5
2846 738 5
2846 10077 5
2846 1366 5
2846 772 5
2846 9608 5
2846 570 4
2846 5677 5
2846 8809 4
2846 4152 2
2846 5758 4
2846 174 5
2846 1381 2
2846 4243 3
2846 6947 1
2846 309 4
2846 6965 4
2846 3573 4
2846 3985 4
2847 1422 5
2847 1395 5
2847 695 5
2848 8057 4
2848 2924 5
2848 727 5
2848 2683 4
2848 751 5
2848 8964 3
2848 1049 2
2848 309 5
2848 5249 4
2848 1278 5
2848 1331 5
2848 3046 4
2848 762 5
2848 113 5
2848 826 5
2848 4696 5
2848 10221 4
2848 196 2
2848 7712 4
2848 5602 2
2848 2095 4
2848 10967 4
2848 766 1
2848 753 5
2848 2655 3
2848 5548 2
2848 867 4
2848 887 3
2848 10011 5
2848 5562 3
2848 5255 2
2848 9735 4
2848 4385 3
2849 623 5
2849 9129 5
2849 934 5
2849 5679 4
2849 1952 5
2849 634 3
2849 3083 5
2849 1343 5
2849 1962 5
2849 1836 4
2849 1972 5
2849 980 5
2849 11168 5
2849 3703 5
2849 7370 5
2849 1278 5
2849 5517 5
2849 2655 3
2849 766 1
2849 1970 5
2849 1217 5
2849 1650 5
2849 740 4
2849 11298 5
2849 735 5
2849 11555 5
2849 1264 4
2849 673 5
2849 8993 3
2849 1385 5
2849 4527 5
2849 1971 5
2849 6837 5
2849 258 5
2849 832 5
2849 1761 1
2849 660 5
2849 738 5
2849 313 5
2849 712 5
2849 706 5
2849 323 5
2849 759 5
2849 792 4
2849 4099 5
2849 11175 4
2849 661 5
2849 5598 4
2849 732 5
2849 2236 4
2849 4206 5
2849 167 5
2849 710 5
2849 11353 5
2849 196 5
2849 829 5
2849 704 5
2849 741 5
2849 28 5
2849 309 5
2849 104 5
2849 276 5
2849 678 5
2849 843 5
2849 762 5
2849 288 5
2849 123 5
2849 734 5
2849 11318 4
2849 772 5
2849 1395 5
2849 739 4
2849 5574 5
2849 312 5
2849 686 4
2849 9192 5
2849 5337 5
2849 723 5
2849 4072 1
2849 1629 4
2849 5408 4
2850 1887 3
2850 7134 5
2850 1903 5
2850 10209 3
2850 313 1
2850 1395 1
2850 706 1
2850 104 1
2850 28 1
2850 673 1
2850 4827 5
2850 650 1
2850 4491 5
2850 9333 1
2850 772 1
2850 738 1
2850 757 5
2850 1981 5
2850 309 1
2850 288 5
2850 1332 5
2850 832 5
2850 276 5
2850 4933 4
2850 762 1
2850 4165 2
2850 2980 1
2850 6096 5
2851 9319 4
2851 1403 1
2851 1981 3
2851 217 3
2851 1275 5
2851 313 5
2851 1754 5
2851 5084 3
2851 6814 3
2851 164 5
2851 1682 1
2851 7652 5
2851 3526 5
2851 1902 4
2851 5233 5
2851 1332 3
2851 2634 5
2852 104 4
2852 735 4
2852 309 4
2852 4596 5
2852 4427 5
2852 4842 5
2853 607 1
2853 258 1
2853 174 2
2853 843 1
2853 766 1
2853 4206 1
2853 3687 5
2853 808 5
2853 3849 1
2853 4732 1
2853 3982 4
2853 1629 5
2853 3146 4
2853 9822 5
2854 323 3
2854 7609 2
2854 2087 4
2854 7981 5
2854 5103 5
2854 4180 4
2854 276 3
2854 762 1
2854 1727 3
2854 645 5
2854 671 3
2854 3077 2
2854 7595 4
2854 5162 5
2854 2655 3
2854 751 3
2854 1682 3
2854 829 3
2854 735 4
2854 4042 4
2854 734 5
2854 1947 4
2854 1414 3
2854 1501 4
2854 288 3
2854 4206 4
2854 4936 5
2854 313 4
2854 196 3
2854 678 2
2854 4823 4
2854 699 3
2854 309 3
2854 843 2
2854 728 1
2854 9900 5
2855 8212 3
2855 323 5
2855 678 5
2855 167 5
2855 313 5
2855 1067 3
2855 1395 5
2855 712 5
2855 8621 3
2855 10278 1
2855 1981 5
2855 1682 5
2855 1262 5
2855 4296 5
2855 9202 3
2855 4652 1
2855 258 5
2855 979 4
2855 6174 5
2855 10683 5
2855 827 5
2855 9438 4
2855 975 4
2855 5733 4
2855 6960 3
2855 5070 4
2855 4343 4
2855 6087 4
2855 785 4
2855 5891 5
2855 7338 5
2855 931 4
2855 5766 4
2855 10400 1
2855 10780 2
2856 309 3
2856 258 3
2856 4673 2
2856 7203 5
2856 4517 4
2856 4571 3
2857 735 4
2857 792 1
2857 6004 4
2857 8252 5
2857 727 4
2857 762 1
2857 1275 5
2857 8661 1
2857 2841 4
2857 1277 5
2857 258 3
2857 7741 3
2857 909 1
2857 2655 1
2857 712 3
2857 5195 5
2857 699 5
2857 7748 5
2857 673 5
2857 5757 3
2857 2420 5
2857 312 5
2857 4836 5
2857 609 3
2857 28 3
2857 9171 5
2857 11587 4
2857 704 3
2858 7372 4
2858 515 5
2858 1779 5
2858 732 5
2858 309 5
2858 1998 3
2858 9454 4
2858 1902 5
2859 3687 4
2859 3615 4
2859 1278 3
2859 258 3
2859 10527 4
2859 772 3
2859 276 3
2859 574 3
2859 843 3
2859 4549 4
2859 9543 4
2859 8463 5
2859 8464 3
2859 309 3
2859 10051 5
2859 8335 4
2859 4368 4
2859 7394 4
2859 3046 5
2859 1637 4
2859 7734 4
2859 728 3
2859 1403 1
2860 8883 5
2860 1945 5
2860 1275 1
2860 312 3
2860 8462 5
2860 728 3
2860 5018 4
2860 128 5
2860 751 2
2860 879 3
2860 1403 2
2860 1095 4
2860 3379 4
2860 4673 1
2860 2939 5
2860 5513 5
2860 3889 3
2860 360 2
2861 4553 5
2861 9961 5
2861 4122 5
2861 1981 3
2861 4768 5
2861 728 3
2861 2655 3
2861 656 3
2861 4518 5
2861 11537 5
2861 4206 3
2861 309 4
2861 1773 4
2861 1774 4
2861 695 4
2861 698 4
2861 1422 3
2861 3028 3
2862 10178 4
2862 9180 4
2862 565 3
2862 766 3
2862 2236 3
2862 4818 4
2862 2277 5
2862 10012 4
2862 11163 4
2862 8945 5
2862 8455 4
2862 2373 2
2862 4857 4
2862 4731 4
2863 313 1
2863 8572 4
2863 2629 1
2863 827 5
2863 309 1
2863 323 3
2863 4139 5
2863 4037 5
2864 762 1
2864 706 1
2864 8374 3
2864 712 1
2864 739 5
2864 1395 5
2864 772 5
2864 699 1
2864 104 5
2864 2651 5
2864 196 1
2864 276 5
2864 312 3
2864 1278 3
2864 258 3
2864 741 5
2864 313 5
2864 4448 5
2864 757 5
2864 1408 5
2864 728 3
2865 832 4
2865 780 5
2865 10208 5
2865 312 5
2865 4078 4
2865 173 4
2865 8004 4
2865 9641 5
2865 3146 5
2865 3146 5
2865 9485 5
2865 1939 5
2865 1395 3
2865 196 3
2865 738 3
2865 706 3
2865 1314 5
2865 792 4
2865 6782 5
2865 3533 5
2865 313 3
2865 4949 5
2865 276 3
2865 6752 3
2865 9143 4
2865 6081 5
2865 323 3
2865 762 4
2865 712 3
2865 710 3
2865 732 3
2865 739 5
2865 1774 4
2865 610 3
2865 3977 4
2865 3270 5
2865 1991 5
2865 2461 5
2866 3982 5
2866 2395 4
2866 211 4
2866 3123 4
2866 1773 4
2866 9961 5
2866 9920 1
2866 9023 5
2866 2352 4
2867 7063 5
2867 276 1
2867 6747 4
2867 5642 3
2867 5067 3
2867 3359 1
2868 11353 5
2868 8590 5
2868 3556 5
2868 9818 5
2868 2582 4
2868 4792 5
2868 3846 5
2868 4952 5
2868 4027 4
2868 9625 4
2868 9270 2
2868 4243 4
2868 4080 4
2868 7246 4
2868 3567 5
2868 2936 3
2869 673 3
2869 4555 4
2869 323 3
2869 433 4
2869 2753 5
2869 2633 5
2869 7516 5
2869 11265 3
2869 9914 5
2869 4913 4
2869 11527 5
2869 3854 5
2869 11103 5
2869 829 5
2869 2552 4
2869 2236 3
2869 2576 3
2869 6947 3
2869 104 5
2869 4523 5
2869 4818 3
2869 4548 3
2869 762 3
2869 1142 5
2869 1154 1
2869 196 3
2869 843 5
2869 4375 4
2869 669 3
2869 702 5
2869 4781 5
2869 312 5
2869 712 5
2869 837 5
2869 4654 4
2869 714 4
2869 4075 5
2869 5119 5
2869 2832 4
2869 9584 1
2869 2461 5
2869 4793 2
2869 5038 5
2869 772 3
2869 4841 5
2869 4611 1
2869 4845 4
2869 7492 4
2869 2230 5
2869 5212 5
2869 11040 4
2869 9178 5
2869 832 5
2869 807 2
2869 756 3
2869 2244 5
2869 8346 3
2869 1998 1
2869 4465 4
2869 474 4
2869 6075 5
2869 3064 4
2869 11542 5
2869 3837 1
2869 9181 4
2869 9470 4
2869 8380 5
2870 227 5
2870 289 4
2870 8871 4
2870 3174 5
2870 2463 4
2870 2433 4
2870 5332 5
2870 1720 4
2870 4694 4
2870 3575 4
2870 10252 4
2871 9311 4
2871 4931 5
2871 4332 5
2871 3466 4
2871 7868 5
2871 2044 4
2871 6457 5
2871 4228 5
2871 4133 4
2871 3516 4
2871 9571 4
2871 273 3
2871 9244 4
2871 1699 5
2871 7864 4
2871 8281 4
2871 8665 4
2871 10193 4
2871 9801 3
2871 5934 4
2871 4865 5
2871 7788 4
2871 9508 3
2872 6843 5
2872 2540 5
2872 1597 5
2872 3409 5
2872 5752 5
2872 5878 3
2872 7345 5
2872 8357 1
2872 6189 5
2872 7258 5
2872 1984 1
2872 7133 5
2872 3176 4
2872 3174 5
2872 6874 5
2872 1741 5
2872 2280 1
2872 288 3
2872 11315 5
2872 1403 1
2872 1506 5
2872 4215 4
2872 196 5
2872 5975 1
2872 4161 4
2872 4598 4
2872 4779 2
2872 3488 4
2872 3449 4
2872 2655 3
2872 3932 4
2872 11554 2
2872 9529 4
2873 104 4
2873 312 5
2873 1959 5
2873 309 4
2873 4976 3
2873 7148 5
2873 3420 5
2874 889 1
2874 1988 5
2874 8599 2
2874 196 5
2874 3985 4
2874 7449 4
2874 4800 3
2874 2495 4
2874 276 5
2874 8896 5
2874 217 5
2874 843 5
2874 706 2
2874 891 5
2874 5068 4
2874 864 5
2874 1278 3
2874 4133 4
2874 5790 1
2874 94 3
2874 3216 3
2874 1385 5
2874 11588 5
2874 7601 5
2874 1415 1
2874 1982 3
2874 2702 2
2874 4726 5
2874 2551 5
2874 309 5
2874 1395 5
2874 1408 5
2874 3000 5
2874 493 2
2874 182 5
2874 9606 4
2874 1403 2
2874 714 4
2874 9786 2
2875 1501 5
2875 699 5
2875 258 5
2875 741 5
2875 671 5
2875 174 5
2875 313 5
2875 1981 5
2875 5349 5
2875 610 5
2875 196 5
2875 288 5
2875 739 5
2875 217 5
2875 1278 5
2875 4755 5
2875 2939 5
2875 762 5
2875 312 5
2875 211 5
2875 706 5
2875 323 5
2875 4994 5
2875 276 5
2875 10327 5
2875 5031 4
2875 28 5
2875 1359 5
2875 3720 5
2875 9387 5
2875 4393 5
2875 4014 3
2875 1290 5
2875 1403 1
2875 4465 5
2875 11077 5
2875 10397 5
2875 845 5
2875 4676 5
2876 3166 5
2876 8417 5
2876 832 4
2876 698 4
2876 699 5
2876 1301 3
2876 10209 5
2876 660 3
2876 3203 5
2876 762 4
2876 1277 4
2876 732 5
2876 579 4
2876 741 3
2876 323 4
2876 728 3
2876 4821 5
2876 477 2
2876 9155 4
2876 694 5
2876 739 3
2876 2966 5
2876 792 4
2876 3831 5
2876 217 5
2876 365 2
2876 1278 5
2876 712 4
2876 704 5
2876 10135 5
2876 8737 5
2876 278 1
2876 4533 5
2876 1357 4
2877 1901 4
2877 2932 3
2877 211 5
2877 9371 5
2877 1003 4
2877 309 4
2877 5766 4
2877 4156 4
2877 2926 3
2878 4117 5
2878 7082 4
2878 6904 1
2878 9407 5
2878 11589 3
2878 8787 4
2878 309 5
2878 313 5
2878 6834 4
2878 3322 5
2878 7791 5
2878 4090 4
2878 5266 2
2878 2832 4
2879 5864 5
2879 844 5
2879 3886 5
2879 3024 3
2879 5083 5
2879 5226 3
2879 5445 5
2879 1458 5
2879 10647 4
2879 829 2
2879 1423 1
2880 798 4
2880 6297 5
2880 4800 5
2880 3464 5
2880 5753 5
2880 9515 4
2880 4970 4
2880 5823 5
2880 4688 5
2880 710 3
2880 5350 5
2880 699 5
2880 837 5
2880 3351 4
2880 5004 4
2880 8511 5
2880 5793 5
2880 309 4
2880 6093 5
2880 254 5
2880 6982 5
2880 5349 5
2880 4956 2
2880 11351 5
2880 3354 5
2881 1945 2
2881 829 3
2881 798 3
2881 805 5
2881 154 5
2881 712 3
2881 739 1
2881 7197 5
2881 4907 5
2881 7259 2
2881 309 1
2881 832 5
2881 771 2
2881 5041 5
2881 323 5
2881 3516 5
2881 2230 5
2881 6049 5
2881 5768 3
2881 2701 5
2881 7834 4
2881 6516 5
2881 10507 5
2881 3515 5
2881 5868 4
2882 276 3
2882 182 4
2882 1648 4
2882 8428 4
2882 1219 2
2882 900 3
2882 8882 3
2882 174 4
2882 609 3
2882 196 3
2882 323 3
2882 7992 4
2882 2966 5
2882 728 3
2882 251 4
2882 1278 5
2882 712 3
2882 3993 5
2882 669 5
2882 6882 4
2882 934 4
2882 9624 5
2882 5781 4
2882 3093 4
2882 11251 5
2882 1260 1
2882 8668 3
2882 3150 3
2882 886 3
2882 1275 2
2882 7147 4
2882 1414 1
2882 1682 4
2882 8672 5
2882 1408 5
2882 1660 3
2882 179 5
2882 8447 5
2882 305 3
2882 4726 4
2882 4892 5
2883 309 4
2883 829 5
2883 5002 5
2883 8484 5
2884 363 4
2884 10635 4
2884 4542 3
2884 4641 4
2884 10076 4
2884 2730 4
2884 1377 5
2884 4384 3
2884 10620 4
2885 10372 5
2885 704 4
2885 755 5
2885 997 5
2885 5452 5
2885 7205 5
2885 689 4
2885 1275 1
2885 3354 2
2885 650 5
2885 196 5
2885 762 5
2885 732 5
2885 104 4
2885 3659 5
2885 1278 5
2885 4196 5
2885 1395 1
2885 276 4
2885 3985 2
2885 3969 5
2885 11287 5
2885 278 5
2885 28 5
2885 1274 5
2885 312 1
2885 313 5
2885 4093 5
2885 738 5
2885 4758 1
2885 3963 5
2885 1884 1
2885 739 4
2885 7357 5
2885 10636 5
2885 810 4
2885 1332 5
2885 8515 5
2885 2655 5
2885 3450 1
2885 9013 5
2885 9174 5
2886 7163 4
2886 5779 5
2886 10270 5
2886 740 4
2886 710 5
2886 309 5
2886 9411 5
2886 323 5
2886 4617 5
2886 313 1
2886 312 4
2886 2244 5
2886 3715 5
2886 1084 5
2886 7203 4
2886 979 3
2886 10360 5
2886 6193 4
2886 5228 4
2886 1067 4
2886 904 4
2886 11208 5
2886 8313 4
2886 10361 5
2886 1995 4
2886 4210 4
2886 2590 5
2886 3855 5
2886 5127 4
2886 5226 4
2886 1043 5
2886 10027 4
2886 1329 4
2886 4787 5
2886 5833 1
2886 11340 5
2886 934 5
2886 9935 5
2886 9200 5
2886 7511 5
2886 11418 3
2886 1470 4
2886 906 4
2886 5080 5
2886 1097 5
2886 11219 4
2886 5377 5
2886 1083 5
2886 955 5
2886 11448 5
2886 1959 4
2886 8830 3
2886 1469 3
2886 1349 4
2886 6096 5
2887 9472 4
2887 4396 4
2887 5091 5
2887 6665 5
2887 4873 2
2887 312 5
2887 7454 3
2887 5018 5
2887 5820 5
2887 813 5
2887 2088 5
2887 2980 5
2887 1939 5
2887 1360 3
2887 1352 5
2887 10190 4
2887 309 5
2887 8152 5
2887 2678 4
2888 4798 4
2888 288 4
2888 3963 1
2888 732 5
2888 11410 2
2888 104 1
2888 10356 4
2888 8666 5
2888 2728 4
2888 1274 5
2888 5701 4
2888 10874 5
2888 4409 2
2888 8437 4
2889 710 3
2889 11590 5
2889 312 3
2889 258 3
2889 309 3
2889 9685 3
2889 843 4
2889 9371 3
2889 5703 5
2889 3000 5
2889 5337 5
2889 8091 5
2890 312 5
2890 9281 4
2890 2975 5
2890 710 4
2890 5404 4
2890 741 5
2890 28 5
2890 323 3
2890 309 5
2890 9944 4
2890 305 5
2890 2506 4
2890 3465 4
2890 11202 4
2890 4967 5
2891 1774 3
2891 9333 1
2891 727 4
2891 712 3
2891 728 4
2891 9496 5
2891 5181 5
2891 8808 5
2892 7927 5
2892 5378 5
2892 10133 4
2892 2338 4
2892 11537 5
2892 313 5
2892 738 5
2892 900 5
2892 1301 5
2892 9861 5
2892 196 5
2892 5510 4
2892 2898 5
2892 4040 4
2892 4552 5
2892 1331 5
2892 5204 3
2892 11182 4
2892 104 5
2892 829 5
2892 3089 5
2892 4686 4
2892 4215 5
2892 278 5
2892 5203 4
2892 1277 5
2892 9709 5
2892 908 4
2892 2935 5
2892 735 3
2892 4758 1
2892 734 5
2892 728 2
2892 3488 4
2892 3457 4
2892 10103 5
2892 759 3
2892 9432 3
2892 7526 5
2892 772 3
2892 5092 4
2892 535 5
2892 3494 5
2892 4900 4
2892 7469 5
2892 2158 5
2892 10572 5
2892 4996 5
2892 4187 5
2892 4105 5
2892 7446 5
2892 4427 5
2892 1380 4
2892 808 4
2892 296 5
2892 710 3
2892 10974 4
2892 8596 5
2892 4135 5
2892 5924 5
2892 28 4
2892 766 5
2892 69 4
2892 3843 5
2892 712 4
2892 158 4
2892 855 5
2892 706 3
2892 1395 5
2892 6696 5
2892 5879 5
2892 3082 4
2892 5556 5
2892 5837 5
2892 9127 4
2892 1262 5
2892 11086 5
2892 1583 3
2892 6139 5
2892 3323 5
2892 230 5
2892 792 5
2892 5036 4
2892 832 3
2892 288 3
2892 4883 5
2892 773 5
2892 2257 5
2892 3645 5
2892 258 3
2892 20 5
2892 2908 5
2892 9487 5
2892 7254 3
2892 9381 5
2892 8260 5
2892 320 4
2892 842 5
2892 1728 4
2892 2111 5
2892 4079 5
2892 2144 5
2892 323 4
2892 4723 4
2892 211 3
2892 7578 5
2892 3556 5
2892 276 5
2892 312 5
2892 6059 3
2892 4317 5
2892 1642 5
2892 6283 5
2892 762 1
2892 7556 4
2892 3000 5
2892 843 1
2892 4103 4
2892 5912 5
2892 1998 5
2892 5992 5
2893 5235 5
2893 2935 4
2893 2724 5
2894 832 1
2894 2194 5
2894 3916 5
2894 622 4
2894 2168 4
2894 6543 4
2894 276 3
2894 683 4
2894 1986 2
2894 524 4
2894 312 3
2894 706 2
2894 104 1
2894 28 2
2894 4007 4
2894 258 4
2894 739 1
2894 762 1
2894 757 2
2894 313 1
2895 8255 4
2895 211 3
2895 732 3
2895 699 3
2895 728 2
2895 2461 5
2895 7561 4
2895 5154 4
2895 10489 2
2895 309 5
2895 766 5
2895 1401 3
2895 311 5
2895 5629 5
2895 751 5
2895 1415 3
2895 5867 5
2895 7938 4
2895 1637 4
2896 704 5
2896 211 5
2896 734 5
2896 5240 1
2896 762 5
2896 2939 5
2896 8133 4
2896 717 5
2896 3315 4
2896 3682 5
2896 309 5
2896 309 5
2896 1921 2
2896 3445 4
2896 931 4
2896 4203 4
2896 8963 5
2897 739 5
2897 323 4
2897 4078 5
2897 734 5
2897 1395 5
2897 8199 5
2897 4105 5
2897 4193 5
2897 309 5
2897 4098 1
2897 276 3
2897 313 4
2897 1352 5
2897 1332 5
2897 104 4
2897 1325 4
2897 258 4
2897 312 4
2897 211 3
2897 728 3
2897 3450 4
2898 5785 3
2898 309 5
2898 728 3
2898 704 5
2898 712 5
2898 5035 4
2898 1320 4
2898 7608 2
2898 762 5
2898 843 5
2898 1414 1
2898 3344 4
2898 9185 5
2898 1352 5
2898 7907 4
2898 5087 2
2898 1049 4
2899 740 4
2899 10119 4
2899 278 4
2899 706 4
2899 927 5
2899 4886 4
2899 843 4
2899 309 4
2899 309 4
2899 726 4
2899 1939 5
2899 728 5
2899 211 5
2899 8965 5
2900 759 5
2900 4464 5
2900 10050 4
2900 9546 4
2900 10376 5
2900 699 5
2900 9982 5
2900 740 5
2900 258 4
2900 3020 4
2900 732 5
2900 9961 5
2900 3105 4
2900 309 3
2900 3457 4
2900 10204 5
2900 211 1
2900 4844 5
2900 10243 4
2900 2655 1
2900 74 4
2900 5488 4
2900 757 5
2900 870 4
2900 5027 5
2900 6644 2
2900 722 5
2900 10374 5
2900 2265 2
2900 766 4
2900 196 5
2900 723 5
2900 323 4
2900 5608 5
2900 2582 3
2900 7373 4
2900 3895 5
2900 762 1
2900 3046 4
2900 837 5
2900 8337 3
2900 739 5
2900 712 5
2900 843 5
2900 312 5
2900 288 1
2900 3126 5
2900 5637 2
2900 4872 5
2900 10355 5
2900 4599 5
2900 4874 3
2900 9637 5
2901 7918 4
2901 7173 4
2901 11483 3
2901 211 5
2901 1419 4
2901 1423 4
2901 1418 4
2901 913 4
2901 1409 4
2901 1332 4
2901 3450 4
2901 4833 2
2901 3942 5
2901 889 5
2901 899 5
2901 764 5
2902 5973 5
2902 3549 5
2902 2976 5
2902 697 1
2902 6718 3
2902 8514 5
2902 6666 4
2902 9405 1
2902 3359 2
2902 759 5
2902 184 5
2902 11167 5
2902 4149 5
2902 5612 4
2902 710 5
2902 1950 5
2902 3022 5
2902 4717 5
2902 3627 5
2902 258 1
2902 196 5
2902 104 5
2902 3335 5
2902 9787 5
2902 5808 5
2902 11317 5
2902 7519 5
2902 4170 5
2902 323 1
2902 5477 5
2902 10566 5
2902 1870 5
2902 7773 5
2902 997 5
2903 3260 5
2903 680 5
2903 7205 5
2903 1988 5
2903 1912 5
2903 9964 5
2903 1278 4
2903 1607 1
2903 2929 1
2903 7594 5
2903 3017 5
2903 10514 2
2903 3561 5
2903 5000 5
2903 832 3
2903 7072 5
2903 1403 2
2903 1896 5
2903 305 3
2903 7842 4
2903 309 3
2903 313 3
2903 276 4
2903 10636 5
2903 752 5
2903 323 5
2903 4236 4
2903 3085 4
2903 6385 5
2903 7498 3
2904 7999 4
2904 5504 2
2904 7269 3
2904 1406 2
2904 772 5
2904 1332 3
2904 8880 4
2904 6590 5
2904 258 1
2904 7761 4
2904 836 1
2904 1966 5
2904 288 3
2904 2858 4
2904 3271 4
2904 673 5
2904 4229 2
2904 182 4
2904 3607 2
2904 9227 5
2904 4393 4
2904 960 4
2904 196 1
2904 4385 3
2904 5419 5
2904 2970 4
2904 10556 5
2904 278 1
2904 4596 5
2904 1944 1
2904 11379 4
2904 4105 5
2904 10970 4
2904 712 2
2904 5648 5
2904 5425 4
2904 9982 4
2904 738 5
2904 780 5
2904 3326 4
2904 3909 4
2905 712 5
2905 739 5
2905 2737 1
2905 734 5
2905 4251 5
2905 1263 5
2905 288 5
2905 1275 2
2905 832 5
2905 713 5
2905 323 5
2905 211 5
2905 312 5
2905 1982 5
2905 1313 5
2905 5418 5
2905 258 5
2905 164 5
2905 9279 5
2905 10263 5
2905 2686 5
2905 3828 5
2905 3267 5
2906 7206 5
2906 674 5
2906 100 4
2906 853 5
2906 4548 4
2906 754 5
2906 648 4
2906 3088 5
2906 1984 5
2906 843 5
2906 678 5
2906 6575 5
2906 889 1
2906 3146 5
2906 9464 5
2906 686 4
2906 712 5
2906 3979 5
2906 2996 5
2906 832 4
2906 9551 5
2906 7751 4
2906 28 5
2906 698 5
2906 759 5
2906 2932 3
2906 738 5
2906 1278 2
2906 8847 5
2906 773 2
2906 829 5
2906 728 5
2906 276 5
2906 6253 5
2906 309 5
2906 3358 4
2906 4595 5
2906 2655 1
2906 312 5
2906 3313 3
2906 722 5
2906 8641 5
2906 4884 5
2906 5262 2
2906 10331 5
2906 4294 5
2906 4394 4
2906 2095 4
2906 8146 4
2906 9201 5
2907 8436 4
2907 4029 5
2907 2701 5
2907 2669 4
2907 5591 5
2907 313 1
2907 258 3
2907 1408 4
2907 5592 5
2907 1033 5
2907 8526 5
2908 704 4
2908 1501 5
2908 832 5
2908 762 5
2908 211 5
2908 3123 5
2908 795 5
2908 312 5
2908 1629 5
2908 728 5
2908 4087 5
2908 9766 5
2908 1403 1
2908 4467 5
2908 10448 5
2908 2745 5
2908 3125 5
2908 827 2
2908 4558 4
2909 278 1
2909 1944 5
2909 741 3
2909 948 4
2910 7114 5
2910 1530 5
2910 7 4
2910 6299 5
2910 3009 5
2910 1929 5
2910 7723 1
2910 7755 5
2910 22 4
2910 1536 3
2910 5639 5
2910 6250 5
2910 5899 5
2910 7432 5
2910 9 5
2910 2023 5
2910 4799 5
2910 4872 5
2910 7648 5
2910 6179 5
2910 7736 4
2911 8990 5
2911 2004 5
2911 2014 5
2911 7183 5
2911 5737 2
2911 10111 4
2911 5886 5
2911 7963 4
2911 10708 5
2911 2059 1
2911 7219 5
2911 5866 5
2911 3869 5
2911 1218 4
2911 3876 5
2912 6469 5
2912 5895 4
2912 6172 5
2912 7064 5
2912 32 5
2912 3266 5
2912 8042 5
2912 3399 3
2912 8397 4
2912 3104 5
2912 8903 2
2912 6170 5
2912 6256 4
2912 6310 4
2912 6808 5
2912 6241 5
2912 2 5
2912 6350 5
2912 6473 4
2912 2984 4
2912 6482 5
2913 1933 3
2913 8536 1
2913 4689 4
2913 5181 4
2913 1382 5
2913 555 5
2913 7981 5
2913 3472 4
2913 8995 2
2913 2048 5
2913 8036 3
2913 3216 1
2913 8928 5
2913 5004 5
2913 9374 1
2913 450 4
2913 5162 5
2913 8352 4
2913 6711 5
2913 7095 3
2913 7949 4
2913 7217 5
2913 7021 5
2913 2785 4
2913 4907 5
2913 2055 5
2913 7742 5
2913 7227 4
2913 790 4
2913 7699 4
2913 512 4
2913 7359 5
2913 7847 3
2913 6567 3
2913 7621 3
2913 7088 5
2913 7670 4
2913 6072 3
2913 7956 5
2913 2054 5
2913 8622 5
2913 480 5
2913 315 5
2913 834 2
2913 9836 5
2913 6017 5
2913 3044 5
2913 7123 4
2913 7593 5
2913 7218 4
2913 5534 5
2913 520 4
2913 5094 5
2913 1867 5
2913 10164 3
2913 8123 4
2913 9008 4
2913 8016 4
2913 5090 4
2913 3990 4
2913 2773 5
2913 7814 1
2913 4512 5
2913 1138 3
2913 2129 4
2913 6738 5
2913 2377 2
2913 7835 2
2913 7595 4
2913 2056 5
2913 7102 4
2913 2132 5
2913 2119 5
2913 6058 2
2913 2069 3
2913 9580 5
2913 6046 4
2913 649 2
2913 6135 5
2913 8116 3
2913 6977 3
2914 9836 5
2914 7359 3
2914 1788 5
2914 6849 5
2914 5892 5
2914 7116 5
2914 6300 5
2914 7813 5
2914 2030 3
2914 6287 5
2914 2780 5
2914 6340 1
2914 7089 4
2914 3365 5
2914 2088 5
2914 7079 5
2914 7204 5
2914 10311 4
2914 2199 5
2914 5863 5
2914 6733 4
2914 7989 5
2914 7763 2
2914 809 5
2914 3452 5
2914 6338 3
2914 7988 5
2914 7090 1
2914 7609 4
2914 7793 5
2914 4498 4
2914 5103 5
2914 4470 5
2914 7815 2
2914 7610 3
2914 2823 5
2914 2817 5
2914 2054 5
2914 2034 5
2914 4936 5
2914 6516 3
2914 3510 5
2914 2996 5
2914 7080 3
2914 7699 4
2914 6330 2
2914 2785 5
2914 2035 1
2914 6305 5
2914 7061 5
2914 2777 5
2914 864 5
2914 10362 1
2914 2784 5
2914 7103 5
2914 2547 5
2914 7530 5
2914 7315 5
2915 309 5
2915 1561 5
2915 1278 4
2915 2592 5
2915 2066 5
2915 8438 5
2915 8140 5
2915 8823 5
2915 7127 4
2915 4788 1
2915 974 2
2915 6910 5
2915 1581 1
2915 1226 4
2915 7105 3
2915 6432 4
2915 7014 5
2916 1226 4
2916 3955 2
2916 1067 4
2917 1066 3
2917 6880 4
2917 3353 5
2917 6359 4
2918 5789 4
2918 7793 3
2918 1864 5
2918 604 5
2918 1695 5
2918 6217 5
2918 2765 3
2918 5900 5
2918 2232 1
2918 9875 3
2918 7221 5
2919 1819 5
2919 5941 5
2919 3006 3
2919 7270 4
2919 6754 5
2919 8016 4
2919 5963 5
2919 9647 4
2919 3639 4
2919 199 5
2919 9046 5
2919 2048 5
2919 4469 4
2919 1822 5
2920 9010 5
2920 1771 4
2920 960 4
2920 1034 5
2920 1867 4
2920 6123 3
2920 8011 4
2920 9199 5
2920 7455 4
2920 216 3
2920 6251 4
2920 109 4
2920 188 5
2920 6924 3
2920 2846 4
2920 1477 5
2920 6376 4
2920 6978 5
2920 8678 5
2920 6005 4
2920 198 5
2920 4075 5
2921 2325 4
2921 6327 4
2921 462 5
2921 6729 3
2921 2407 4
2921 2202 2
2921 6637 4
2921 7258 5
2921 2191 3
2921 6554 5
2921 2268 4
2921 2309 4
2921 3033 4
2921 2246 4
2921 8590 5
2921 2531 5
2921 1696 3
2921 2540 5
2921 2316 3
2921 6677 3
2921 6223 5
2921 4482 4
2921 2303 4
2921 1926 4
2921 4207 5
2921 5761 5
2921 1888 5
2921 7197 5
2921 7221 5
2921 11591 4
2921 3677 5
2921 1173 4
2921 1141 3
2921 1193 5
2921 2336 5
2921 5746 5
2921 418 4
2921 8776 5
2921 2525 5
2921 11552 5
2921 2541 4
2921 3681 5
2921 7011 5
2921 11592 4
2922 1109 4
2922 1314 5
2922 6107 4
2922 6349 5
2922 699 4
2922 1673 4
2922 6565 4
2922 7825 4
2922 8077 5
2922 3246 2
2922 3406 4
2922 2267 4
2922 1125 4
2922 9810 2
2922 441 3
2922 2354 4
2922 8691 3
2922 7405 4
2922 2871 3
2922 1174 4
2922 11337 4
2922 6718 5
2922 385 3
2922 3185 5
2922 6311 4
2922 6952 3
2922 3046 5
2922 3687 5
2922 3064 4
2922 1209 4
2922 1594 2
2922 3205 4
2922 632 4
2922 8411 1
2922 4093 2
2923 5971 4
2923 7967 4
2923 5722 4
2923 447 5
2923 2070 4
2923 7378 4
2923 2544 5
2923 3460 4
2923 1132 4
2923 2331 3
2923 4357 5
2923 9521 5
2923 534 4
2923 1122 4
2923 6869 4
2923 2069 4
2923 6045 3
2923 7400 4
2923 147 4
2923 2009 5
2923 2383 5
2923 3093 3
2923 3172 5
2923 5900 5
2923 4508 4
2923 6890 4
2923 2494 5
2923 4805 4
2923 7044 5
2923 6689 4
2923 5325 4
2923 2872 5
2923 2940 5
2923 7433 3
2923 6812 4
2923 4303 5
2923 4391 4
2923 182 5
2923 2959 4
2923 7042 5
2923 3303 4
2923 8387 4
2923 1579 5
2923 6748 4
2923 1519 4
2923 9879 4
2923 8685 2
2923 4746 4
2923 7130 3
2923 5860 5
2923 10162 5
2923 5926 4
2923 2822 4
2923 7125 4
2923 4199 3
2923 4291 4
2923 9521 4
2923 9643 4
2923 7120 1
2923 7361 5
2923 6097 4
2923 6516 4
2923 7424 4
2923 5673 4
2923 3219 5
2923 2818 3
2923 2491 4
2923 7252 4
2923 4093 4
2923 1832 4
2923 342 4
2923 7658 2
2923 7623 4
2923 2032 4
2923 6848 4
2923 3691 2
2923 5944 4
2923 5522 4
2923 2120 4
2923 3639 2
2923 4416 4
2924 934 5
2924 405 4
2924 8911 5
2924 2436 4
2924 6375 5
2925 7811 5
2925 4729 5
2925 1049 5
2925 240 4
2925 3435 5
2925 919 5
2925 1573 5
2925 3606 5
2925 974 4
2925 5603 5
2925 199 4
2925 7122 4
2925 1634 1
2925 6070 5
2925 8771 5
2925 2372 5
2925 222 5
2925 954 5
2925 632 3
2925 6506 5
2925 4131 5
2925 1591 5
2925 4427 5
2925 1597 5
2925 2592 5
2925 4828 5
2925 5149 5
2925 7241 5
2925 4574 5
2925 3279 5
2925 7639 5
2925 768 5
2925 5926 5
2925 5248 5
2926 4834 4
2926 2616 5
2926 2749 4
2926 5984 4
2926 5946 4
2926 2547 5
2926 8918 4
2926 2639 5
2927 2069 5
2927 1592 5
2927 6804 4
2927 8554 3
2927 7252 4
2927 6351 4
2927 4326 5
2927 7907 4
2928 7674 4
2928 7783 5
2928 1537 5
2928 11519 2
2928 632 5
2928 3266 4
2928 4359 5
2928 992 4
2928 7786 2
2928 1789 5
2928 1215 5
2928 5903 5
2928 190 5
2928 5730 4
2928 4511 3
2928 258 5
2928 4357 5
2928 6645 3
2928 979 5
2928 2061 3
2928 6836 5
2928 8089 5
2928 1916 4
2928 2066 5
2928 467 5
2928 2254 5
2928 6746 5
2928 2655 5
2928 2438 5
2928 934 4
2928 4929 5
2928 7320 5
2928 6739 5
2928 8163 5
2928 7176 4
2928 2034 4
2928 7628 4
2928 2065 4
2928 642 4
2928 3578 5
2928 8554 5
2928 4441 2
2928 5905 5
2928 6539 5
2928 7169 5
2928 109 5
2928 5876 4
2928 2781 3
2929 8628 5
2929 188 4
2929 115 5
2929 3544 4
2929 1867 5
2930 6280 3
2930 16 1
2930 7692 5
2930 10214 4
2930 180 4
2930 2438 5
2930 7606 5
2930 1 4
2930 2409 4
2930 7783 4
2930 6404 5
2930 8769 5
2930 10159 2
2930 5418 1
2930 695 5
2930 4127 5
2930 1693 5
2930 10724 5
2930 7173 5
2930 11519 2
2930 8600 5
2930 5951 4
2930 3463 5
2930 5960 3
2930 7555 4
2930 323 5
2930 1561 5
2930 7174 5
2930 6238 4
2930 6036 4
2930 6506 1
2930 1029 5
2930 2204 2
2930 6761 4
2930 7783 4
2930 7674 5
2930 2009 5
2930 4187 5
2930 2319 5
2930 7787 2
2930 3639 2
2930 2846 5
2930 6766 5
2930 1827 3
2930 6250 4
2930 11179 3
2930 1789 5
2930 163 5
2930 8012 5
2930 7179 5
2930 5998 1
2930 4864 5
2930 7181 3
2930 7286 4
2930 281 1
2930 6289 5
2930 2317 2
2930 6989 2
2930 5248 4
2930 1275 1
2930 8089 5
2930 8251 5
2930 7759 2
2930 1916 5
2930 699 3
2930 992 4
2930 1851 4
2930 2208 2
2930 7169 5
2930 5962 5
2930 7317 5
2930 623 5
2930 2034 5
2930 6687 5
2930 2066 5
2930 6836 4
2930 4442 5
2930 8200 4
2930 7326 5
2930 6114 5
2930 1868 3
2930 632 4
2930 7176 4
2930 1850 4
2930 7175 4
2930 7320 4
2930 6805 4
2930 6754 5
2930 2781 4
2930 8413 5
2930 7786 3
2930 8841 4
2930 1595 4
2930 8177 5
2930 4468 5
2930 6804 4
2930 4929 5
2930 5901 3
2930 3066 4
2930 309 3
2930 1960 2
2930 6385 2
2930 4296 5
2930 8773 5
2931 11214 3
2931 7187 5
2931 5679 5
2931 8418 3
2931 7012 5
2932 2791 3
2932 6017 5
2932 1698 3
2932 1756 4
2932 609 5
2932 6381 5
2932 8547 5
2932 90 3
2932 6914 4
2932 6042 3
2932 1565 4
2932 18 2
2932 6621 5
2932 1274 4
2932 7777 5
2932 3482 3
2932 6115 4
2932 2217 5
2932 95 4
2932 6433 3
2932 1648 5
2932 416 2
2932 4791 4
2932 1787 3
2932 2346 5
2932 2155 4
2932 8019 5
2932 2430 4
2932 3303 5
2932 5926 4
2932 103 3
2932 4433 5
2932 76 5
2932 197 4
2932 2114 3
2932 7928 3
2932 7656 3
2932 1229 2
2932 2044 4
2932 8002 3
2932 6768 5
2932 4478 5
2932 1134 3
2932 150 4
2932 1664 4
2932 1749 5
2932 1687 4
2932 1886 5
2932 7408 5
2932 1278 5
2932 571 3
2932 7726 5
2932 932 5
2932 115 4
2932 6033 5
2932 1659 4
2932 385 3
2932 1738 3
2932 2959 4
2932 2252 5
2932 249 5
2932 9713 5
2932 3395 5
2932 4357 5
2932 2029 5
2932 4346 5
2932 8557 4
2932 1635 5
2932 5697 5
2932 287 5
2932 5790 1
2932 1743 4
2932 7049 4
2932 1049 5
2932 9205 5
2932 6062 5
2932 3436 3
2932 11211 5
2932 241 5
2932 4500 5
2932 4883 4
2932 1393 5
2932 610 5
2932 1275 4
2932 4880 3
2932 2947 4
2932 280 4
2932 251 4
2932 1408 4
2932 309 3
2932 87 3
2932 2122 3
2932 8067 4
2932 4320 5
2932 8157 5
2932 198 5
2932 6878 5
2932 3964 5
2932 2158 5
2932 105 5
2932 7433 5
2932 8784 4
2932 2135 3
2932 1712 4
2932 1745 5
2932 8378 5
2932 1639 5
2932 2129 4
2932 5000 5
2932 225 2
2933 8438 3
2933 6820 5
2933 11593 4
2934 6337 4
2934 6180 3
2934 593 4
2934 7680 5
2934 1 4
2934 1113 4
2934 4666 5
2934 6341 5
2934 6659 4
2934 6637 3
2934 1902 4
2934 8050 4
2934 604 5
2934 8214 5
2934 3108 4
2934 3692 5
2934 6744 3
2934 3661 5
2934 1564 4
2934 8338 2
2934 6430 4
2934 6011 4
2934 392 4
2934 2479 4
2934 5958 2
2934 8337 1
2934 8336 4
2934 6027 3
2934 2313 4
2934 3517 2
2934 1621 3
2934 2765 2
2934 359 5
2934 8558 3
2934 4508 4
2934 1498 3
2934 2072 3
2934 6431 4
2934 465 4
2934 7960 2
2934 2307 4
2934 9868 3
2934 4019 4
2934 1312 4
2934 2235 4
2934 497 4
2934 2694 4
2934 375 3
2934 7873 3
2934 419 4
2934 2376 5
2934 5085 2
2934 1833 5
2934 1574 4
2934 2273 3
2934 9066 3
2934 2597 3
2934 1449 5
2934 7967 3
2934 2584 3
2934 3386 3
2934 6779 3
2934 1247 2
2934 426 3
2934 1229 5
2934 2558 4
2934 1353 3
2934 3778 3
2934 4156 4
2934 500 4
2934 3834 5
2934 2517 2
2934 4359 4
2934 3384 3
2934 2418 4
2934 9894 3
2934 408 3
2934 2554 4
2934 499 3
2934 2348 5
2934 1088 5
2934 2681 4
2934 9390 5
2934 2320 4
2934 2323 3
2934 401 4
2934 1509 4
2934 1122 4
2934 2267 1
2934 2482 3
2934 343 3
2934 6602 4
2934 1239 4
2934 1135 2
2934 1141 2
2934 2080 4
2934 341 4
2934 1210 4
2934 8642 5
2934 4508 3
2934 6809 4
2934 4268 4
2934 2420 4
2934 2295 4
2934 8313 5
2934 331 2
2934 471 2
2934 1637 3
2934 3655 4
2934 363 4
2934 826 4
2934 4022 5
2934 3806 5
2934 3808 5
2934 624 3
2934 3267 4
2934 2126 4
2934 2311 2
2934 571 5
2934 1119 2
2934 6759 4
2934 3035 3
2934 2545 3
2934 1631 4
2934 1792 4
2934 11528 5
2934 3451 4
2934 1167 3
2934 2084 4
2934 9116 5
2934 1481 3
2934 2324 4
2934 2520 3
2934 8618 1
2934 490 5
2934 2356 3
2934 11070 4
2934 3422 4
2934 2337 3
2934 3484 4
2934 2523 2
2934 1363 3
2934 4028 3
2934 1193 4
2934 2997 3
2934 5704 3
2934 505 4
2934 1831 3
2934 8270 4
2934 2229 2
2934 1155 2
2934 542 5
2934 1132 4
2934 493 5
2934 426 4
2934 2233 3
2934 2896 4
2934 2349 5
2934 541 3
2934 1128 4
2934 464 4
2934 1154 4
2934 1205 4
2934 2476 2
2934 2590 5
2934 6014 4
2934 1174 2
2934 1173 2
2934 366 4
2934 2416 5
2934 3979 4
2934 553 3
2934 2328 4
2934 1189 4
2934 9171 4
2934 457 3
2934 1269 4
2934 4342 4
2934 379 4
2934 1190 3
2934 2519 4
2934 3501 4
2934 2330 5
2934 8267 3
2934 1216 4
2934 1120 4
2934 358 2
2934 1847 4
2934 4549 4
2934 2437 4
2934 5015 3
2934 1787 5
2934 2555 4
2934 309 3
2934 4259 5
2934 828 5
2934 8081 3
2934 2443 5
2934 2120 2
2934 1144 4
2934 521 4
2934 1197 3
2934 2364 5
2934 4820 5
2934 468 4
2934 2580 5
2934 1134 3
2934 1222 4
2934 1908 4
2934 1594 5
2934 3511 5
2934 396 4
2934 2635 5
2934 2462 5
2934 11190 5
2934 3219 5
2934 2453 5
2934 8086 5
2934 428 1
2934 2630 4
2934 3039 5
2934 713 1
2934 3483 4
2934 1343 5
2934 387 2
2934 390 2
2934 2634 4
2934 1084 5
2934 6451 5
2934 3406 3
2934 3037 4
2934 9049 5
2934 458 5
2934 4514 4
2934 11540 5
2934 397 1
2934 2455 4
2934 2449 4
2934 824 5
2934 1150 4
2934 3827 4
2934 1198 5
2934 1255 4
2934 11095 4
2934 416 2
2934 1352 5
2934 6665 5
2934 722 5
2934 1945 5
2934 1277 5
2934 7025 4
2934 8368 5
2934 1650 3
2934 5101 4
2934 749 5
2934 7312 3
2934 2265 3
2934 4836 5
2934 966 5
2934 2305 5
2934 2407 2
2934 534 5
2934 8073 5
2934 340 5
2934 367 5
2934 3556 5
2934 8411 2
2934 11475 4
2934 373 4
2934 7376 3
2934 632 5
2934 11131 5
2934 5325 4
2934 1241 4
2934 5722 5
2934 944 1
2934 5984 5
2934 5945 5
2934 7308 2
2934 4016 5
2934 11071 3
2935 2310 4
2935 6217 5
2935 3853 5
2935 5050 5
2935 5689 5
2935 9228 4
2935 3885 5
2935 3223 4
2935 4916 3
2935 11594 4
2935 7167 3
2936 11019 5
2936 1122 5
2936 11185 5
2936 407 5
2936 6635 5
2936 7293 5
2936 1594 5
2936 7367 4
2937 7731 5
2937 11528 5
2937 2476 5
2937 6708 5
2937 992 5
2937 1136 5
2937 11256 5
2937 1867 4
2937 8247 5
2937 2755 5
2937 3667 5
2937 8333 5
2937 10248 5
2937 8349 4
2937 9193 5
2937 4916 4
2937 3892 5
2937 4950 5
2937 3478 5
2938 657 3
2938 2765 5
2938 11222 4
2938 4724 5
2938 1278 5
2938 4848 5
2938 7330 5
2938 6639 4
2938 3190 5
2938 2872 5
2938 1673 1
2938 2108 4
2938 4491 5
2938 632 5
2938 8161 3
2938 6210 5
2938 1665 3
2938 5997 3
2938 3524 4
2938 9942 4
2938 477 4
2938 3639 5
2939 11131 5
2939 5972 5
2939 5986 5
2939 3639 5
2939 2108 5
2939 6862 3
2939 2515 5
2939 1177 5
2939 3727 5
2940 7948 5
2940 3183 4
2940 4395 4
2940 5972 5
2940 11288 5
2940 4531 3
2940 7243 5
2940 1126 4
2940 6052 5
2940 1234 5
2940 3441 5
2940 105 5
2940 4320 5
2940 6901 4
2940 5761 5
2940 1204 5
2940 7366 5
2940 6190 4
2941 4751 5
2941 1864 4
2941 6470 4
2941 2784 4
2941 5899 5
2941 6974 4
2941 6507 5
2941 2079 5
2941 6302 4
2941 2054 2
2941 6142 2
2941 6197 5
2941 3149 4
2941 4355 4
2941 6164 4
2941 3457 3
2941 7641 4
2941 2808 5
2941 7830 4
2941 2014 5
2941 6716 3
2941 7206 5
2941 6436 5
2941 7956 4
2941 7265 5
2941 4179 5
2941 8204 5
2941 7123 4
2941 5538 4
2941 3307 4
2941 7532 3
2941 3311 5
2941 8192 3
2941 808 3
2941 1606 2
2941 4329 5
2941 4338 4
2941 6350 5
2941 6089 5
2941 4971 4
2941 2003 2
2941 6406 3
2941 2038 4
2941 7829 2
2941 7828 5
2941 8018 5
2941 2059 4
2941 7815 3
2941 9004 2
2941 1617 2
2941 3074 4
2941 2616 5
2941 4907 5
2941 6847 2
2941 2105 2
2941 632 4
2941 7957 4
2941 6255 3
2941 2780 5
2941 11204 5
2941 6326 5
2941 237 3
2941 7609 4
2941 3638 5
2941 5941 5
2941 997 4
2941 2087 3
2941 7819 5
2941 7991 4
2941 7276 4
2941 7079 5
2941 793 2
2941 4455 3
2941 1924 5
2941 9001 2
2941 3556 5
2941 4472 5
2941 2858 5
2941 2884 5
2941 6131 4
2941 8083 4
2941 6175 4
2941 8928 5
2941 4291 4
2941 4342 4
2941 361 2
2941 4474 4
2941 4274 4
2941 6318 5
2941 732 5
2941 481 4
2941 1215 3
2941 8880 4
2942 3304 3
2942 1054 5
2942 10074 5
2942 8575 5
2942 8288 5
2943 4089 5
2943 3490 4
2943 7172 4
2943 9846 5
2943 4482 5
2943 8378 3
2943 5581 5
2943 2061 4
2943 5709 5
2943 4864 5
2943 6594 3
2943 7063 4
2943 1141 1
2943 1307 4
2943 421 5
2943 379 5
2943 2857 2
2943 4733 5
2943 5972 5
2943 9418 5
2943 8613 5
2943 4297 4
2943 2896 5
2943 309 5
2943 7453 5
2943 1571 5
2943 2645 5
2943 7047 5
2943 1148 1
2943 2476 5
2943 3727 1
2943 5722 5
2943 3879 5
2943 5953 5
2943 1274 5
2943 30 5
2943 1777 5
2943 728 3
2943 8417 5
2943 312 3
2943 5673 5
2943 5672 5
2943 4927 5
2943 4361 5
2943 8558 1
2943 8022 3
2943 1843 5
2943 2140 3
2943 6794 5
2944 11256 5
2944 2111 5
2944 1379 5
2944 4485 5
2944 2509 5
2944 6087 5
2944 2797 5
2944 6401 5
2944 3353 5
2945 8275 5
2945 6118 5
2945 1654 5
2945 6505 5
2945 4578 5
2945 2113 3
2945 6733 5
2945 5415 5
2945 7268 5
2945 11521 4
2945 4336 4
2946 5073 5
2946 4465 5
2946 1639 5
2946 5542 5
2946 2785 2
2946 6405 4
2946 3241 3
2946 3742 4
2946 590 3
2946 2059 5
2946 4117 5
2947 7082 4
2947 11348 2
2947 2394 4
2947 6424 5
2947 11067 4
2947 3443 3
2947 281 4
2947 8850 4
2947 543 3
2947 4889 5
2947 3357 5
2947 2822 2
2947 4823 4
2947 2940 5
2947 10213 4
2948 9875 4
2948 3692 3
2948 2259 5
2948 4117 5
2949 3221 4
2949 11212 5
2949 6814 4
2949 7833 5
2950 7154 5
2950 5928 3
2950 11131 4
2950 7973 5
2950 497 5
2950 11085 4
2950 8158 5
2950 1129 5
2950 4574 5
2950 1728 4
2950 7926 5
2950 6951 4
2950 6860 5
2950 3145 5
2950 674 4
2951 11081 5
2951 1277 5
2951 722 5
2951 1246 5
2952 3692 4
2952 3827 3
2952 3911 4
2952 501 3
2952 3252 5
2952 4023 4
2952 11573 4
2952 3742 3
2952 5678 4
2952 1232 4
2952 1174 5
2952 7852 4
2952 1312 5
2953 7273 1
2953 5763 5
2953 254 5
2953 5206 4
2953 1393 4
2953 4193 5
2953 191 5
2953 2946 5
2953 1439 5
2953 9292 5
2953 7597 5
2953 3252 5
2953 4513 5
2953 11245 4
2953 4884 4
2953 1960 4
2953 10120 5
2953 9824 5
2954 3617 5
2954 4949 5
2954 6756 4
2955 4467 5
2955 3321 2
2955 6078 4
2955 6076 5
2955 1275 2
2955 6858 4
2955 1274 5
2955 4718 3
2955 4151 5
2955 7530 3
2955 6190 4
2956 2377 3
2956 178 5
2956 3451 5
2956 3810 5
2956 125 4
2956 4021 5
2956 2305 5
2956 1234 5
2956 2443 5
2956 4258 4
2956 4259 4
2956 5085 3
2956 4708 4
2956 4045 5
2956 5997 5
2956 6809 5
2956 2479 4
2956 8149 5
2956 8837 5
2956 9171 4
2956 2103 3
2956 8458 5
2956 212 5
2956 632 5
2956 707 4
2956 2437 5
2956 8977 5
2956 1832 4
2956 9349 4
2956 1829 5
2956 206 5
2956 508 5
2956 7211 5
2956 858 3
2956 1040 5
2956 3588 5
2956 6817 5
2956 3954 5
2956 8395 5
2956 2504 4
2956 6642 5
2956 6240 5
2956 4796 5
2956 8145 5
2956 9088 4
2956 4177 4
2957 1131 2
2957 1279 2
2957 6592 5
2957 2126 3
2957 675 3
2957 1521 3
2957 9920 4
2957 2505 5
2957 3674 5
2957 11203 5
2957 2472 4
2957 7355 1
2957 6596 4
2957 454 4
2958 2125 4
2958 7305 5
2958 8960 4
2958 1312 5
2959 3708 3
2959 3703 3
2959 5822 5
2959 843 1
2959 8145 2
2959 3000 4
2959 1772 2
2959 323 3
2959 895 5
2959 1408 3
2959 324 3
2959 6164 4
2959 3318 4
2959 4447 5
2960 4472 4
2960 1467 2
2960 6293 4
2960 1278 4
2960 3998 4
2960 309 5
2960 1178 4
2960 2123 5
2960 6425 5
2960 2117 4
2960 574 1
2960 3217 5
2960 5307 5
2960 9044 4
2960 6724 5
2960 4151 4
2960 4117 4
2960 2780 2
2960 6402 5
2960 3517 5
2961 2254 3
2961 8288 5
2961 9774 5
2961 6584 5
2961 4010 5
2961 2986 5
2961 4454 4
2961 6154 4
2961 3693 3
2961 4342 5
2961 8191 4
2961 1594 4
2961 4848 5
2961 6756 5
2961 1656 5
2962 1557 1
2962 6324 3
2962 2048 5
2962 8206 3
2962 532 3
2962 8070 4
2962 1408 5
2962 1616 1
2962 759 5
2962 1648 5
2962 3443 5
2962 313 5
2962 196 1
2962 4228 5
2962 1629 4
2962 3093 3
2962 1067 3
2962 4543 5
2962 1828 5
2962 1914 5
2962 312 5
2962 829 5
2962 1974 1
2962 732 5
2962 5639 2
2962 8717 5
2962 948 5
2962 694 5
2962 276 5
2962 985 5
2962 1275 1
2962 706 1
2962 4187 4
2962 832 5
2962 217 5
2962 1395 5
2962 762 5
2962 4237 3
2962 792 5
2962 323 5
2962 772 5
2962 104 5
2962 3726 5
2962 164 5
2962 4281 5
2962 7745 5
2962 5154 5
2962 3263 5
2962 3000 5
2962 3340 5
2962 609 5
2962 712 4
2962 7884 5
2962 1978 5
2962 699 5
2962 309 5
2962 9231 2
2962 7208 4
2962 1973 5
2962 6332 3
2962 3686 4
2962 5000 4
2962 9398 2
2962 10447 4
2962 1260 5
2962 1321 1
2962 11296 4
2962 3571 4
2962 1779 4
2963 6449 4
2963 1894 5
2963 5972 5
2963 6988 2
2963 5028 4
2963 3465 4
2963 6711 5
2963 9231 3
2963 4883 5
2963 632 4
2963 1613 3
2963 8993 2
2963 3687 3
2963 9970 4
2963 3638 5
2963 5673 5
2963 7175 5
2963 3690 4
2964 2494 5
2964 2048 5
2964 9189 2
2964 8542 5
2964 6496 5
2964 1604 5
2964 5815 5
2964 3181 5
2964 4094 5
2964 4863 5
2964 4427 5
2964 7618 3
2964 3687 4
2964 4709 5
2964 173 5
2964 3721 5
2964 6693 5
2964 4574 3
2964 3167 2
2964 632 5
2964 7321 5
2964 4434 5
2964 4131 5
2964 2488 5
2964 7616 5
2964 4048 1
2964 4117 5
2964 4805 3
2964 5942 5
2965 8706 4
2965 4328 2
2965 4331 5
2965 7706 5
2965 4264 4
2965 2030 5
2965 847 5
2965 4956 5
2965 5789 4
2965 2059 4
2965 8072 4
2965 8397 4
2965 7380 4
2966 10862 5
2966 6311 4
2966 6275 5
2966 682 3
2966 4223 1
2966 1673 5
2966 3000 5
2966 2230 5
2966 11148 5
2966 4687 5
2966 5942 4
2966 5444 5
2966 1274 4
2966 1536 5
2966 1869 5
2966 4520 5
2966 6491 5
2966 9211 4
2967 5206 4
2967 4981 4
2967 6954 4
2967 1410 4
2967 1735 4
2967 216 4
2967 1743 4
2967 9377 5
2967 3358 4
2967 1728 3
2968 9213 5
2968 3166 4
2968 3265 2
2968 8052 5
2969 6847 5
2969 8175 5
2969 6066 5
2969 2372 4
2969 7946 5
2969 628 4
2969 550 5
2970 632 5
2970 441 4
2970 1892 4
2970 3167 5
2970 1217 4
2970 1175 3
2970 4574 5
2970 4291 5
2970 9875 4
2970 2592 5
2971 5945 5
2971 9090 5
2971 6944 5
2972 4576 5
2972 3692 4
2972 8840 4
2972 4574 5
2973 3692 5
2973 3693 5
2973 3203 5
2973 1674 2
2973 5969 5
2973 4463 4
2973 9679 5
2973 3253 5
2973 6002 4
2973 632 4
2973 3954 5
2973 4135 1
2974 4396 5
2974 7547 4
2974 1607 1
2974 8936 5
2975 1650 5
2975 1844 5
2975 24 5
2975 3198 5
2975 1673 4
2975 7428 5
2975 642 4
2975 2109 5
2975 1693 5
2975 5787 5
2975 9152 4
2976 1274 5
2976 2257 4
2976 6155 5
2976 11297 5
2976 8583 5
2976 7013 5
2976 8988 2
2976 1673 3
2976 7996 5
2977 11502 3
2977 280 5
2977 3253 5
2977 5683 5
2977 3532 2
2977 8917 4
2977 3189 5
2977 8692 4
2977 8844 5
2977 5984 3
2977 7837 3
2977 6083 4
2977 8226 5
2977 441 3
2977 2145 4
2977 1633 2
2977 1641 4
2977 1221 1
2977 2744 5
2978 6756 5
2978 3256 5
2978 632 4
2978 7259 4
2978 7299 4
2978 2883 4
2978 1130 5
2978 7806 4
2978 4260 4
2978 7996 5
2978 2891 5
2979 6300 5
2979 2372 5
2979 8885 5
2979 8175 2
2979 3654 1
2979 10581 4
2979 7264 4
2979 3231 5
2979 2014 5
2979 5956 5
2979 8542 5
2979 7989 5
2980 6832 5
2980 7893 5
2980 2859 4
2980 7641 5
2980 6789 5
2980 4340 4
2980 332 5
2980 7209 4
2980 3673 4
2980 4821 5
2980 7037 5
2980 3833 4
2980 8553 5
2980 3859 5
2980 6502 5
2980 447 3
2980 7211 5
2980 2451 4
2980 1139 4
2980 4123 4
2980 6329 4
2980 5872 5
2980 1305 4
2980 3911 5
2980 446 5
2980 2120 5
2980 707 5
2980 1174 3
2980 1166 4
2980 2118 4
2980 4840 3
2980 3979 4
2980 2446 5
2980 7365 4
2980 8418 4
2980 3026 5
2980 2340 2
2980 1832 5
2980 9348 4
2980 7312 4
2980 11225 5
2980 5085 5
2980 6636 2
2980 6018 4
2980 7376 4
2980 451 3
2980 467 3
2980 2428 2
2980 4154 3
2980 1191 5
2980 6391 5
2980 1185 5
2980 737 5
2980 10893 5
2980 1159 4
2980 2386 2
2980 8085 5
2980 6898 1
2980 4248 5
2980 2423 5
2980 8410 5
2980 1298 5
2980 4836 5
2980 1198 2
2980 7144 5
2980 8081 5
2980 627 5
2980 2143 2
2980 3650 3
2980 2482 5
2980 2505 5
2980 9542 4
2980 7886 5
2980 6917 3
2980 7841 4
2980 2639 2
2980 510 4
2980 4428 4
2980 1301 3
2980 7843 5
2980 11246 5
2980 4187 3
2980 2576 5
2980 8085 5
2981 8762 3
2981 4574 5
2981 1657 5
2981 3181 5
2981 7162 4
2981 11209 4
2981 11245 4
2981 11160 4
2981 11385 4
2981 4701 5
2981 4949 5
2981 1277 5
2981 9113 5
2981 4937 5
2981 8555 2
2982 2039 4
2982 4133 4
2982 853 5
2982 8938 5
2983 9877 5
2983 6266 4
2983 3642 5
2984 1124 4
2984 1922 2
2984 1875 3
2984 11298 2
2984 3661 5
2984 11572 5
2984 5733 3
2984 7189 5
2984 632 5
2984 538 5
2985 3681 2
2985 1393 4
2985 1563 5
2985 3687 2
2985 632 4
2985 1237 4
2985 2525 5
2985 2592 1
2985 6 5
2986 71 5
2986 7 4
2986 555 4
2986 6690 3
2986 6527 4
2986 6708 4
2986 7624 4
2986 7672 5
2986 6762 5
2986 7718 4
2986 10164 4
2986 8995 2
2986 7217 4
2986 2231 4
2986 8253 3
2986 1060 5
2986 7787 3
2986 6280 5
2986 6702 5
2986 4024 3
2986 6902 4
2986 5920 5
2986 7939 5
2986 2760 4
2986 1809 4
2986 8720 5
2986 8204 2
2986 2250 3
2986 8271 5
2986 2009 5
2986 5968 4
2986 2197 5
2986 7826 5
2986 6729 5
2986 2317 4
2986 7269 5
2986 2079 4
2986 6710 5
2986 4178 5
2986 6306 4
2986 6541 2
2986 7904 5
2986 9271 5
2986 1825 4
2986 7924 5
2986 1905 5
2986 118 5
2986 1834 3
2986 10237 4
2986 10305 5
2986 8330 5
2986 7118 5
2986 2237 4
2986 1862 5
2986 4959 5
2986 7628 4
2986 1642 5
2986 8806 5
2986 352 4
2986 2803 4
2986 11120 4
2986 7424 5
2986 6167 4
2986 4543 3
2986 3000 5
2986 8077 5
2986 1649 4
2986 1950 4
2986 4079 5
2986 9000 5
2986 7660 5
2986 2774 5
2987 7532 4
2987 6563 3
2987 4790 5
2987 8518 2
2987 6282 5
2987 78 3
2988 6800 4
2988 3278 5
2988 8519 5
2988 8918 5
2988 6710 5
2988 2485 5
2989 695 5
2989 728 5
2989 762 5
2990 5886 2
2990 7939 3
2990 8276 2
2990 2167 4
2990 2166 4
2990 7779 2
2990 6220 2
2990 7961 1
2990 2197 5
2990 7771 3
2990 2533 3
2990 2223 4
2990 2310 4
2990 7277 2
2990 2227 4
2990 1231 4
2990 2513 3
2990 7936 1
2990 6732 2
2990 2861 3
2990 376 2
2990 1814 2
2990 2256 2
2990 2309 4
2990 2313 2
2990 385 3
2990 368 2
2990 6630 4
2990 6729 4
2990 2216 1
2990 2860 3
2990 2508 3
2990 2211 2
2990 2202 2
2990 2317 2
2990 6599 3
2990 2299 4
2990 2316 2
2990 2288 3
2990 1820 2
2990 392 4
2990 2272 3
2990 1803 3
2990 2326 3
2990 2312 3
2990 2948 1
2990 2335 4
2990 8079 1
2990 2370 3
2990 2179 2
2990 6628 3
2990 2374 4
2990 2399 2
2990 356 3
2990 2099 1
2990 2415 3
2990 2210 3
2990 6613 1
2990 6742 3
2990 2283 2
2990 374 1
2990 6504 5
2990 3675 2
2990 399 3
2990 6744 1
2990 469 2
2990 2255 3
2990 2321 3
2990 2249 4
2990 2303 3
2990 2527 2
2990 2176 3
2990 342 2
2990 602 3
2990 2328 1
2990 2221 3
2990 2015 2
2990 2356 3
2990 2520 1
2990 1129 3
2990 2237 4
2990 2238 3
2990 458 4
2990 1134 3
2990 1132 4
2990 2324 3
2990 417 3
2990 2226 1
2990 1831 2
2990 404 3
2990 8213 3
2990 420 3
2990 2293 2
2990 2284 3
2990 2353 4
2990 5722 1
2990 2325 4
2990 1166 3
2990 2126 3
2990 1149 3
2990 2225 2
2990 1564 3
2990 6539 4
2990 2183 2
2990 2217 1
2990 2258 3
2990 2286 3
2990 2080 3
2990 2302 3
2990 2295 3
2990 2186 2
2990 2538 3
2990 2291 3
2990 1176 3
2990 2177 2
2990 6751 3
2990 2182 2
2990 2215 3
2990 6541 1
2990 2188 3
2990 2196 1
2990 403 3
2990 6592 3
2990 2170 3
2990 436 4
2990 2560 1
2990 375 4
2990 2246 3
2990 7941 2
2990 2207 3
2990 2866 2
2990 401 4
2990 2371 2
2990 331 1
2990 6585 3
2990 6677 1
2990 9904 1
2990 9868 3
2990 1143 2
2990 469 3
2990 435 3
2990 1164 4
2990 4475 4
2990 2449 5
2990 2322 1
2990 2362 1
2990 2536 1
2990 359 3
2990 2523 2
2990 2229 3
2990 8412 1
2990 364 4
2990 2337 2
2990 1817 3
2990 6678 5
2990 8077 4
2990 2539 2
2990 366 5
2990 1122 3
2990 1128 3
2990 440 3
2990 339 1
2990 2446 4
2990 6017 2
2990 2543 1
2990 357 3
2990 2407 4
2990 2471 4
2990 386 1
2990 2480 4
2990 1184 2
2990 408 4
2990 2275 2
2990 624 1
2990 5929 3
2990 2307 2
2990 2270 3
2990 393 1
2990 1183 3
2990 413 4
2990 2105 3
2990 1836 5
2990 1185 1
2990 1181 3
2990 394 3
2990 1124 3
2990 8618 1
2990 2454 3
2990 9957 1
2990 1161 1
2990 8270 2
2990 2455 3
2990 379 3
2990 1151 5
2990 457 1
2990 1138 1
2990 6658 4
2990 2336 4
2990 1157 2
2990 8080 1
2990 373 4
2990 6679 3
2990 1189 2
2990 2451 5
2990 2120 1
2990 3674 3
2990 4855 1
2990 1152 2
2990 2394 3
2990 2476 2
2990 7363 4
2990 1144 3
2990 1167 2
2990 2473 1
2990 467 1
2990 1198 4
2990 6545 3
2990 3649 1
2990 522 3
2990 2519 2
2990 2276 2
2990 2358 3
2990 9894 1
2990 421 4
2990 2282 2
2990 2430 4
2990 6559 2
2990 2564 2
2990 7100 4
2990 441 3
2990 462 2
2990 7025 3
2990 1150 1
2990 2434 2
2990 6851 2
2990 1847 3
2990 1197 1
2990 397 1
2990 2565 2
2990 468 3
2990 1179 2
2990 505 4
2990 1216 5
2990 6270 1
2990 6027 4
2990 6660 4
2990 511 3
2990 2289 2
2990 9879 3
2990 2880 3
2990 2392 4
2990 2137 3
2990 1155 1
2990 2181 1
2990 2386 5
2990 6655 4
2990 447 4
2990 2118 3
2990 8082 2
2990 1631 4
2990 2156 2
2990 1210 2
2990 1190 2
2990 2279 4
2990 1826 4
2990 1175 1
2990 531 4
2990 391 3
2990 2562 2
2990 499 3
2990 8081 3
2990 7378 2
2990 1805 5
2990 6598 3
2990 497 4
2990 2339 1
2990 2559 3
2990 6271 3
2990 502 2
2990 510 2
2990 1621 1
2990 8083 1
2990 1209 3
2990 1205 2
2990 1187 3
2990 2517 1
2990 6596 3
2990 2578 5
2990 1873 3
2990 2402 3
2990 532 2
2990 2347 4
2990 2416 3
2990 369 4
2990 418 1
2990 529 4
2990 606 5
2990 6274 4
2990 6028 1
2990 333 4
2990 533 1
2990 7625 4
2990 8811 1
2990 2568 4
2990 496 2
2990 8345 1
2990 1112 1
2990 2460 1
2990 1879 4
2990 429 4
2990 1188 1
2990 2873 4
2990 2575 1
2990 534 3
2990 1229 5
2990 596 3
2990 2469 2
2990 6223 4
2990 2331 1
2990 2572 5
2990 6896 1
2990 6668 4
2990 2428 1
2990 1212 3
2990 639 3
2990 1866 3
2990 518 3
2990 489 4
2990 2567 3
2990 8352 4
2990 2482 4
2990 8311 4
2990 2503 3
2990 6603 5
2990 6519 4
2990 6653 3
2990 2479 4
2990 6553 5
2990 3377 4
2990 9812 4
2990 2459 2
2990 636 4
2990 7967 2
2990 2377 3
2990 6866 3
2990 2505 3
2990 551 1
2990 2580 2
2990 498 2
2990 3483 2
2990 8418 2
2990 2556 2
2990 2233 4
2990 1227 5
2990 8343 3
2990 3410 4
2990 1283 1
2990 6898 1
2990 6602 1
2990 1254 4
2990 2586 4
2990 1224 1
2990 581 4
2990 2896 4
2990 494 1
2990 6600 4
2990 2390 4
2990 2982 4
2990 525 5
2990 9062 3
2990 2472 5
2990 508 1
2990 2397 1
2990 2437 4
2990 567 4
2990 1253 1
2990 9156 4
2990 5669 2
2990 1838 2
2990 8620 3
2990 1239 4
2990 2164 2
2990 1251 4
2990 358 2
2990 8626 3
2990 432 4
2990 2894 1
2990 1252 5
2990 479 1
2990 3350 3
2990 11595 1
2990 8069 4
2990 3411 4
2990 2595 1
2990 352 2
2990 8451 3
2990 561 3
2990 3271 4
2990 1247 1
2990 464 1
2990 2443 1
2990 1245 3
2990 507 4
2990 566 4
2990 1913 4
2990 2545 3
2990 6940 1
2990 2546 3
2990 9540 3
2990 546 4
2990 2601 3
2990 8329 2
2990 347 3
2990 11585 4
2990 11095 3
2990 5145 5
2990 3440 4
2990 549 3
2990 2475 3
2990 8400 4
2990 651 3
2990 2423 3
2990 478 3
2990 3134 3
2990 2418 4
2990 3145 4
2990 355 1
2990 425 2
2990 3441 3
2990 5720 4
2990 6156 4
2990 2600 3
2990 1255 4
2990 1233 3
2990 4605 1
2990 470 3
2990 2489 3
2990 2484 4
2990 2300 2
2990 9158 2
2990 2355 4
2990 1707 4
2990 2911 3
2990 11561 2
2990 564 2
2990 2912 4
2990 1238 4
2990 559 3
2990 513 3
2990 9109 1
2990 2457 4
2990 8909 3
2990 3759 3
2990 2450 4
2990 1908 4
2990 9816 3
2990 2442 1
2990 7516 4
2990 3482 1
2990 571 4
2990 9116 3
2990 433 4
2990 2292 3
2990 3087 3
2990 9301 4
2990 2918 3
2990 9118 3
2990 2623 2
2990 8344 4
2990 1299 3
2990 11265 5
2990 9896 4
2990 6627 3
2990 11197 4
2990 9112 3
2990 9180 5
2990 4913 3
2990 6276 4
2990 2433 4
2990 9160 4
2990 675 4
2990 2995 3
2990 4302 3
2990 2635 3
2990 4607 4
2990 2342 3
2990 2621 5
2990 476 3
2990 676 3
2990 6500 4
2990 6755 4
2990 1136 4
2990 3981 4
2990 9117 3
2990 2641 4
2990 2552 3
2990 9817 1
2990 4248 2
2990 2280 4
2990 565 3
2990 2236 3
2990 1310 4
2990 684 3
2990 2431 1
2990 2420 3
2990 4249 1
2990 2405 4
2990 3982 3
2990 2617 3
2990 4071 4
2990 2597 3
2990 2576 3
2990 3146 4
2990 558 4
2990 4836 4
2990 686 3
2990 4818 1
2990 1312 3
2990 4548 4
2990 2277 3
2990 490 4
2990 1142 5
2990 3979 3
2990 515 4
2990 1154 4
2990 2338 4
2990 4166 3
2990 456 4
2990 539 4
2990 1901 4
2990 2654 5
2990 4375 5
2990 3289 4
2990 4377 5
2990 4552 4
2990 569 4
2990 2352 5
2990 2932 1
2990 4256 4
2990 4900 5
2990 9636 4
2990 719 4
2990 1637 4
2990 4620 3
2990 2678 5
2990 8141 4
2990 744 4
2990 7768 2
2990 5626 1
2990 5856 5
2990 737 5
2990 9810 1
2990 448 5
2990 11277 3
2990 2634 2
2990 5538 5
2990 731 4
2990 10365 5
2990 477 4
2990 894 4
2990 2697 4
2990 2716 5
2990 10295 5
2990 2670 4
2990 3686 4
2990 9779 1
2990 3879 5
2990 10178 5
2990 9792 4
2990 3847 4
2990 3451 4
2990 11596 5
2990 3788 5
2990 924 2
2990 10169 5
2990 4286 5
2990 5199 4
2990 4868 5
2990 3550 4
2990 206 5
2990 5189 5
2990 10623 5
2990 5180 5
2990 3828 5
2990 3797 4
2990 11396 5
2990 3872 4
2991 8534 1
2991 3324 5
2991 6302 1
2991 3994 5
2992 6327 3
2992 4450 5
2992 6341 5
2992 331 4
2992 6521 5
2992 2399 5
2992 618 3
2992 2188 2
2992 2215 4
2992 1611 4
2992 2186 3
2992 2179 5
2992 3662 4
2992 509 3
2992 2202 4
2992 2250 4
2992 7941 3
2992 2112 4
2992 8624 5
2992 2530 3
2992 2317 4
2992 3483 4
2992 7284 4
2992 2227 3
2992 2313 4
2992 3033 4
2992 335 4
2992 2223 5
2992 7642 4
2992 3132 4
2992 2207 4
2992 1827 4
2992 2533 3
2992 8069 5
2992 2772 5
2992 2216 5
2992 2536 4
2992 2240 4
2992 6671 5
2992 8365 5
2992 9048 4
2992 2249 4
2992 10277 5
2992 2283 4
2992 2554 5
2992 8802 4
2992 2099 4
2992 385 4
2992 2267 4
2992 2295 5
2992 3303 5
2992 1814 3
2992 2332 5
2992 9003 4
2992 2105 4
2992 2286 4
2992 7067 5
2992 2962 5
2992 2451 4
2992 6662 4
2992 3400 5
2992 1198 4
2992 6617 4
2992 8077 4
2992 1663 5
2992 1119 4
2992 1820 5
2992 2487 3
2992 1901 5
2992 1903 5
2992 81 5
2992 1122 5
2992 2238 4
2992 624 5
2992 1922 4
2992 2272 2
2992 1832 5
2992 518 5
2992 2316 3
2992 8213 5
2992 2264 5
2992 4303 5
2992 6817 5
2992 2337 5
2992 7411 5
2992 3964 5
2992 10921 4
2992 4021 5
2992 602 4
2992 2303 5
2992 2031 4
2992 2959 4
2992 2114 4
2992 2356 5
2992 3675 5
2992 2080 5
2992 9932 5
2992 11178 5
2992 405 5
2992 1817 3
2992 7143 2
2992 8878 5
2992 10643 5
2992 627 5
2992 11190 5
2992 7539 5
2992 3635 5
2992 3670 4
2993 2513 4
2993 11581 5
2993 356 4
2993 6506 4
2993 7987 5
2993 2873 5
2993 2420 3
2993 2326 5
2993 1876 5
2993 4579 5
2993 3413 5
2993 2260 5
2993 7948 4
2993 10046 5
2993 3394 4
2993 4908 5
2993 6309 5
2993 10464 5
2993 10246 4
2993 4836 4
2993 4873 5
2993 5733 4
2993 11089 2
2993 3316 2
2993 3670 3
2993 6015 4
2993 632 5
2993 2651 5
2993 3454 3
2993 1419 1
2993 392 4
2993 505 5
2993 377 5
2993 5529 4
2993 643 4
2993 6993 5
2993 6994 5
2993 6210 4
2993 413 5
2993 569 4
2993 1134 2
2993 3465 5
2993 992 5
2993 642 4
2993 10868 4
2993 7282 5
2993 3064 4
2993 1075 4
2993 10949 5
2993 1215 4
2993 372 5
2993 2027 4
2993 1749 5
2993 5997 4
2993 7334 1
2994 2855 4
2994 1564 2
2994 2215 5
2994 1182 1
2994 392 3
2994 2351 1
2994 6168 1
2994 2415 1
2994 2084 3
2994 712 5
2994 427 5
2994 3661 5
2994 1152 3
2994 2325 1
2994 2197 3
2994 1134 3
2994 8135 2
2994 2428 5
2994 6987 1
2994 7129 5
2994 2133 5
2994 2548 5
2994 3073 5
2994 3629 5
2994 405 1
2994 6617 1
2994 2270 2
2994 2283 5
2994 2346 4
2994 2335 4
2994 1132 2
2994 8311 3
2994 2362 4
2994 8213 3
2994 2858 3
2994 8412 4
2994 721 4
2994 3653 4
2994 6957 5
2994 2009 5
2994 3400 4
2994 6285 5
2994 518 4
2994 4738 3
2994 5018 5
2994 1122 1
2994 4480 3
2994 1726 2
2994 2396 4
2994 9005 4
2994 373 5
2994 7488 5
2994 1836 3
2994 1598 5
2994 2118 3
2994 3219 5
2994 7101 5
2995 5880 5
2995 6342 4
2995 8990 5
2995 2167 4
2995 712 3
2995 8018 5
2995 5957 3
2995 1562 4
2995 627 5
2995 11133 5
2995 1564 5
2995 5911 5
2995 3222 5
2995 7710 5
2995 313 1
2995 2214 4
2995 7019 5
2995 5791 5
2995 432 5
2995 4347 5
2996 4839 5
2996 4028 4
2996 356 4
2996 2191 2
2996 3662 4
2996 2316 3
2996 7214 4
2996 6034 5
2996 2454 4
2996 1587 5
2996 2565 4
2996 1122 5
2996 2105 3
2996 1589 5
2997 4332 4
2997 4329 4
2997 4889 4
2997 4036 5
2997 3297 1
2997 8901 3
2997 3071 4
2998 3210 5
2998 8846 5
2998 9061 4
2998 6500 5
2998 2643 5
2998 2596 5
2998 6945 4
2998 7403 5
2998 414 5
2998 4597 5
2999 3550 5
2999 3693 5
2999 7706 5
2999 6561 5
2999 2087 5
2999 6567 5
2999 2006 5
2999 8917 2
2999 3923 4
2999 2907 5
3000 1282 3
3000 6717 5
3000 1778 2
3000 327 4
3000 7796 5
3000 239 4
3000 1199 4
3000 7105 4
3000 4049 4
3000 3627 4
3000 3362 3
3000 3205 3
3000 1419 3
3000 8273 2
3000 8975 5
3000 3042 4
3001 9386 3
3001 7111 4
3001 11181 2
3001 1651 3
3001 7782 4
3001 11135 2
3001 2784 4
3001 9381 5
3001 6801 3
3001 2135 3
3001 8123 3
3001 1597 4
3001 3691 4
3001 3229 5
3001 4368 4
3001 3639 5
3001 3258 3
3001 11348 4
3001 5147 5
3002 3376 5
3002 904 2
3002 10545 5
3002 10874 5
3002 2907 4
3002 10225 5
3002 11597 4
3003 6596 2
3003 2165 4
3003 5070 5
3003 1144 4
3003 1215 5
3003 3072 5
3003 1820 3
3003 6451 5
3003 8269 4
3003 4056 5
3003 8205 5
3003 3871 4
3003 2281 5
3003 2410 5
3003 2411 5
3003 1405 5
3003 4628 5
3003 926 5
3003 5902 4
3003 8955 5
3003 2682 5
3003 6022 5
3003 7874 4
3003 1571 5
3003 7057 5
3003 3638 5
3003 4687 5
3003 7101 5
3003 4860 5
3003 2881 5
3003 5722 3
3003 6944 4
3003 2495 2
3003 1926 2
3003 4822 4
3003 1271 4
3003 1195 5
3003 11234 5
3003 4689 5
3004 5026 5
3004 6224 5
3004 11133 5
3004 657 5
3004 3215 5
3004 6807 5
3004 7467 5
3004 5642 4
3004 3894 5
3004 3628 5
3004 252 3
3004 5295 5
3004 1639 4
3004 8056 5
3004 2762 5
3004 8702 3
3004 6259 5
3004 5673 5
3004 8165 1
3005 2108 5
3005 3241 1
3005 8533 3
3005 3183 5
3006 6884 5
3006 6576 2
3006 10154 5
3006 11361 5
3006 5840 5
3006 5313 4
3006 4926 1
3006 5546 1
3006 10897 5
3006 5617 5
3006 3315 3
3006 5518 5
3006 4876 5
3006 5767 5
3007 4562 5
3007 728 5
3007 9835 4
3007 1631 3
3007 2648 2
3008 8156 4
3008 8456 4
3008 3669 4
3008 9221 5
3009 6508 4
3009 2548 5
3009 8019 3
3009 6817 5
3009 3661 5
3009 919 5
3009 3686 3
3009 1584 3
3009 1629 4
3009 3669 5
3009 8432 5
3009 3968 5
3009 934 2
3009 4538 5
3009 2093 1
3009 1209 5
3009 10752 5
3009 1049 5
3009 4805 3
3009 5967 5
3009 8519 3
3009 1466 3
3009 9521 5
3009 11101 5
3009 1127 3
3009 1211 2
3009 8068 5
3009 8259 5
3009 8896 5
3009 3955 5
3009 8580 5
3009 5404 1
3009 3312 5
3009 7362 2
3009 5207 5
3009 4205 5
3010 5655 2
3010 1108 5
3010 5602 5
3011 3654 4
3011 4439 4
3011 8598 4
3011 10820 3
3011 4117 4
3011 1657 5
3011 6666 3
3012 7927 5
3012 1613 1
3012 1624 1
3012 1127 1
3012 3409 5
3012 5833 5
3012 1289 3
3012 8625 5
3012 6953 5
3013 5919 5
3013 3205 4
3013 7105 5
3013 6901 5
3013 3687 4
3013 3189 5
3013 1657 5
3013 832 3
3013 4280 5
3014 10932 4
3014 7704 5
3014 1826 5
3014 2099 4
3014 2520 4
3014 2282 2
3014 2337 4
3014 313 5
3014 2341 4
3014 2267 3
3014 6780 3
3014 3610 2
3014 1197 3
3014 2462 5
3014 442 5
3014 2118 4
3014 2543 4
3014 428 4
3014 8120 4
3014 2408 5
3014 1584 5
3014 10983 4
3014 2399 5
3014 1467 4
3014 8598 4
3014 447 5
3014 1188 3
3014 531 5
3014 6807 5
3014 397 4
3014 533 4
3014 9282 4
3014 1174 3
3014 6273 4
3014 2562 3
3014 2289 4
3014 1229 5
3014 505 2
3014 1872 4
3014 2392 5
3014 3350 3
3014 534 3
3014 3410 5
3014 525 3
3014 1856 5
3014 8414 5
3014 529 4
3014 7334 3
3014 7435 5
3014 6274 5
3014 7532 3
3014 8047 4
3014 4924 5
3014 6329 5
3014 1419 3
3014 7181 2
3014 6611 5
3014 1029 5
3014 1332 5
3014 2778 5
3014 8068 5
3014 8531 4
3014 3256 5
3014 2857 3
3014 1843 4
3014 1878 4
3014 627 5
3015 6699 3
3015 5950 5
3015 1941 1
3015 1942 3
3015 5873 4
3015 6742 2
3015 2855 1
3015 7793 5
3015 7222 4
3015 5641 5
3015 385 1
3015 8905 4
3015 11396 5
3015 1487 5
3016 2185 5
3016 11070 5
3016 6341 5
3016 447 5
3016 1673 4
3016 3368 5
3016 4548 5
3016 2028 5
3016 1556 5
3016 6391 5
3016 5811 5
3016 4666 5
3016 1119 3
3016 9349 5
3016 7964 4
3016 2217 5
3016 1249 1
3016 2295 5
3016 7942 2
3016 2482 4
3016 2406 4
3016 4248 5
3016 1157 3
3016 4693 5
3016 2021 4
3016 2173 5
3016 2479 4
3016 496 5
3016 4257 5
3016 2520 5
3016 6271 3
3016 509 5
3016 4820 5
3016 541 5
3016 11225 5
3016 1248 4
3016 1832 4
3016 609 5
3016 1332 5
3016 638 5
3016 1847 5
3016 4021 4
3016 2317 5
3016 4026 5
3016 4724 5
3016 343 5
3016 309 5
3016 7186 5
3016 2519 5
3016 4547 5
3016 3451 5
3016 8002 4
3016 5875 5
3016 2420 5
3016 9003 3
3016 7430 5
3016 4840 4
3016 2305 5
3016 8811 4
3016 3088 5
3016 6846 5
3016 4625 5
3016 6610 5
3016 6370 4
3016 5925 5
3016 7841 5
3016 1418 3
3016 9169 5
3016 4023 5
3016 11594 4
3016 5003 5
3016 6982 5
3016 6826 5
3016 6140 4
3017 3713 5
3017 4394 4
3017 3253 1
3018 7132 5
3018 862 5
3018 7369 5
3018 4189 5
3018 11514 5
3018 3742 4
3018 5346 5
3018 1657 4
3018 8333 5
3018 11518 5
3018 6217 5
3018 8263 4
3018 6141 5
3018 3478 5
3018 11591 5
3018 6118 5
3018 3679 5
3018 3677 5
3018 5711 5
3018 694 5
3018 7099 1
3018 6025 5
3018 430 5
3018 385 4
3018 3668 5
3018 2540 5
3018 2534 4
3018 7597 5
3018 3181 5
3019 7265 3
3019 6315 4
3019 1117 5
3019 3629 4
3019 465 4
3019 490 4
3019 1516 4
3019 1158 5
3019 417 3
3019 7236 4
3019 2521 3
3019 284 4
3019 1560 3
3019 6656 5
3019 7027 5
3019 2083 5
3019 3149 4
3019 6097 5
3019 4117 4
3019 6862 3
3019 2321 5
3019 5857 5
3020 479 4
3020 4117 5
3020 1553 5
3020 2962 5
3020 8089 5
3020 2283 3
3020 1808 5
3020 2514 4
3020 2394 5
3020 2080 5
3020 6482 5
3020 457 5
3021 3550 3
3021 3661 5
3021 8645 5
3021 6119 5
3021 6352 4
3021 339 2
3021 6023 3
3021 628 3
3021 3167 5
3021 3253 4
3021 8692 4
3021 3221 4
3021 7387 4
3021 10074 5
3021 5224 4
3021 5678 4
3021 8452 5
3022 5995 5
3022 11556 5
3022 2509 5
3022 1976 5
3023 723 5
3023 8371 5
3023 4553 4
3023 1650 1
3023 4209 5
3023 1751 1
3023 7587 5
3023 671 1
3023 4801 4
3023 9775 3
3023 86 5
3023 2963 1
3023 11598 4
3024 824 4
3024 5700 4
3024 3207 4
3024 1693 4
3024 6695 5
3024 9261 4
3025 1241 1
3025 10665 1
3025 3957 4
3025 5700 4
3026 766 4
3026 843 4
3026 11166 5
3026 7866 5
3026 2653 5
3026 3512 5
3027 8701 5
3027 9130 5
3027 4858 4
3027 11083 5
3027 10244 4
3027 152 3
3027 2659 5
3028 9053 1
3028 4466 5
3028 10851 5
3028 732 4
3028 1775 3
3028 6458 5
3028 2821 4
3028 832 5
3028 6453 5
3028 728 4
3028 104 4
3028 4339 4
3028 6787 5
3028 762 5
3028 4075 5
3028 6766 4
3028 309 4
3028 3000 5
3028 828 5
3028 1496 4
3028 5994 5
3028 2499 5
3029 3775 5
3029 11599 5
3029 3078 4
3029 5370 5
3029 6159 4
3029 2631 4
3030 1343 5
3030 609 5
3030 312 5
3030 757 5
3030 288 1
3030 3874 5
3030 832 5
3030 309 5
3030 2726 5
3030 4829 4
3030 4932 3
3030 4138 5
3030 2091 4
3030 8279 5
3030 4337 5
3030 10225 4
3031 3552 5
3031 9130 5
3031 2619 5
3032 11600 5
3032 837 5
3032 1969 5
3032 4319 4
3033 7315 5
3033 1004 4
3033 313 1
3033 710 5
3033 323 5
3033 1408 5
3033 1954 5
3033 3268 5
3033 565 4
3033 1278 5
3033 1260 1
3033 836 1
3033 824 5
3033 2742 5
3033 152 5
3033 309 5
3033 9515 4
3033 7158 5
3033 2740 5
3033 2551 5
3033 5764 4
3033 4766 5
3034 11353 4
3034 4804 4
3034 4999 5
3034 9817 3
3034 3979 3
3034 2236 2
3034 8583 4
3034 4249 1
3034 712 1
3034 7701 5
3034 3211 5
3034 2664 5
3034 1299 3
3034 1959 5
3034 4621 3
3034 759 3
3034 2656 4
3034 313 3
3034 3146 5
3034 762 3
3034 9180 5
3034 312 3
3034 5370 4
3034 829 3
3034 2661 4
3034 1329 5
3034 323 4
3034 3525 5
3034 28 5
3034 3632 5
3034 679 5
3034 2714 5
3034 2174 5
3034 1382 3
3034 10194 4
3034 2988 2
3034 2405 4
3034 2625 4
3034 1876 4
3034 3501 3
3034 4023 4
3034 2643 5
3034 2627 4
3034 2590 5
3034 826 5
3034 8843 5
3034 11148 5
3035 2924 4
3035 2643 4
3035 10440 4
3035 2934 5
3036 3440 4
3036 571 3
3036 433 4
3036 11141 5
3036 1278 5
3036 6868 2
3036 8344 3
3036 3501 4
3036 10146 3
3036 3821 3
3036 2638 3
3036 10246 4
3036 6500 3
3036 5527 5
3036 7521 5
3036 4837 5
3036 4541 2
3036 9160 5
3036 8266 4
3036 4028 2
3036 7134 5
3036 2641 4
3036 476 1
3036 1310 4
3036 9361 4
3036 2662 5
3036 3878 2
3037 5211 5
3037 8583 3
3037 2657 5
3037 832 3
3037 2280 4
3037 5590 5
3037 8048 5
3037 3985 4
3037 5591 5
3037 5592 5
3037 2552 4
3037 313 5
3037 3759 5
3037 309 5
3037 6632 5
3037 843 3
3037 3152 5
3037 8843 5
3037 4156 5
3037 1417 5
3037 8230 5
3037 5513 5
3037 4816 1
3037 10422 5
3037 9273 4
3037 4836 4
3037 2277 5
3037 5567 5
3038 9358 5
3038 728 1
3038 4742 1
3038 309 3
3038 10314 5
3038 740 5
3038 1160 5
3038 4656 5
3038 792 5
3038 3485 4
3038 2645 5
3038 10660 3
3038 10659 5
3038 5512 5
3038 3108 1
3038 9165 5
3038 6829 5
3038 837 5
3038 1352 5
3039 722 5
3039 7587 5
3039 7914 4
3039 6049 5
3039 196 3
3039 2158 4
3039 1395 4
3039 1699 4
3039 28 5
3039 1241 5
3039 4396 3
3039 792 3
3039 211 5
3039 739 5
3039 8731 5
3039 1329 2
3039 1456 5
3039 712 5
3039 9512 4
3039 10579 4
3040 323 5
3040 5113 5
3040 9014 3
3040 8489 4
3040 2492 5
3040 3840 5
3040 3263 5
3040 3268 5
3041 6219 1
3041 1161 3
3041 2989 2
3041 1088 3
3041 2103 4
3041 2880 2
3041 5529 3
3041 1206 4
3041 1621 3
3041 1805 5
3041 4016 4
3041 2156 2
3041 1312 3
3041 5214 4
3041 1205 3
3041 533 2
3041 6027 3
3041 2648 4
3041 7841 4
3041 8343 4
3041 2701 2
3041 3967 4
3041 378 4
3041 2437 3
3041 565 2
3041 2469 2
3041 3410 4
3041 2622 3
3041 3441 3
3041 529 5
3041 9161 3
3041 1229 4
3041 9156 4
3041 9159 3
3041 333 3
3041 9154 2
3041 566 4
3041 3389 4
3041 3275 5
3041 1239 4
3041 358 3
3041 2584 3
3041 2479 3
3041 1255 4
3041 6603 3
3041 2397 3
3041 8626 3
3041 345 4
3041 1007 3
3041 8400 4
3041 8336 4
3041 7967 2
3041 464 3
3041 559 3
3041 6509 4
3041 9885 4
3041 9887 4
3041 714 4
3041 8337 2
3041 7478 2
3041 4382 3
3041 4158 3
3041 6784 3
3041 6513 4
3041 3108 3
3041 4163 4
3042 7540 5
3042 661 3
3042 6885 4
3042 165 4
3042 2629 3
3042 843 3
3042 3721 2
3042 5555 5
3042 699 4
3042 5114 3
3042 1277 5
3042 3605 5
3042 4865 4
3042 1408 4
3042 3600 5
3042 196 4
3042 2693 1
3042 309 4
3043 843 1
3043 2591 5
3043 8592 5
3043 9961 5
3043 4694 4
3043 3136 1
3043 3032 5
3043 196 5
3043 2314 4
3043 3598 5
3043 832 5
3043 2695 4
3043 2714 5
3043 1395 5
3043 4173 5
3043 1773 5
3043 309 5
3043 3566 5
3043 3999 4
3043 312 5
3043 3265 5
3043 3553 5
3043 2659 3
3043 1780 2
3043 2688 5
3044 992 3
3044 234 1
3044 5018 4
3044 1637 4
3044 9192 5
3044 276 4
3044 4157 1
3044 196 2
3044 739 3
3044 4891 4
3044 5010 2
3044 738 1
3044 7662 4
3044 5803 5
3044 4280 5
3044 741 4
3044 1278 3
3044 740 4
3044 8388 5
3044 1049 4
3044 4496 4
3044 11284 5
3044 258 1
3044 9056 4
3044 1722 4
3044 313 5
3044 3764 4
3044 208 5
3044 1275 5
3044 704 4
3044 323 4
3044 843 4
3044 772 4
3044 3672 5
3044 5791 5
3044 312 3
3044 211 4
3044 139 5
3044 1682 4
3044 309 4
3044 1403 1
3044 5436 2
3045 7205 4
3045 8506 4
3045 4102 4
3045 4132 4
3045 3260 3
3045 9508 4
3045 3587 3
3045 1691 5
3045 231 4
3045 4128 5
3045 7026 4
3045 6397 3
3045 4426 4
3045 4702 5
3045 6332 5
3045 2933 5
3045 4277 2
3045 1896 4
3045 7072 5
3045 2093 4
3046 5794 5
3046 1779 4
3046 11272 5
3047 5069 5
3047 3290 5
3047 4854 4
3047 7401 5
3047 8825 5
3047 5110 5
3047 11091 5
3047 5023 3
3047 11601 5
3047 4919 5
3047 3428 4
3048 4186 4
3048 5774 4
3048 721 3
3048 6892 3
3048 4551 4
3048 8702 4
3048 11481 3
3048 10341 4
3048 154 3
3049 9371 5
3049 196 1
3049 759 3
3049 2461 5
3049 3506 1
3049 488 3
3049 2936 3
3049 8235 4
3049 3146 5
3049 2670 4
3049 11439 5
3049 3738 5
3049 3041 5
3049 1481 4
3049 5355 3
3050 4535 5
3050 829 1
3050 1544 5
3050 4215 5
3050 5026 2
3050 1850 5
3050 808 4
3050 3359 4
3050 2091 5
3050 5349 4
3050 327 5
3050 4542 5
3050 5257 4
3050 1604 4
3050 3242 4
3050 10568 5
3050 832 5
3050 7555 5
3050 10818 4
3050 309 4
3050 8261 5
3050 3000 5
3050 201 5
3050 323 4
3050 4192 3
3050 740 3
3050 2831 3
3050 772 5
3050 5036 3
3050 211 5
3050 4641 5
3050 9305 1
3050 8508 5
3050 6049 3
3050 2968 5
3050 4887 1
3050 10075 3
3050 258 5
3050 4988 4
3050 11533 5
3050 7710 4
3050 10192 5
3050 9720 4
3050 2841 4
3050 9415 4
3050 10125 4
3050 2744 5
3051 2820 5
3051 8705 5
3051 1693 5
3051 211 5
3051 953 5
3051 644 4
3051 5513 5
3051 948 5
3051 258 5
3051 609 2
3051 1641 4
3051 4181 4
3051 4803 5
3051 8449 4
3051 5263 4
3051 9793 5
3051 9121 4
3051 948 5
3051 1923 5
3051 1682 4
3051 943 4
3051 82 5
3051 2811 5
3051 2984 5
3051 2655 1
3051 9294 3
3051 712 5
3051 728 5
3051 5074 5
3051 1275 2
3051 323 5
3051 1076 5
3051 3227 2
3051 610 5
3051 104 5
3051 713 4
3051 196 5
3051 722 5
3051 2926 4
3051 4324 5
3051 798 5
3051 5827 5
3051 6719 4
3051 276 5
3051 780 1
3051 2036 5
3051 3651 4
3051 7557 4
3051 3230 5
3051 309 4
3051 7992 4
3051 738 1
3051 1274 5
3051 9016 4
3051 8713 5
3051 835 4
3052 3556 5
3052 4590 3
3052 4137 5
3052 9666 4
3052 10196 4
3052 5546 2
3052 5012 3
3052 11145 5
3052 1375 3
3053 9886 4
3053 3402 2
3053 423 4
3053 381 3
3053 4383 4
3053 8337 4
3053 6511 4
3054 1682 5
3054 6911 3
3054 1417 5
3054 1262 5
3054 323 5
3054 2655 1
3054 305 3
3054 3123 5
3054 309 5
3054 8671 5
3054 313 5
3054 1403 1
3054 211 5
3054 11371 3
3054 8955 5
3055 3439 5
3055 740 4
3055 211 5
3055 2367 5
3055 196 4
3055 3145 5
3055 1982 5
3055 10209 5
3055 309 4
3055 1637 4
3055 2417 5
3055 4417 5
3055 3418 5
3055 2901 5
3055 1876 5
3055 826 4
3055 1070 5
3056 3035 5
3056 975 5
3056 1263 5
3056 1413 1
3056 313 1
3056 734 5
3056 288 3
3056 104 5
3056 832 5
3056 3579 5
3056 305 3
3056 309 5
3056 712 4
3056 723 5
3056 5076 5
3056 5138 5
3056 8462 5
3056 9633 2
3056 11255 5
3056 5793 5
3057 1032 5
3057 3623 5
3057 10768 5
3058 9117 5
3058 7943 4
3058 1395 5
3058 728 5
3058 2934 5
3058 4598 5
3058 5018 2
3058 2585 5
3058 1273 1
3058 158 4
3058 7461 5
3058 3000 5
3058 722 5
3058 843 5
3058 766 5
3058 196 5
3058 734 5
3058 258 1
3058 8335 4
3058 1268 5
3058 3963 5
3058 9591 1
3058 313 5
3058 312 5
3058 4551 5
3058 309 5
3058 323 1
3058 738 5
3058 309 5
3058 2714 4
3058 1352 5
3058 2658 4
3058 5626 2
3058 5519 4
3058 1637 3
3058 832 5
3058 1372 3
3058 10204 5
3058 4088 5
3058 2989 4
3058 5066 2
3058 5225 5
3058 4874 4
3058 5004 4
3058 1414 1
3058 3594 2
3058 3667 5
3058 5613 4
3058 3146 3
3058 5836 5
3058 2220 4
3058 2963 2
3058 4586 4
3058 10304 5
3058 411 5
3058 6621 4
3059 4782 3
3059 4701 4
3059 3892 5
3059 196 5
3059 706 1
3059 1032 4
3059 323 5
3059 4619 4
3059 728 5
3059 11602 4
3059 843 5
3059 4617 5
3059 740 5
3059 10011 4
3059 3478 4
3060 9648 5
3060 5002 5
3060 9201 5
3060 3480 5
3060 8118 5
3060 10455 5
3060 3885 5
3060 4619 5
3060 11118 5
3060 5555 4
3060 11281 5
3060 3498 1
3060 5471 5
3060 10248 4
3060 4162 5
3060 5035 2
3060 5735 4
3061 8286 5
3061 4681 3
3061 8537 5
3061 6148 4
3061 728 5
3061 4105 5
3061 1350 5
3061 4107 5
3061 1263 5
3061 9152 5
3061 3122 5
3061 309 5
3062 1001 5
3062 11120 5
3062 1945 5
3062 5703 5
3062 1275 5
3062 2690 5
3062 10045 1
3062 1385 5
3062 5276 1
3062 309 5
3062 836 3
3062 713 3
3062 934 4
3062 3610 5
3062 1387 3
3062 9498 5
3062 1421 2
3062 1422 2
3062 1418 3
3062 3449 3
3062 2093 5
3062 7052 5
3062 3852 5
3062 9662 4
3062 1513 1
3062 1637 5
3062 3383 5
3062 3980 4
3062 9331 1
3062 3878 5
3062 3394 5
3062 5811 5
3062 3035 5
3062 5777 5
3062 6515 5
3063 3535 5
3063 1456 5
3063 4394 5
3063 1278 5
3063 276 5
3063 772 5
3063 712 5
3063 704 5
3063 1328 5
3063 305 5
3063 1260 3
3063 732 5
3063 5418 1
3063 309 5
3063 7800 5
3063 258 5
3063 1682 5
3063 836 1
3063 740 5
3063 211 5
3063 313 5
3064 10072 3
3064 9056 3
3064 6895 4
3064 1901 5
3064 1278 3
3064 196 3
3064 832 3
3064 5806 2
3064 4868 4
3064 4715 4
3064 7750 2
3064 288 3
3064 73 4
3064 4986 2
3064 1738 4
3064 1997 4
3064 2833 5
3064 7443 4
3064 10114 2
3064 787 3
3064 323 3
3064 258 5
3064 305 3
3064 1395 3
3064 759 5
3064 4769 5
3064 309 4
3064 312 3
3064 211 5
3064 309 4
3064 276 2
3064 252 4
3064 3427 5
3064 8088 5
3064 912 3
3064 843 4
3064 313 4
3064 829 1
3064 772 5
3064 10456 5
3064 4824 4
3064 8141 2
3064 2701 4
3064 143 5
3065 11025 4
3065 7253 4
3065 309 3
3065 3920 5
3065 10005 4
3065 326 4
3065 3230 5
3065 9322 2
3065 9599 4
3065 3195 4
3065 5095 4
3065 196 2
3065 10598 3
3065 734 5
3065 306 3
3065 6396 5
3065 3263 5
3065 5819 5
3065 10017 5
3065 258 4
3065 7570 4
3065 1682 4
3065 275 3
3065 313 4
3065 309 4
3065 4540 5
3065 2244 5
3065 5313 5
3066 6089 4
3066 6104 5
3066 732 5
3066 4496 5
3066 759 5
3066 5075 3
3066 8210 1
3066 2737 5
3066 815 5
3066 312 3
3066 7788 5
3066 712 3
3066 7570 5
3066 4410 5
3066 772 4
3066 7286 3
3066 7158 5
3066 5037 4
3066 5085 4
3066 1687 5
3066 4415 4
3066 821 5
3066 1850 4
3066 305 1
3066 5614 3
3066 9876 4
3066 201 5
3066 4237 5
3066 323 5
3066 309 4
3066 5570 4
3066 7126 5
3066 5996 4
3066 7356 5
3066 313 1
3066 3273 5
3066 280 4
3066 738 3
3066 1682 5
3066 306 3
3066 4985 5
3066 2110 4
3066 196 4
3066 4988 4
3066 8003 3
3066 1275 1
3066 882 5
3066 48 5
3066 640 1
3066 7253 5
3066 122 4
3066 3064 5
3066 320 5
3066 5997 3
3066 4449 5
3066 4101 5
3066 4946 5
3066 717 5
3066 2701 5
3066 9016 4
3066 6400 3
3066 4703 4
3066 5607 2
3066 8586 4
3066 3310 4
3066 4715 4
3066 5675 5
3066 7600 5
3066 4543 5
3067 1274 5
3067 6093 4
3067 323 5
3067 829 4
3067 832 3
3067 759 5
3067 28 3
3067 1277 5
3067 4239 4
3067 855 5
3067 9183 3
3067 11379 5
3067 6367 5
3067 4281 5
3067 1982 4
3067 211 4
3067 3822 5
3067 4919 3
3067 2711 5
3067 5837 5
3067 1377 5
3068 10294 4
3068 7454 5
3068 5550 4
3068 4040 5
3068 9700 2
3069 3763 4
3069 10794 5
3069 2095 5
3069 3913 4
3069 3337 5
3069 10383 5
3069 1506 5
3069 3715 2
3069 891 5
3069 8681 5
3069 1032 5
3069 1395 5
3069 56 5
3069 11349 5
3070 907 5
3070 7568 5
3070 284 4
3070 3310 5
3070 10551 5
3070 10347 5
3070 2158 5
3071 2651 5
3071 4905 4
3071 104 5
3072 2066 4
3072 196 5
3072 1584 3
3073 11593 5
3073 370 5
3073 3225 5
3073 8619 5
3073 7011 5
3073 2451 5
3073 3183 4
3073 11572 5
3073 2074 4
3073 968 5
3073 5689 5
3074 3269 5
3074 159 5
3074 3243 4
3074 1608 4
3074 2846 5
3074 3693 4
3074 7764 1
3074 5967 5
3074 41 5
3074 2372 5
3074 2405 5
3074 638 5
3074 1877 4
3074 1884 1
3074 1262 5
3074 1673 5
3074 5537 5
3074 435 5
3074 2454 5
3074 5179 4
3074 2958 4
3074 8771 5
3074 8905 5
3075 3556 5
3075 8380 5
3075 832 3
3075 7273 5
3075 7943 5
3075 6839 5
3075 3315 4
3075 196 5
3075 2844 5
3076 3672 5
3076 9335 5
3076 8322 5
3076 6845 5
3076 1177 4
3076 1242 4
3076 8801 3
3077 4113 4
3077 4105 5
3077 695 1
3077 4932 1
3077 1673 4
3077 766 1
3077 6390 1
3077 609 4
3077 5513 5
3077 1211 1
3077 2475 5
3077 5865 5
3077 837 4
3077 2747 5
3078 4474 5
3078 5946 3
3078 3748 4
3078 6362 5
3078 11137 5
3078 3630 4
3078 5938 5
3078 8631 5
3078 6494 5
3078 4232 3
3078 239 4
3078 9047 4
3078 4883 5
3078 3012 4
3078 2472 4
3078 3377 2
3079 11113 4
3079 369 4
3079 7375 5
3079 7105 4
3079 8311 5
3079 4576 5
3079 1364 5
3080 4280 5
3080 8653 5
3080 3553 5
3080 10567 5
3080 3000 5
3080 728 4
3080 3878 5
3080 7841 5
3081 2586 5
3081 6100 4
3081 11407 4
3081 5858 5
3081 549 5
3082 6209 4
3082 6207 5
3082 1640 5
3082 3642 5
3082 9222 5
3082 3642 5
3083 8963 5
3083 3031 5
3083 7788 5
3083 11382 5
3084 8188 4
3084 3654 2
3084 6066 5
3084 7792 2
3085 7750 5
3085 728 5
3085 2598 4
3085 8917 4
3085 8840 4
3085 4495 5
3085 3503 5
3085 8330 5
3086 766 5
3086 3002 5
3086 269 5
3086 740 3
3086 1673 4
3086 4661 5
3086 1682 4
3086 1277 5
3086 1275 4
3086 699 5
3086 309 3
3087 660 5
3087 832 5
3087 312 5
3087 6996 4
3087 7001 5
3087 276 5
3087 466 5
3088 3134 2
3088 762 5
3088 323 5
3088 6447 3
3088 728 3
3088 9880 2
3088 10146 3
3088 3304 3
3089 276 5
3089 732 5
3089 3968 4
3089 3474 5
3089 11349 4
3089 3543 5
3089 4935 5
3089 327 5
3089 3863 5
3089 2252 5
3089 1312 2
3089 2690 1
3089 11590 4
3089 1067 5
3089 1515 2
3089 4690 5
3089 5520 5
3089 11603 5
3089 3952 5
3089 11029 5
3089 3756 4
3089 9394 4
3089 2243 2
3089 6595 4
3089 5617 4
3089 4829 4
3089 9210 2
3089 5833 4
3089 962 3
3089 5228 3
3089 5370 4
3089 10032 3
3089 9236 4
3089 8663 4
3089 3749 4
3089 1329 5
3089 10590 4
3089 11006 5
3089 11461 4
3089 6039 2
3089 3784 4
3089 10487 3
3089 11352 3
3089 10488 3
3089 10833 5
3089 5229 3
3089 1021 5
3089 3784 4
3089 5496 5
3089 5498 4
3089 9493 5
3090 1670 5
3090 10621 5
3090 5759 4
3090 1795 4
3090 3372 4
3090 1487 4
3090 2830 4
3090 146 4
3090 10542 4
3090 3479 2
3091 11604 4
3091 3576 4
3091 5689 5
3091 11472 4
3092 766 3
3092 312 3
3092 196 3
3092 309 3
3092 1979 4
3092 772 4
3092 1332 4
3092 4560 4
3092 1277 5
3092 44 4
3092 7707 4
3093 11065 5
3093 832 4
3093 739 3
3093 196 3
3093 326 5
3093 309 2
3093 1668 1
3093 1418 5
3094 258 4
3094 313 5
3094 762 5
3094 832 5
3094 5717 4
3094 4427 5
3094 2334 4
3094 719 5
3094 997 4
3094 9919 2
3094 4045 4
3094 1819 5
3094 6923 5
3094 4795 4
3094 4623 4
3094 1455 4
3094 6472 3
3094 11109 5
3094 3304 3
3095 832 5
3095 5043 5
3095 6278 5
3095 10178 5
3095 8880 5
3095 1707 5
3096 4671 2
3096 2863 5
3096 6348 2
3096 8214 4
3096 600 3
3096 632 4
3096 3675 4
3096 2227 4
3096 3671 5
3096 7282 5
3096 9159 4
3097 7346 4
3097 2473 2
3097 2326 5
3097 4303 5
3097 2548 5
3097 2323 5
3097 2325 4
3097 3980 4
3097 7119 3
3097 373 4
3097 5468 5
3097 1193 2
3097 6480 5
3097 387 1
3097 1030 3
3097 7132 5
3097 5050 4
3097 9848 4
3097 9851 5
3097 2469 5
3097 2381 3
3097 2384 4
3097 2403 5
3097 2401 5
3097 1308 5
3098 1216 5
3098 6616 5
3098 606 5
3098 2316 2
3098 4468 3
3098 335 3
3098 5867 5
3098 2174 5
3098 414 5
3098 1673 3
3098 3895 5
3098 6034 4
3098 6635 4
3098 1589 4
3098 339 3
3098 5929 4
3098 1124 2
3098 6165 5
3098 413 3
3098 6802 4
3098 909 1
3098 6803 4
3098 375 4
3098 1186 4
3098 4193 5
3098 5640 1
3098 1668 2
3098 6022 4
3098 8411 4
3098 904 3
3098 458 5
3098 447 4
3098 373 2
3098 429 4
3098 3844 4
3098 3026 2
3098 485 3
3098 3773 5
3098 2425 5
3098 7009 5
3098 3131 4
3098 9116 5
3098 2287 3
3098 415 5
3098 2981 4
3098 8345 1
3098 498 5
3099 10479 4
3099 729 5
3099 9494 5
3100 1570 5
3100 6329 5
3100 627 5
3100 6754 5
3100 11131 4
3100 1374 4
3100 6898 4
3100 6014 3
3100 6860 5
3100 2439 5
3100 6794 5
3100 3302 5
3100 6281 5
3100 1657 5
3100 1873 5
3100 4574 5
3100 11072 5
3100 4995 5
3100 2479 5
3100 6848 4
3100 10751 5
3100 590 5
3100 11605 5
3100 8017 5
3100 9964 5
3100 9231 5
3100 11234 5
3100 2592 5
3100 2762 5
3100 3301 5
3100 8032 4
3100 636 5
3100 3312 3
3101 416 4
3101 408 4
3101 335 5
3101 366 5
3102 396 4
3102 2455 5
3102 420 4
3102 2436 5
3102 415 2
3102 2287 4
3102 1836 4
3102 7841 4
3102 3610 2
3102 2347 5
3102 2804 3
3102 2157 4
3102 518 5
3103 3242 5
3103 5940 3
3103 6018 5
3104 4033 5
3104 1126 5
3104 3661 5
3104 1204 4
3104 3368 2
3104 3170 3
3104 3353 5
3104 3362 4
3104 8091 5
3104 5881 4
3104 3042 4
3104 3474 4
3104 3367 5
3104 3347 5
3104 4060 5
3105 11130 5
3105 10296 5
3105 5541 5
3105 6831 5
3105 6830 5
3105 6829 5
3105 5551 4
3105 6008 5
3105 3440 5
3105 6833 5
3105 3034 5
3105 2257 5
3105 1147 4
3105 4656 5
3105 11581 5
3106 6756 5
3106 630 5
3106 3068 5
3106 11576 5
3106 3706 5
3106 7167 5
3107 1332 5
3107 3650 4
3107 3256 5
3107 6833 5
3107 3362 5
3107 7701 5
3107 4782 5
3107 3322 5
3107 679 5
3107 7158 5
3107 4701 1
3107 857 3
3107 9119 4
3107 5819 5
3107 862 5
3108 9137 5
3108 3256 5
3108 11606 4
3108 6991 5
3108 9139 5
3108 6116 3
3108 4578 4
3108 6992 5
3108 3368 5
3108 6874 5
3109 3176 4
3109 3166 5
3109 934 4
3109 2156 4
3109 7260 5
3109 2498 3
3109 10004 4
3110 211 4
3110 5766 5
3110 1998 1
3110 7710 4
3110 699 3
3110 2651 5
3110 1421 3
3110 6923 4
3110 1643 3
3110 4105 5
3110 3427 5
3110 3487 4
3110 6648 4
3110 4831 4
3111 1336 5
3111 1277 5
3111 1665 5
3111 6093 4
3111 850 4
3112 6211 4
3112 7366 5
3112 333 4
3112 571 5
3112 11233 5
3112 3039 5
3112 3037 4
3112 7005 5
3112 11130 5
3112 6212 5
3112 4696 5
3112 4571 5
3112 5969 5
3112 3065 4
3112 3411 5
3113 2959 3
3113 3642 5
3113 4673 2
3114 2443 5
3114 4303 4
3114 7332 4
3114 1908 5
3114 2474 5
3114 9069 4
3114 6898 4
3114 5897 4
3114 3036 4
3114 1787 5
3115 585 5
3115 9890 4
3115 1332 4
3115 6891 3
3116 7800 5
3116 2529 4
3116 1673 5
3116 3176 5
3116 6873 4
3116 8962 4
3116 2592 5
3116 8676 4
3116 7137 4
3116 3175 5
3116 8457 4
3116 3474 4
3117 6479 5
3117 1277 5
3117 1332 3
3118 1560 4
3118 1650 5
3118 3533 5
3118 7900 5
3118 1422 4
3118 7484 5
3118 2464 5
3118 7658 5
3118 8263 5
3118 2032 5
3118 5560 5
3118 7515 4
3119 1682 4
3119 1626 4
3119 766 5
3119 2651 5
3119 1668 1
3119 6040 5
3119 6826 2
3119 5808 5
3119 1852 4
3120 2130 3
3120 728 3
3120 1332 3
3120 6839 5
3120 766 2
3120 1665 5
3120 7194 4
3121 7138 4
3121 1230 5
3121 9608 4
3121 3178 5
3122 11107 4
3122 889 4
3122 1775 4
3122 1535 4
3122 656 4
3122 326 5
3122 11584 5
3122 7158 5
3122 1976 5
3122 2277 5
3122 167 5
3122 661 4
3122 4904 5
3122 313 5
3122 1418 4
3122 751 5
3122 1981 5
3122 824 4
3122 772 5
3122 1395 5
3122 3123 4
3122 610 4
3122 288 4
3122 196 4
3122 9384 4
3122 276 4
3122 4368 4
3122 728 4
3122 5151 4
3122 312 5
3122 309 4
3122 741 5
3122 2926 4
3122 1278 4
3122 211 4
3122 738 4
3122 706 4
3122 762 5
3122 687 5
3122 832 5
3122 759 4
3122 843 3
3122 1301 5
3122 9840 5
3122 258 3
3122 829 4
3122 9694 4
3122 104 4
3122 323 5
3122 699 5
3122 739 3
3122 4742 4
3122 1968 3
3122 712 5
3122 1332 4
3122 217 4
3122 740 3
3123 2472 4
3123 1469 5
3123 11184 5
3124 9222 5
3124 8130 5
3124 1172 5
3124 5331 5
3124 628 3
3124 6872 5
3124 1580 5
3124 3044 5
3124 11607 5
3124 8677 5
3124 1826 5
3124 7120 3
3124 2584 5
3124 2655 5
3124 196 5
3124 1332 5
3124 1665 5
3124 1656 5
3124 312 5
3124 1693 5
3124 276 5
3124 1236 4
3124 7054 5
3124 11608 5
3124 3210 5
3124 3406 4
3124 500 4
3124 2648 5
3124 904 4
3124 1713 4
3124 1083 5
3124 1082 4
3124 650 5
3124 5227 5
3124 6328 5
3125 8235 4
3125 9026 5
3125 3239 4
3125 11329 5
3125 5227 5
3126 8386 4
3126 668 4
3126 6210 5
3126 2000 5
3126 6992 5
3126 2059 3
3126 3254 4
3127 766 4
3127 713 2
3127 9585 4
3127 3057 5
3127 4091 4
3127 3633 4
3128 829 1
3128 759 2
3128 8898 5
3128 5705 5
3128 10663 5
3128 8529 5
3128 11443 5
3129 3145 5
3129 8551 5
3129 6472 5
3129 941 5
3130 7976 4
3130 4098 3
3130 3075 5
3130 211 4
3130 1774 3
3130 309 3
3131 420 2
3131 2127 4
3131 529 4
3131 1149 2
3131 2164 1
3131 1251 4
3131 2392 5
3131 7134 4
3131 5883 2
3131 511 4
3131 349 5
3131 2197 5
3131 1163 5
3131 9879 4
3131 8934 3
3131 2350 3
3131 2575 4
3131 2331 2
3131 369 3
3131 6027 2
3131 2233 1
3131 2580 5
3131 1229 5
3131 1246 1
3131 6866 5
3131 525 2
3131 2584 5
3131 1236 2
3131 2390 2
3131 596 2
3131 323 3
3131 3406 3
3131 9812 4
3131 2573 4
3131 6553 4
3131 1227 5
3131 479 3
3131 6940 1
3131 507 5
3131 5207 2
3131 1250 4
3131 1253 4
3131 443 3
3131 3878 2
3131 2897 4
3131 478 3
3131 1713 3
3131 2601 3
3131 2423 3
3131 6561 3
3131 11585 5
3131 3440 5
3131 3384 4
3131 7521 5
3131 11140 3
3131 6156 4
3131 2600 3
3131 1233 4
3131 3484 4
3131 2606 3
3131 9932 3
3131 559 3
3131 1908 5
3131 1228 2
3131 9816 3
3131 312 3
3131 571 5
3131 586 4
3131 11141 5
3131 2660 2
3131 11197 5
3131 309 5
3131 9112 3
3131 1990 5
3131 6276 1
3131 2918 4
3131 2621 4
3131 528 4
3131 476 3
3131 2617 2
3131 9817 3
3131 565 3
3131 2405 3
3131 6868 5
3132 5658 5
3132 8121 4
3132 11608 5
3132 5444 5
3132 8575 5
3133 9316 4
3133 762 4
3133 104 4
3133 312 4
3133 196 4
3133 309 4
3133 211 4
3133 3414 5
3134 6113 5
3134 4782 5
3134 6278 5
3134 2981 3
3134 6837 5
3135 2515 4
3135 1650 5
3135 1184 4
3135 7385 3
3135 3125 5
3135 7066 2
3135 792 1
3135 6209 4
3135 829 1
3135 1264 4
3135 1965 2
3135 6667 4
3135 8823 4
3135 3372 4
3135 661 3
3135 1966 5
3135 258 3
3135 1275 1
3135 276 4
3135 704 3
3135 843 3
3136 3479 4
3136 4686 5
3136 9897 4
3137 1724 4
3137 6803 3
3137 6102 5
3138 6610 4
3138 832 4
3138 4072 5
3138 8420 5
3138 8723 5
3138 1217 3
3138 1275 4
3138 10079 5
3138 741 4
3138 3084 4
3138 740 4
3138 8329 4
3138 1966 4
3138 712 4
3138 11107 4
3138 735 4
3138 1542 4
3138 1535 4
3138 661 3
3138 739 4
3138 1442 2
3138 706 4
3138 28 4
3138 309 4
3138 792 4
3138 772 4
3138 704 4
3138 759 4
3138 11199 4
3138 843 4
3138 313 4
3138 276 4
3138 1395 4
3138 4244 5
3138 11564 5
3138 728 4
3138 3551 4
3138 4742 4
3138 4206 4
3138 695 4
3138 8951 5
3138 3962 5
3138 8064 5
3138 11112 3
3138 1773 3
3138 656 5
3138 4535 5
3139 312 1
3139 3000 5
3139 7317 5
3139 10837 3
3140 1332 5
3140 11555 5
3140 8640 4
3140 309 4
3140 1241 5
3140 2655 4
3140 1417 5
3140 8573 4
3140 1242 4
3140 11216 4
3140 11353 5
3140 2597 3
3141 196 5
3141 3474 5
3141 3532 5
1604 4804 4
1604 3726 5
1604 5808 5
1604 9874 5
3142 3627 3
3142 934 5
3142 1202 4
3142 1365 3
3142 1876 4
3142 3949 1
3142 4009 4
3142 900 3
3142 814 3
3142 9604 5
3142 3195 4
3142 8949 4
3142 1052 2
3142 947 2
3142 5733 4
3142 8686 4
3142 10803 4
3143 4179 4
3143 10943 4
3143 5564 5
3143 9375 4
3143 484 4
3143 10283 4
3143 4024 5
3143 978 1
3143 9611 5
3143 5594 4
3143 4834 5
3143 2746 5
3143 10545 5
3143 4749 4
3143 11425 2
3143 10820 5
3144 8629 5
3144 5239 5
3144 4914 3
3144 62 2
3144 5406 1
3144 3894 5
3144 1450 4
3144 10397 4
3145 2727 4
3145 9497 5
3145 5462 5
3145 6941 4
3145 934 5
3145 5280 3
3145 8925 5
3145 10524 4
3145 8640 2
3145 9411 5
3145 10969 2
3145 11031 5
3145 3041 5
3145 9854 5
3145 2682 5
3145 2318 4
3145 2756 5
3145 2941 5
3145 5932 5
3145 5467 1
3145 11609 4
3146 1467 4
3146 9210 4
3146 9189 5
3146 4727 5
3146 948 5
3146 3606 5
3146 991 5
3146 3949 3
3146 10149 5
3146 5125 5
3146 8180 5
3146 8124 5
3146 7751 5
3146 6955 5
3146 8759 4
3146 128 5
3146 1074 5
3146 3813 4
3146 906 4
3146 10984 5
3146 2940 5
3146 5985 5
3146 4849 5
3146 3808 5
3146 8541 4
3146 1057 5
3146 8500 5
3147 2991 2
3147 3852 5
3147 459 5
3147 1097 3
3147 484 5
3147 934 4
3147 9235 5
3147 2992 4
3147 1067 5
3147 990 4
3148 5997 4
3148 1002 4
3148 8248 4
3148 2701 4
3148 10807 3
3148 971 2
3148 8242 4
3148 3946 4
3148 7716 4
3148 5222 4
3148 4848 4
3148 11543 5
3149 8504 5
3149 8005 2
3149 5183 5
3149 11464 5
3149 9977 5
3149 934 5
3149 9668 5
3149 7716 2
3149 3016 5
3149 4404 5
3149 3819 5
3149 952 3
3149 7978 5
3149 11224 4
3149 1103 5
3149 10521 4
3149 10727 4
3149 10722 5
3149 5287 4
3149 10751 5
3149 3801 5
3149 1075 3
3149 5024 5
3149 1069 4
3149 3950 3
3150 1829 4
3150 5263 4
3150 5295 5
3150 11306 5
3150 10223 4
3150 5479 5
3150 9552 5
3150 2429 5
3150 4561 3
3150 979 5
3150 5409 3
3150 4337 3
3150 10067 5
3150 11579 5
3150 994 3
3150 1049 4
3150 7300 4
3150 8961 2
3150 10874 5
3150 9683 5
3150 11384 4
3150 4736 5
3150 5226 4
3150 8505 1
3150 934 5
3150 10937 3
3150 11444 3
3150 10913 5
3150 184 3
3150 3801 5
3150 4717 3
3150 4037 5
3150 9998 5
3150 11610 5
3150 321 1
3151 10097 5
3151 11092 5
3151 967 2
3151 952 5
3151 3801 5
3151 900 5
3151 4022 3
3151 3583 5
3151 266 4
3151 5182 4
3151 3717 5
3151 10397 5
3151 919 4
3151 975 3
3151 1450 4
3151 1461 3
3151 3884 5
3151 10713 1
3151 1003 4
3151 10590 4
3151 957 3
3151 9944 5
3151 11221 3
3151 5220 4
3151 8373 2
3151 992 2
3151 4918 4
3151 3849 5
3151 949 5
3151 7572 4
3151 8495 4
3151 5733 4
3151 3680 4
3151 4437 4
3151 5171 3
3151 3925 5
3151 1001 2
3151 3275 5
3151 2646 5
3151 1003 5
3151 1629 3
3151 4277 4
3151 934 5
3151 4744 5
3151 1048 3
3151 5997 3
3151 239 4
3151 4395 5
3151 977 4
3151 4385 4
3151 5476 5
3151 8681 5
3151 11054 3
3151 3195 4
3151 1049 5
3151 7559 1
3151 9085 2
3151 3944 4
3151 3435 4
3151 1329 5
3151 10489 4
3151 862 4
3151 8296 4
3151 11450 4
3151 1503 1
3151 1960 5
3151 5365 4
3151 4135 4
3152 3352 1
3152 3329 5
3152 6651 1
3152 3480 5
3152 9610 5
3152 5058 2
3152 5324 1
3152 3726 1
3152 6267 4
3152 4675 1
3152 1333 4
3152 2648 1
3152 5365 1
3152 1457 1
3152 9569 5
3152 5319 1
3152 10475 4
3152 3801 5
3152 4675 1
3152 3329 5
3152 10839 5
3152 2689 1
3152 1060 4
3152 5257 5
3152 1365 4
3152 1078 3
3152 4675 1
3152 11498 2
3152 1067 1
3152 3750 3
3152 2689 1
3152 2557 1
3152 3579 5
3152 4627 5
3152 7436 1
3153 7712 4
3153 3521 4
3153 9495 4
3153 900 5
3153 4932 4
3153 3801 4
3154 934 5
3154 3737 5
3154 5282 4
3154 10968 4
3154 10791 4
3154 8033 4
3154 3447 5
3154 1067 5
3154 981 5
3154 9265 5
3154 3798 4
3154 5312 5
3154 10866 5
3154 4275 4
3154 8362 5
3154 947 5
3154 10536 4
3154 3949 2
3155 378 4
3155 4055 4
3155 4401 5
3155 3849 5
3155 2854 4
3155 844 4
3155 272 5
3155 10014 5
3155 3699 5
3155 900 5
3155 895 4
3155 3768 5
3155 4862 5
3155 4393 4
3155 3717 4
3155 3714 4
3155 1104 5
3155 9877 5
3155 10519 5
3155 5639 5
3155 4667 5
3155 1515 4
3156 3869 5
3156 10814 5
3156 3879 5
3156 11417 1
3156 3870 4
3156 9296 2
3156 919 4
3156 207 5
3156 5281 4
3156 9408 5
3156 4561 5
3156 4135 5
3156 4386 5
3156 1061 4
3156 4054 5
3156 3627 2
3156 2036 5
3156 3446 4
3156 8745 5
3156 1060 1
3157 8362 5
3157 1911 4
3157 9915 2
3157 4589 5
3157 686 5
3157 1075 1
3157 5811 3
3157 3999 5
3157 8388 4
3157 500 2
3157 807 4
3157 1394 4
3157 2720 2
3157 3146 3
3157 4781 5
3157 2244 4
3157 3834 4
3157 6763 5
3157 8640 4
3157 2174 5
3157 3617 5
3157 828 3
3157 2461 3
3157 4383 4
3157 4411 2
3157 452 4
3157 1036 5
3157 904 5
3157 3032 5
3157 3807 1
3157 2363 5
3157 10256 5
3157 2928 4
3157 1429 5
3157 4914 3
3157 2398 2
3157 2315 4
3157 856 4
3157 3827 1
3157 7976 4
3157 1876 5
3157 1521 3
3157 104 5
3157 3267 3
3157 3870 4
3157 2214 4
3157 8662 1
3157 10943 4
3157 3817 5
3157 5231 5
3157 3757 5
3157 2616 5
3157 2639 5
3157 5194 5
3157 10710 5
3157 5379 5
3157 857 4
3157 477 4
3157 3869 3
3157 2615 1
3157 8719 5
3157 10879 5
3157 8961 3
3157 5579 3
3157 10227 1
3157 2045 1
3157 3144 4
3157 1028 4
3157 4599 1
3157 411 5
3157 11182 4
3157 20 5
3157 2947 5
3157 1498 4
3157 3808 5
3157 10875 3
3157 9788 1
3157 5370 5
3157 11596 5
3157 1816 3
3157 1065 5
3157 10141 5
3157 941 3
3157 1462 5
3157 2550 3
3157 9797 5
3157 5004 4
3157 842 5
3157 5158 5
3157 4137 4
3157 759 5
3157 741 1
3157 288 5
3157 4303 5
3157 5106 1
3157 10763 1
3157 979 5
3157 312 4
3157 10814 5
3157 5368 4
3157 2557 1
3157 5248 5
3157 1017 4
3157 9911 5
3157 363 5
3157 1400 4
3157 2722 4
3157 1450 5
3157 1449 5
3157 9431 4
3157 3781 5
3157 1441 1
3157 5231 5
3157 9390 4
3157 410 2
3157 4788 5
3157 2252 5
3157 2320 5
3157 459 5
3157 7750 5
3157 412 5
3157 5182 1
3157 77 4
3157 2323 5
3157 8410 5
3157 1764 5
3157 3802 2
3157 1620 2
3157 2340 1
3157 8847 5
3157 1522 3
3157 3322 5
3157 6510 3
3157 1061 1
3157 5526 4
3157 2220 4
3157 4975 5
3157 3883 5
3157 1510 5
3157 1438 5
3157 1416 4
3157 3115 5
3157 735 3
3157 196 5
3157 7571 2
3157 10649 3
3157 9465 5
3157 5042 1
3157 6621 3
3157 3811 5
3157 1512 1
3157 11580 5
3157 4136 3
3157 312 2
3157 8602 5
3157 5737 3
3157 867 5
3157 8584 1
3157 323 1
3157 762 3
3157 749 3
3157 8830 5
3157 5570 5
3157 2701 4
3157 10499 3
3157 9650 5
3157 127 5
3157 4074 4
3157 4341 5
3157 2686 5
3157 7683 5
3157 3126 5
3157 7486 1
3157 9571 1
3157 1985 5
3157 9214 5
3157 9449 2
3157 11501 2
3157 11017 5
3157 6623 3
3157 862 5
3157 640 1
3157 4234 3
3157 8646 5
3157 9979 2
3157 9442 4
3157 3379 3
3157 63 3
3157 3766 1
3157 8362 4
3157 5441 2
3157 10513 3
3157 1098 3
3157 1960 2
3157 1708 4
3157 1060 4
3157 8601 5
3157 2194 5
3157 4216 2
3157 881 4
3157 3790 4
3157 4829 5
3157 1705 4
3157 1470 5
3157 580 5
3157 896 5
3157 3853 5
3157 4788 4
3157 11016 4
3157 9276 2
3157 3138 5
3157 10928 5
3157 1458 4
3157 904 5
3157 10465 3
3157 2756 3
3157 10238 2
3157 8307 3
3157 3085 5
3157 8115 5
3157 5524 4
3157 3778 4
3157 6706 3
3157 4597 4
3157 907 2
3157 6664 4
3157 11030 5
3157 11418 2
3157 574 1
3157 1379 4
3157 6550 5
3157 5239 4
3157 3754 5
3157 56 5
3157 3146 5
3157 1480 1
3157 5734 4
3157 6163 4
3157 913 5
3157 1439 4
3157 3625 4
3157 9945 1
3157 6618 4
3157 10893 4
3157 1094 5
3157 9236 4
3157 3944 1
3157 1099 4
3157 917 5
3157 11355 2
3157 5489 5
3157 3446 5
3157 5307 4
3157 901 5
3157 294 5
3157 4864 5
3157 1015 5
3157 4854 4
3157 928 3
3157 1062 4
3157 1497 5
3157 184 4
3157 8732 4
3157 9125 4
3157 4561 3
3157 1037 2
3157 1607 1
3157 2264 3
3157 10964 5
3157 4220 2
3157 9679 4
3157 11579 4
3157 1016 2
3157 1082 5
3157 3880 5
3157 1501 5
3157 6882 4
3157 1344 5
3157 975 1
3157 11583 4
3157 4527 2
3157 10503 5
3157 6402 3
3157 1398 3
3157 1048 4
3157 6845 5
3157 9717 4
3157 1500 2
3157 906 3
3157 1585 3
3157 978 4
3157 11380 5
3157 1047 5
3157 6634 4
3157 10472 3
3157 4673 4
3157 165 5
3157 8328 5
3157 10771 5
3157 1513 3
3157 5228 5
3157 9626 4
3157 5178 2
3157 3801 5
3157 10876 2
3157 3927 2
3157 3929 4
3157 4965 3
3157 6907 4
3157 11044 3
3157 1081 3
3157 1067 1
3157 10562 1
3157 9445 1
3157 1078 3
3157 5170 1
3157 10563 2
3157 10930 2
3157 9290 5
3157 9916 4
3157 8310 5
3157 5166 1
3157 9613 4
3157 4819 5
3157 8827 4
3157 11513 4
3157 10951 4
3157 10975 3
3157 10792 1
3157 4967 5
3157 10082 5
3157 1059 4
3157 1079 2
3157 9133 4
3157 9910 5
3157 10791 3
3157 5321 3
3157 934 5
3157 5228 4
3157 1424 5
3157 3388 4
3157 10466 3
3157 9952 4
3157 11049 5
3157 6967 1
3157 3621 4
3157 5229 3
3157 2690 2
3157 6633 2
3157 10789 1
3157 8322 2
3157 6039 4
3157 6632 3
3157 10769 1
3157 10488 2
3157 10505 4
3157 10487 3
3157 7966 4
3157 550 5
3157 5220 5
3157 10675 4
3157 10526 4
3157 4794 5
3157 10839 4
3157 10764 1
3157 11027 3
3157 3612 4
3157 9969 4
3157 1701 2
3157 11028 5
3157 10920 5
3157 1452 5
3157 8314 3
3157 1043 5
3157 4385 5
3157 5183 1
3157 4826 4
3157 8745 5
3157 1361 4
3157 327 5
3157 8602 5
3157 6595 5
3157 10945 5
3157 5226 5
3157 7151 3
3157 11598 1
3157 1073 5
3157 5228 2
3157 8866 2
3157 9905 4
3157 9908 5
3157 3032 4
3157 2570 3
3157 942 3
3157 8954 4
3157 3796 5
3157 3749 5
3157 10491 4
3157 4636 5
3157 5228 3
3157 954 4
3157 4786 4
3157 5222 1
3157 10524 5
3157 8740 5
3157 9241 5
3157 1959 5
3157 1329 5
3157 5833 4
3157 1959 3
3157 3749 5
3157 5370 4
3158 9758 4
3158 6881 4
3158 5526 3
3158 2269 5
3158 1515 5
3158 3943 4
3158 1060 5
3158 11450 5
3158 11440 4
3158 1086 5
3158 10905 4
3158 6562 4
3158 9954 4
3158 1020 3
3158 6041 5
3158 2329 3
3158 9743 4
3158 3950 4
3158 10159 5
3158 11611 4
3158 8943 4
3158 4261 4
3158 5288 3
3158 5985 4
3158 5606 4
3158 9940 4
3158 3058 5
3158 9153 5
3158 2615 3
3158 1192 4
3158 3764 4
3158 954 5
3158 3953 4
3158 3953 5
3158 10796 4
3158 10065 5
3158 890 4
3158 8943 4
3158 3055 4
3158 10039 4
3158 906 5
3158 4794 5
3158 5175 4
3158 1067 4
3158 2425 5
3158 10939 2
3158 3884 4
3158 5166 4
3158 3252 5
3158 2557 4
3158 10413 5
3158 1028 5
3158 954 4
3158 1067 4
3158 11465 5
3158 1067 4
3158 10248 5
3158 9555 3
3158 4261 4
3158 7552 4
3158 5751 4
3158 5058 3
3158 5025 5
3158 3883 5
3158 3623 4
3158 3718 4
3158 5318 4
3158 10802 5
3158 3863 5
3158 10225 5
3158 2710 5
3158 5497 3
3158 9232 4
3158 4849 4
3158 10445 4
3158 10593 5
3159 792 3
3159 3422 5
3159 3125 5
3159 3602 3
3159 843 1
3159 728 3
3159 5146 5
3159 5490 5
3159 5366 5
3159 4975 5
3159 760 5
3159 9860 4
3159 1065 5
3159 10906 5
3159 1090 5
3159 11509 5
3159 729 5
3159 10326 5
3159 5368 5
3159 1520 5
3159 9098 4
3159 3796 5
3159 11612 5
3159 10225 5
3159 11294 4
3159 978 5
3159 979 5
3159 3870 5
3159 3768 2
3159 3738 5
3159 11445 2
3159 3583 4
3159 4031 5
3159 10476 5
3159 2263 5
3159 2689 4
3159 8847 5
3159 932 4
3159 1043 5
3159 5846 5
3159 10701 4
3159 934 5
3159 5183 5
3159 2262 5
3159 10681 5
3159 2707 5
3159 2593 5
3159 6752 5
3159 10702 5
3159 11326 5
3159 9569 5
3159 4861 2
3159 6774 5
3159 6955 5
3159 1192 5
3159 1104 4
3159 4095 5
3159 10601 5
3159 3424 1
3159 9903 5
3159 1522 5
3159 10199 5
3159 10670 5
3159 1365 5
3159 11495 5
3159 5058 5
3159 2730 5
3159 3913 5
3159 9491 5
3159 10679 5
3159 3144 5
3159 1083 5
3160 4141 5
3160 4795 5
3160 5351 5
3160 5249 4
3160 7757 3
3160 6581 3
3160 977 5
3160 8717 5
3160 11029 5
3160 4135 5
3160 5226 4
3160 10238 3
3161 6562 4
3161 5464 4
3161 9174 4
3161 9715 4
3161 7759 4
3161 10475 4
3161 8510 4
3161 11151 3
3161 11040 4
3161 11613 4
3161 10650 4
3161 11041 4
3161 3846 4
3161 4100 4
3161 9439 4
3161 3963 4
3161 9670 4
3161 326 4
3161 3666 4
3161 10682 4
3161 10760 4
3161 3824 4
3161 1400 4
3161 3275 4
3161 7918 3
3161 8862 4
3161 4294 4
3161 5733 4
3161 5302 4
3161 1099 4
3161 9553 4
3161 1107 4
3161 7572 4
3161 1951 4
3161 900 4
3161 10932 4
3161 8609 4
3161 1395 4
3161 3748 4
3161 1516 4
3161 5621 4
3161 11294 5
3161 10979 4
3161 3459 4
3161 8898 4
3161 10802 4
3161 7442 4
3161 10404 3
3161 11446 4
3161 3949 4
3161 9278 4
3161 9568 4
3161 1508 4
3161 2707 4
3161 5633 4
3161 9299 4
3161 10816 4
3161 4135 4
3161 3855 4
3161 4649 4
3161 10403 4
3161 8913 4
3161 3941 4
3161 3929 4
3161 9120 4
3161 892 4
3161 7568 4
3161 10649 4
3161 4877 4
3161 4667 4
3161 6077 4
3161 2263 4
3161 10402 3
3161 1470 4
3161 969 4
3161 1491 4
3161 3757 4
3161 3933 3
3161 1500 2
3161 9700 3
3161 920 4
3161 3195 4
3161 10845 4
3161 4358 4
3161 3810 4
3161 5773 3
3161 3888 3
3161 8650 4
3161 10914 4
3161 3717 4
3161 3796 4
3161 888 4
3161 10238 4
3161 995 4
3161 4414 4
3161 985 5
3161 1960 4
3161 9907 4
3161 7192 4
3161 5891 4
3161 6152 4
3161 1042 4
3161 1501 3
3161 2726 4
3161 1048 4
3161 945 4
3161 2618 4
3161 4561 4
3161 6682 3
3161 6846 4
3161 926 5
3161 6087 5
3161 1510 4
3161 3379 4
3161 862 4
3161 964 3
3161 946 3
3161 3598 4
3161 10317 4
3161 930 4
3161 5398 4
3161 10388 3
3161 10031 4
3161 9434 4
3161 9455 4
3161 10804 4
3161 8598 4
3161 963 3
3161 6573 4
3161 994 4
3161 10236 4
3161 997 5
3161 11047 4
3161 9902 4
3161 10788 5
3161 7375 4
3161 10397 4
3161 10885 4
3161 10586 4
3161 11614 2
3161 7734 4
3161 10224 4
3161 5835 4
3161 7568 5
3161 3949 3
3161 868 4
3161 485 4
3161 7664 4
3161 9952 5
3161 10769 3
3161 3621 4
3161 3749 4
3161 10128 4
3161 6633 4
3161 1081 4
3161 8757 5
3161 8087 2
3161 2750 4
3161 7487 4
3161 239 4
3161 6116 5
3161 9769 5
3161 3806 4
3161 11311 5
3161 4394 4
3161 1098 4
3161 3756 4
3161 1461 4
3161 6664 2
3161 6612 3
3161 3830 4
3161 5048 4
3161 5183 3
3161 936 4
3161 9992 3
3161 10563 4
3161 1067 4
3161 4408 3
3161 3819 4
3161 10524 4
3161 10212 4
3161 11004 3
3161 1257 4
3161 8506 5
3161 3469 4
3161 9236 4
3161 962 4
3161 10936 5
3161 5395 4
3161 5630 5
3161 5371 4
3161 10592 4
3161 4216 3
3161 11054 4
3161 1463 4
3161 5228 4
3161 966 4
3161 11611 4
3161 3656 5
3161 3929 5
3161 9100 4
3161 6041 4
3161 919 3
3161 8362 3
3161 9772 4
3161 4786 4
3161 4787 5
3161 1524 4
3161 11052 4
3161 9741 4
3161 2095 4
3161 3469 5
3161 8648 4
3161 1059 4
3161 5279 5
3161 977 4
3161 981 5
3161 5017 5
3161 3064 3
3161 5997 4
3161 1344 5
3161 10336 4
3161 1101 5
3161 1365 5
3161 7540 2
3161 8585 5
3161 8842 4
3161 1021 5
3161 1002 5
3161 8495 4
3161 3927 4
3161 8499 2
3161 8505 4
3161 4058 4
3161 10492 4
3161 5854 5
3161 3922 5
3161 8896 4
3161 1078 3
3161 9517 5
3161 9458 4
3161 937 4
3161 6638 4
3161 2018 4
3161 9240 5
3161 3744 4
3161 6186 4
3161 9783 4
3161 8747 3
3161 9319 5
3161 1097 4
3161 1457 2
3161 10487 3
3161 1052 4
3161 5229 3
3161 5370 4
3161 1329 4
3161 4135 5
3161 11241 5
3161 8033 4
3161 4565 5
3161 9296 5
3161 6634 4
3161 10488 4
3161 1049 4
3161 10789 4
3161 939 4
3162 992 1
3162 1048 4
3162 5300 4
3162 3579 5
3162 10413 5
3163 1818 4
3163 765 5
3163 1767 5
3163 211 4
3163 1408 5
3163 323 1
3163 844 5
3163 4864 3
3163 5504 1
3163 3627 1
3163 816 5
3163 286 5
3163 4396 4
3163 889 1
3163 953 5
3163 8908 5
3163 3969 5
3163 4733 5
3163 9972 5
3163 1443 1
3163 1473 5
3163 1046 5
3163 909 1
3163 3750 2
3163 39 5
3163 10145 5
3163 5891 5
3163 5226 2
3163 4399 5
3163 1001 4
3163 2046 5
3163 975 1
3163 1516 5
3163 9535 4
3163 9705 5
3163 979 5
3163 5351 5
3163 5584 5
3163 1379 5
3163 3195 4
3163 1013 5
3163 1497 5
3163 9436 5
3163 4842 5
3163 8830 5
3163 4561 5
3163 184 4
3163 11228 5
3163 7259 4
3163 284 4
3163 2357 4
3163 5000 5
3163 1019 5
3163 10721 3
3163 10287 5
3163 9772 4
3163 6707 5
3163 3627 5
3163 919 5
3163 27 5
3163 9592 4
3163 2778 5
3163 5341 3
3163 5633 5
3163 954 5
3163 10034 5
3163 1365 4
3163 4394 2
3163 4275 3
3163 4711 5
3163 7602 5
3163 4633 5
3163 7458 5
3163 153 1
3163 11372 3
3163 4543 1
3163 327 5
3163 9615 2
3163 9645 1
3163 5369 5
3163 9601 5
3164 3627 1
3164 3627 1
3164 4041 5
3164 7417 5
3164 732 5
3164 313 5
3164 728 5
3164 1399 5
3164 11293 5
3164 9488 2
3164 10871 4
3164 10020 3
3164 5659 4
3164 8874 4
3164 574 1
3164 10773 4
3164 4342 4
3164 966 5
3164 8809 5
3164 3927 4
3164 5466 5
3164 11484 4
3164 1446 5
3164 901 5
3164 9242 4
3164 9439 4
3164 8860 4
3164 857 5
3164 1042 4
3164 10443 5
3164 8681 5
3164 934 5
3164 10264 5
3164 919 5
3164 10484 5
3164 10872 5
3164 4565 1
3164 7504 4
3164 1061 5
3164 11370 5
3164 184 4
3164 10977 4
3164 9601 5
3164 9331 5
3164 11114 5
3164 10120 5
3164 3849 5
3164 1515 5
3164 11053 5
3164 1629 1
3164 9212 2
3164 10887 4
3164 4908 4
3164 8750 3
3164 4490 4
3164 11064 5
3164 3686 3
3164 4935 4
3164 3907 4
3164 327 1
3164 8648 5
3164 239 4
3164 1013 4
3164 4561 5
3164 10965 4
3164 11054 4
3164 9210 1
3164 4917 4
3164 1012 3
3164 1033 4
3164 1011 5
3164 4872 4
3164 4032 5
3164 5321 4
3164 1052 3
3164 5733 4
3164 2456 4
3164 11419 2
3164 8340 3
3164 2262 3
3164 1202 5
3164 10681 4
3164 5556 4
3164 11198 4
3164 1802 5
3164 3710 4
3164 9866 4
3164 10887 1
3164 10562 1
3164 1036 2
3164 5097 4
3164 3499 5
3164 4673 1
3164 11447 5
3164 1515 4
3164 3208 5
3164 3881 5
3164 8747 2
3164 10897 5
3164 10602 4
3164 1515 5
3164 3718 5
3164 5320 4
3164 3606 5
3164 5302 4
3164 228 4
3164 10469 4
3164 9210 1
3164 10615 2
3164 11045 5
3164 2701 5
3164 5370 5
3165 11615 3
3165 3884 4
3165 10706 3
3165 10265 5
3165 4846 4
3165 3946 5
3165 3138 4
3166 21 5
3166 1555 3
3166 1771 5
3166 7681 4
3166 10956 4
3166 6169 4
3166 7998 4
3166 8689 4
3167 6583 5
3167 7200 4
3167 1972 5
3167 8905 5
3167 7325 5
3167 8622 5
3167 632 5
3167 7063 4
3167 1883 5
3167 6409 5
3167 925 5
3167 3921 5
3167 4524 5
3167 7566 4
3167 7745 5
3167 4488 5
3167 11227 5
3167 1949 5
3167 8752 5
3167 10133 5
3167 94 5
3167 6755 4
3167 8419 4
3167 8857 4
3167 6789 5
3167 4123 5
3167 1981 4
3167 3517 5
3167 7055 5
3167 152 5
3167 4094 5
3167 5350 5
3167 5307 5
3167 217 5
3167 1996 5
3167 196 5
3167 1395 5
3167 4427 5
3167 712 5
3167 706 1
3167 3081 5
3167 4568 1
3167 274 5
3167 258 5
3167 772 5
3168 11085 2
3168 1556 3
3168 532 4
3168 9048 5
3168 622 4
3168 2552 4
3168 1981 2
3168 217 2
3168 2498 4
3168 661 5
3168 8928 5
3168 5001 5
3168 1352 5
3168 6665 5
3168 671 2
3168 11141 3
3168 9116 4
3168 8249 5
3168 11135 1
3168 735 3
3168 1395 3
3168 712 5
3168 3696 2
3168 2247 4
3168 2980 3
3168 3591 5
3168 1278 5
3168 4106 4
3168 728 3
3168 640 5
3168 4893 5
3168 772 5
3168 3978 3
3168 7905 5
3168 312 5
3168 704 4
3168 288 1
3168 258 4
3168 276 5
3168 4258 3
3168 4259 4
3168 9584 1
3168 5608 5
3168 3663 4
3168 5085 1
3168 7521 5
3168 2441 5
3168 8338 4
3168 371 4
3168 211 5
3168 7007 3
3168 1853 4
3168 5939 4
3169 2256 3
3169 5071 4
3169 2218 4
3169 379 4
3169 2408 4
3169 5024 3
3169 2415 4
3169 9535 5
3169 2528 4
3170 6852 1
3170 1529 5
3170 1610 5
3170 2861 5
3170 1111 5
3170 6315 5
3170 2188 3
3170 6176 5
3170 7669 5
3170 2510 2
3170 602 5
3170 7281 3
3170 1814 1
3170 9650 4
3170 7603 5
3170 1392 3
3170 2605 5
3170 3465 3
3170 3055 5
3170 3670 5
3170 2709 4
3170 2161 5
3170 2202 4
3170 624 5
3170 7404 4
3170 6924 1
3170 1155 2
3170 8006 5
3170 3691 4
3170 2255 3
3170 6226 5
3170 7420 5
3170 6742 1
3170 616 4
3170 2159 5
3170 2616 5
3170 6348 5
3170 2765 5
3170 2080 5
3170 2239 5
3170 1186 5
3170 1229 5
3170 6754 5
3170 366 5
3170 1222 4
3171 601 5
3171 3731 5
3171 2940 4
3171 3332 4
3171 1726 1
3171 8473 4
3171 5956 4
3171 1610 4
3171 2765 4
3171 5581 4
3171 3637 4
3171 8044 4
3171 8449 4
3171 5145 5
3171 9117 5
3171 3484 4
3171 5731 4
3171 4472 4
3171 2887 4
3171 11237 4
3171 4533 4
3171 4950 5
3171 3479 4
3171 4463 4
3171 211 5
3171 762 5
3171 10745 4
3172 7157 5
3172 2354 2
3172 8161 4
3172 6600 2
3172 5502 4
3172 3164 4
3173 728 4
3173 9672 2
3173 1608 4
3173 11137 5
3173 8241 5
3173 6003 1
3174 4496 5
3174 1275 3
3174 4924 1
3174 255 5
3174 4915 5
3174 2129 5
3174 9591 5
3174 5991 5
3174 4990 5
3174 128 5
3174 6063 5
3174 6810 5
3175 1926 3
3175 498 4
3175 2460 3
3175 1826 4
3175 2505 5
3176 8050 4
3176 392 5
3176 396 4
3176 510 4
3176 5986 5
3176 6801 4
3176 2311 3
3176 9020 5
3176 488 4
3176 5673 5
3176 2476 4
3176 497 4
3176 8342 4
3176 489 4
3176 2454 2
3176 8073 3
3176 518 4
3176 5972 5
3176 2552 5
3176 1621 4
3176 4999 5
3176 6273 3
3176 2441 5
3176 6027 4
3176 428 4
3176 1191 5
3176 1204 4
3176 8343 4
3176 426 4
3176 2503 4
3176 1847 4
3176 1241 5
3176 1248 4
3176 5990 4
3176 3485 4
3177 1177 5
3177 6150 5
3177 1655 5
3177 3312 4
3178 695 5
3178 661 5
3178 766 5
3178 843 5
3179 3185 5
3179 1140 5
3179 7190 5
3180 2627 4
3180 10825 4
3180 3911 4
3180 8237 4
3180 10809 3
3180 11616 4
3180 2609 1
3180 10048 4
3180 2577 2
3180 2616 5
3180 2741 3
3180 6672 3
3180 3512 4
3180 2619 3
3180 2742 4
3180 2740 2
3180 2933 5
3180 8840 5
3180 3402 3
3180 5720 4
3180 7162 5
3180 5208 4
3180 421 5
3180 2454 3
3180 3441 4
3180 10051 3
3180 634 1
3180 5928 4
3180 8081 4
3180 11617 5
3180 1879 1
3180 7160 4
3180 11618 4
3180 10146 5
3180 3688 4
3180 10702 4
3180 856 4
3180 3351 5
3180 4672 4
3180 8395 4
3180 428 4
3180 7843 2
3180 6099 5
3180 1139 4
3180 334 2
3180 6190 5
3180 2502 4
3180 2174 5
3180 8233 4
3180 2598 4
3180 3487 3
3180 5946 3
3180 7152 3
3180 10703 4
3180 2579 2
3180 2643 5
3180 11567 4
3180 3384 4
3180 10270 5
3180 4398 4
3180 1626 3
3180 1624 3
3180 3280 5
3180 1206 4
3180 3253 4
3180 2569 1
3180 6871 2
3180 7897 1
3180 8226 4
3180 3189 5
3180 419 5
3180 11595 2
3180 4154 4
3180 4019 4
3180 4947 5
3180 3406 2
3180 1714 4
3181 592 5
3181 11288 4
3181 483 5
3181 532 4
3181 8659 5
3181 6763 5
3181 7772 5
3181 9835 4
3182 5875 5
3182 3274 5
3182 4436 5
3182 1578 5
3182 9503 5
3182 3437 5
3182 5926 5
3182 1832 5
3182 425 5
3182 6264 4
3182 408 3
3182 3309 4
3182 4634 4
3182 4883 5
3182 493 5
3182 2103 5
3182 4669 5
3182 2834 5
3182 2453 5
3182 5698 5
3182 8272 4
3182 11512 5
3182 468 5
3182 1271 5
3182 5970 5
3182 5733 5
3182 2048 5
3182 8083 5
3182 1191 5
3182 8081 5
3182 8082 5
3182 8723 3
3182 4433 5
3182 2049 5
3182 3353 2
3182 1879 5
3182 1197 4
3182 11225 5
3182 343 4
3182 7262 4
3182 5946 5
3182 7023 5
3182 7816 5
3182 4549 5
3182 3379 5
3182 2900 5
3182 447 4
3182 1035 5
3182 3512 5
3182 1695 5
3182 2425 5
3182 510 4
3182 1288 5
3182 8845 5
3182 7967 5
3182 6274 5
3182 3577 5
3182 3355 2
3182 10173 5
3182 1743 5
3182 1208 2
3182 2334 5
3182 2156 5
3182 2426 5
3182 5376 5
3182 1908 5
3182 4820 5
3182 559 5
3182 2418 5
3182 2453 4
3182 8168 5
3182 4361 5
3182 8382 5
3182 6028 5
3182 1876 5
3182 1314 5
3182 282 4
3182 609 5
3182 2916 5
3182 1249 3
3182 4259 5
3182 2443 5
3182 4248 5
3182 10285 5
3182 7841 5
3182 4708 5
3182 4884 5
3182 1239 5
3182 4454 5
3182 1682 5
3182 11619 4
3182 2755 4
3182 2651 5
3182 4018 5
3182 2475 5
3182 4105 5
3182 4072 5
3182 9603 5
3182 7430 4
3182 6759 5
3182 9350 5
3182 170 5
3182 309 5
3182 3280 5
3182 4106 5
3182 583 5
3182 9372 5
3182 1014 5
3182 7871 5
3183 1787 5
3183 2080 5
3183 6677 3
3183 510 4
3183 7187 5
3183 1145 3
3183 9957 3
3183 8267 5
3183 5974 4
3183 8109 5
3183 3135 4
3183 2598 5
3183 2305 5
3183 4567 5
3183 719 5
3183 4029 5
3183 8015 5
3183 7569 5
3183 8229 5
3183 3655 5
3183 3134 5
3183 367 5
3183 3184 5
3183 6756 5
3183 8020 5
3183 5984 5
3183 1547 5
3183 6806 5
3183 6083 4
3183 7295 5
3183 6973 5
3183 8449 5
3183 3215 5
3183 8177 4
3183 4439 5
3183 5874 5
3183 6695 5
3183 6967 5
3183 239 4
3183 6990 5
3183 3630 5
3183 6800 4
3183 5937 5
3183 4823 1
3183 8530 5
3183 8518 5
3183 7450 5
3183 5000 5
3183 7773 1
3183 4397 5
3183 615 5
3183 2152 5
3183 3428 5
3183 1669 5
3183 3206 4
3183 10605 5
3183 4848 5
3183 3954 5
3183 7532 5
3183 6275 2
3183 7412 5
3183 668 5
3183 992 5
3183 8301 5
3183 5070 5
3183 9605 5
3183 892 4
3183 8181 5
3183 8616 5
3183 1674 5
3183 1027 5
3183 6807 5
3183 5094 5
3183 8143 5
3183 3260 3
3183 1877 5
3183 5993 3
3183 1226 3
3183 4298 5
3183 7181 3
3183 8625 3
3183 4275 1
3183 4449 3
3183 913 5
3184 7059 5
3184 6451 5
3184 4671 5
3184 7971 3
3184 1812 5
3184 7972 5
3184 7096 4
3184 7973 4
3184 7974 5
3184 7975 5
3184 5900 5
3184 626 5
3184 6902 5
3184 6903 3
3184 1868 4
3184 624 5
3184 6838 3
3184 1510 5
3184 839 5
3184 6310 4
3184 4821 4
3184 837 4
3184 632 5
3184 862 5
3184 1275 4
3184 843 3
3184 609 5
3184 1673 4
3184 9282 4
3184 11210 4
3185 28 3
3185 8994 4
3185 6018 5
3185 6898 4
3185 2474 4
3185 11087 4
3185 1650 1
3185 323 1
3185 104 1
3185 7965 5
3185 8091 4
3185 9837 5
3185 8091 5
3186 1157 4
3186 4479 5
3186 2476 2
3186 4180 3
3186 7021 5
3186 8086 1
3186 4999 3
3186 8996 5
3186 10477 4
3186 1826 4
3186 1859 4
3186 1382 4
3186 9069 3
3186 9284 4
3186 1613 1
3186 8888 4
3186 1027 1
3186 2276 3
3186 2577 4
3186 5255 3
3186 3693 5
3187 4665 4
3187 3690 4
3187 3692 4
3187 3262 5
3187 3265 4
3187 4918 4
3187 7730 5
3188 6807 5
3188 843 4
3188 104 5
3188 699 5
3188 2746 5
3188 309 5
3188 766 4
3188 722 5
3188 7920 4
3188 9179 5
3188 11108 5
3188 2244 5
3188 1387 5
3189 1532 5
3189 6244 3
3189 7677 3
3189 7613 5
3189 7056 5
3189 2319 5
3189 7555 4
3189 7278 5
3189 7279 5
3189 7600 5
3189 2409 5
3189 6104 5
3189 2378 5
3189 7641 5
3189 8036 4
3189 2134 5
3189 11136 5
3189 6406 4
3189 9001 4
3189 788 4
3189 811 5
3189 4479 3
3189 7610 4
3189 8038 5
3189 7814 5
3189 7848 5
3189 3703 5
3189 7981 5
3189 2054 4
3189 10266 5
3189 6988 5
3189 4775 5
3189 75 4
3189 3734 5
3189 5534 5
3189 6734 5
3189 1739 5
3189 3365 5
3189 498 5
3189 3044 3
3189 9063 5
3189 2818 3
3189 7322 5
3189 6810 5
3189 6798 4
3189 3036 5
3189 9069 5
3189 1547 5
3189 7075 5
3189 6031 5
3189 9523 5
3189 2789 5
3189 309 5
3189 7104 5
3189 5864 5
3189 2782 5
3189 6711 5
3189 7980 4
3189 5839 5
3189 2810 5
3189 6073 5
3189 3212 1
3189 7788 4
3189 8517 2
3189 921 5
3189 165 4
3189 3167 5
3189 6263 4
3189 7120 3
3189 6516 5
3189 2718 5
3189 1466 5
3189 6345 5
3189 4526 5
3189 6485 5
3189 1628 5
3189 3665 5
3189 8156 1
3189 7325 5
3189 49 5
3189 3263 5
3189 8033 5
3189 3221 5
3189 5942 5
3189 6132 5
3189 3672 5
3189 3466 5
3189 7023 5
3189 2494 5
3189 8015 5
3189 7928 5
3189 4649 5
3190 7199 5
3190 2592 5
3190 5617 2
3190 1361 5
3190 8357 3
3190 8974 5
3190 4786 1
3191 2449 5
3191 7065 4
3191 6328 4
3191 3247 5
3191 6557 5
3191 2471 4
3191 3648 5
3191 4303 4
3191 606 5
3191 10661 4
3191 1216 5
3192 8047 4
3192 1810 3
3192 7059 5
3192 1808 5
3192 1999 5
3192 9896 5
3192 2520 4
3192 1760 5
3192 5939 4
3192 2118 5
3192 6744 5
3192 3221 4
3192 1789 5
3192 2203 4
3192 2248 5
3192 7755 5
3192 2120 4
3192 7389 5
3192 2761 5
3192 7278 5
3192 1143 4
3192 2446 5
3192 260 3
3192 2415 4
3192 6628 5
3192 2374 4
3192 1827 5
3192 1843 5
3192 5960 4
3192 6613 3
3192 5874 5
3192 439 5
3192 8937 5
3192 6007 4
3192 1845 5
3192 2345 4
3192 1847 5
3192 486 4
3192 5897 4
3192 8414 5
3192 3821 4
3192 7967 5
3192 451 4
3192 2982 4
3192 1023 4
3192 5177 5
3192 5942 4
3192 5722 5
3192 8847 5
3192 5956 4
3192 4512 4
3192 4797 4
3192 1241 4
3192 6072 4
3192 4508 4
3192 1861 5
3192 5150 5
3192 457 4
3192 6313 4
3192 632 5
3192 3469 4
3192 8598 4
3192 1580 5
3192 3172 4
3192 3444 4
3192 7075 4
3192 3073 5
3192 6031 4
3192 8172 5
3192 2278 4
3192 6810 5
3192 2545 3
3192 6822 4
3192 11132 5
3192 2494 5
3192 8056 5
3192 6695 4
3192 9156 4
3192 2499 5
3192 447 5
3193 792 1
3193 2133 3
3193 759 5
3193 8041 4
3193 258 3
3193 738 3
3193 699 3
3193 174 3
3193 762 2
3193 1275 3
3194 1223 4
3194 3857 3
3194 8331 4
3194 6212 4
3194 6997 5
3194 6999 5
3194 832 3
3195 48 4
3195 7428 5
3195 6048 5
3195 858 5
3195 5004 4
3195 2132 3
3195 3256 5
3195 3399 1
3195 11300 3
3195 7339 4
3195 46 5
3195 6255 4
3195 129 4
3195 609 5
3195 3344 5
3195 8678 4
3195 1586 5
3195 5433 3
3195 4134 5
3195 2732 5
3195 10569 5
3195 7953 4
3195 5350 5
3195 4342 4
3195 1275 5
3195 3097 5
3195 1328 5
3195 1648 4
3195 7273 2
3195 1593 4
3195 2457 4
3195 8354 5
3196 1531 1
3196 1533 1
3196 1540 4
3196 1545 3
3196 3511 3
3196 1554 4
3196 4207 3
3196 6081 5
3196 6801 3
3196 1036 5
3196 3366 3
3196 6807 5
3196 10720 5
3196 7462 4
3196 2431 5
3196 11353 5
3196 7235 5
3196 1709 5
3196 287 4
3196 2755 4
3196 4883 4
3196 4531 2
3196 1467 3
3196 5250 4
3196 11492 1
3196 5326 5
3196 6456 5
3196 9050 3
3196 726 5
3196 728 3
3196 6186 5
3196 4275 3
3196 6814 4
3196 323 5
3196 4599 5
3196 5804 4
3196 3672 5
3196 3331 5
3196 1285 5
3196 6078 5
3196 4031 4
3196 1747 4
3196 10887 5
3196 10058 3
3196 2953 5
3196 9229 4
3196 10969 5
3196 5128 4
3196 9979 4
3196 7446 5
3196 2144 5
3196 991 4
3196 9653 4
3197 4495 5
3197 3256 5
3197 313 3
3197 8933 4
3197 1673 5
3197 3877 5
3197 8960 5
3197 6603 4
3197 2685 5
3197 5906 2
3197 3703 5
3197 3333 4
3197 8934 4
3197 2664 5
3197 2858 4
3197 3001 2
3197 2591 5
3197 11515 5
3197 9060 5
3197 5248 3
3197 5800 5
3197 8840 5
3197 565 5
3198 2458 4
3198 496 4
3198 3810 5
3198 6027 3
3199 8533 5
3199 1667 5
3199 2345 5
3199 9355 4
3199 7127 5
3199 192 5
3200 3703 4
3200 2909 1
3200 8884 4
3201 727 3
3201 843 3
3201 4496 4
3202 1657 3
3202 3183 5
3202 3181 5
3202 3353 4
3203 8421 5
3203 2439 5
3203 3455 5
3203 4285 5
3203 695 5
3204 312 5
3204 6909 1
3204 9859 3
3204 2501 2
3204 288 5
3204 457 1
3204 1243 4
3204 8699 4
3204 628 3
3204 196 2
3204 738 5
3204 2569 3
3204 2643 5
3204 1682 2
3204 102 5
3204 1963 3
3204 217 2
3204 772 4
3204 759 2
3204 1692 3
3204 1970 3
3204 4212 3
3204 660 4
3204 8694 5
3205 7150 4
3205 5591 5
3205 862 5
3205 8230 5
3205 2626 5
3206 7377 5
3206 3011 5
3206 1673 4
3206 712 4
3206 7900 4
3206 1542 5
3206 912 4
3206 1665 3
3206 5808 5
3206 1275 4
3206 1536 4
3206 640 4
3206 574 4
3206 3708 4
3206 10957 4
3206 4294 5
3206 6178 2
3206 7650 5
3206 5306 3
3206 1332 3
3206 6495 5
3206 66 4
3207 1229 5
3207 525 3
3207 7128 4
3207 640 5
3207 759 5
3207 1949 5
3207 2139 5
3207 7020 5
3207 1232 5
3208 11230 5
3208 7208 5
3208 1673 4
3208 8588 4
3208 8325 4
3208 3310 5
3209 5784 5
3209 7908 3
3209 632 3
3209 7771 5
3209 2322 3
3209 4376 4
3209 6556 5
3209 624 5
3209 7090 5
3209 7886 2
3209 1170 5
3209 2005 5
3209 3671 5
3209 534 5
3209 3145 4
3209 196 1
3209 699 2
3209 11154 5
3210 1884 1
3210 889 1
3210 1797 4
3210 885 5
3210 1802 5
3211 7952 5
3211 661 2
3211 11581 5
3211 309 3
3211 1301 5
3211 7027 4
3211 832 3
3211 28 3
3211 4891 4
3211 11620 3
3211 3541 1
3211 11390 2
3211 10156 4
3211 1535 2
3211 8564 3
3211 3802 3
3211 4481 4
3211 578 4
3211 313 3
3211 419 5
3211 9587 3
3211 3263 3
3211 11351 5
3212 1145 2
3212 1775 5
3212 8300 4
3212 3000 5
3212 1156 1
3212 2476 4
3212 2397 4
3212 3263 5
3212 1648 5
3212 8562 4
3212 3897 5
3213 9356 2
3213 638 5
3213 6203 4
3213 11236 5
3213 1651 4
3213 1657 5
3213 6190 5
3214 6245 5
3214 2106 5
3214 7258 5
3214 7189 5
3214 3340 5
3214 3643 5
3215 4445 4
3215 5071 4
3215 1939 5
3215 1709 5
3215 2755 5
3215 8531 3
3215 5938 1
3215 5254 1
3215 7664 4
3215 2996 5
3215 8526 4
3215 3522 5
3215 1049 4
3215 5901 5
3215 6311 5
3215 4213 4
3215 8413 5
3216 11621 2
3216 7369 5
3216 2115 4
3216 8241 3
3216 6875 4
3216 11582 5
3216 4576 4
3216 11275 5
3216 8091 4
3216 3691 4
3217 458 4
3217 1120 5
3217 2355 4
3217 457 5
3217 6144 5
3217 1621 4
3217 2097 4
3217 7156 4
3217 2455 4
3217 6582 3
3217 462 4
3217 6801 4
3217 2501 4
3217 2137 4
3217 1144 4
3217 1859 4
3217 7100 5
3217 2428 4
3217 2156 5
3217 521 4
3217 6083 5
3217 6951 5
3217 1826 5
3217 2289 3
3217 6020 4
3217 6149 4
3217 2389 4
3217 2483 4
3217 571 5
3217 3311 3
3217 652 3
3217 6783 4
3217 9335 4
3217 2905 3
3217 2711 4
3217 9806 4
3217 2489 4
3217 5970 4
3217 3039 4
3217 4701 4
3217 2447 3
3217 575 4
3217 8821 2
3217 559 4
3217 2686 4
3217 2344 4
3217 2435 4
3217 1307 4
3217 1305 5
3217 11258 4
3217 4030 5
3218 6965 5
3218 740 5
3218 312 5
3218 829 5
3218 323 5
3218 3651 5
3218 28 5
3218 167 5
3218 7056 5
3218 738 5
3218 276 5
3218 762 5
3218 678 5
3218 792 5
3218 5418 1
3218 727 5
3218 3975 5
3218 4280 5
3218 1648 5
3218 1774 5
3218 832 5
3218 1387 5
3218 1275 5
3219 706 4
3219 313 3
3219 2629 3
3219 104 5
3219 747 5
3219 609 4
3219 323 4
3219 1395 4
3219 196 5
3219 8425 3
3219 574 3
3219 309 3
3219 312 3
3219 739 3
3219 2655 3
3219 3450 3
3219 832 3
3219 728 3
3219 837 3
3219 3088 4
3219 5925 4
3219 28 3
3219 1338 3
3219 829 3
3219 712 3
3219 4728 3
3219 3978 3
3219 5154 4
3220 5114 5
3220 1539 5
3220 1535 3
3220 11107 1
3220 824 3
3220 1673 3
3220 104 5
3220 1766 5
3220 695 3
3220 735 1
3220 738 5
3220 3551 1
3220 732 1
3220 11097 5
3220 312 4
3220 11199 5
3220 258 3
3220 712 3
3220 276 3
3220 829 5
3220 728 4
3220 772 5
3220 196 1
3220 762 5
3220 1773 4
3220 610 3
3220 656 1
3220 1275 1
3220 1775 5
3220 7842 5
3220 288 5
3220 1779 5
3220 759 5
3220 323 3
3220 1968 5
3220 1332 4
3220 1774 4
3221 792 5
3221 4984 5
3221 309 5
3221 1526 5
3221 5058 5
3221 1349 5
3221 5520 5
3221 5041 4
3221 1717 5
3221 877 4
3221 10250 5
3221 218 5
3221 7685 5
3221 2095 5
3221 4203 5
3221 9802 4
3221 9802 5
3221 10098 4
3221 4634 4
3221 10950 3
3221 8353 5
3222 643 4
3222 4393 4
3222 1882 4
3222 2091 4
3222 3195 4
3222 5279 1
3222 2005 5
3222 9798 3
3223 632 4
3223 1322 5
3223 258 1
3223 3561 5
3223 766 5
3224 3313 1
3224 8735 5
3224 8320 1
3224 4127 5
3224 4447 5
3224 379 4
3224 5865 4
3224 8642 5
3224 747 5
3224 2755 5
3224 4932 4
3224 8518 4
3224 7593 5
3224 8322 5
3224 9332 1
3224 849 5
3224 3494 5
3224 7812 5
3224 632 4
3224 668 5
3224 2187 3
3224 7097 4
3224 7476 5
3224 2635 5
3224 862 5
3224 974 3
3224 8847 5
3224 835 4
3224 7068 5
3224 3651 5
3225 4253 4
3225 1202 5
3225 3376 5
3225 379 4
3225 1853 4
3225 366 5
3225 2099 3
3225 4805 4
3225 2190 4
3225 7962 5
3225 7420 4
3225 2326 5
3225 6779 5
3225 2764 2
3225 2316 2
3225 6617 4
3225 1351 5
3225 374 4
3226 7150 4
3226 2074 4
3226 3183 4
3227 2540 5
3227 6111 3
3227 4577 5
3227 4574 5
3227 5969 5
3227 2525 4
3228 6284 5
3228 6209 5
3228 3252 4
3228 1741 5
3228 4035 5
3228 4033 5
3228 7298 3
3228 11592 5
3228 3370 5
3228 11622 4
3228 9258 4
3229 7483 1
3229 3333 5
3229 249 5
3230 1199 5
3230 7260 5
3230 3637 5
3230 7258 5
3231 323 3
3231 8967 3
3231 8847 5
3231 2417 5
3231 4116 4
3232 1129 3
3232 1128 4
3232 379 5
3232 5018 5
3232 6901 5
3232 342 5
3232 2418 4
3232 1133 2
3232 4475 5
3232 3132 4
3232 2471 4
3232 2449 4
3232 6028 4
3232 1134 4
3232 373 4
3232 1132 5
3232 3252 4
3232 1836 4
3232 1608 5
3232 1866 4
3232 3737 4
3232 7389 5
3232 1933 5
3232 9541 4
3233 8401 5
3233 7943 5
3233 5226 5
3233 5331 5
3234 7010 5
3234 5188 5
3234 3637 4
3234 1608 4
3234 7347 4
3234 11591 5
3234 7371 4
3234 3669 3
3234 3181 4
3234 11623 5
3234 3352 5
3234 10584 4
3234 9259 5
3234 10412 4
3234 4249 5
3234 9198 4
3234 4640 5
3234 5051 4
3234 8091 4
3234 9226 5
3234 3211 5
3234 4174 4
3234 4950 5
3234 4916 4
3234 4398 3
3234 11329 4
3234 3252 4
3234 7452 4
3234 1867 5
3234 4238 4
3234 8527 2
3234 3210 4
3234 11590 4
3234 4554 4
3235 10605 5
3235 2885 5
3235 5028 5
3235 288 5
3235 4814 5
3235 258 5
3235 3224 4
3235 3569 5
3235 3513 4
3235 9472 5
3235 7275 5
3235 9787 5
3235 5134 5
3235 4673 1
3235 10292 5
3235 8208 4
3235 8449 5
3235 7016 5
3235 589 4
3235 3483 5
3235 2416 5
3235 3368 5
3235 6558 5
3235 509 4
3235 5669 2
3236 392 4
3236 2432 3
3236 1181 4
3236 1185 3
3236 2365 1
3236 6273 3
3236 5984 5
3236 3849 3
3236 2749 5
3236 857 5
3236 6491 3
3237 9898 5
3237 11515 5
3237 8611 5
3237 2244 4
3237 2408 5
3237 3580 5
3237 2880 4
3237 1872 2
3237 9178 5
3237 1593 5
3238 7308 5
3238 1657 5
3238 1410 5
3239 2059 4
3239 2471 5
3239 8624 5
3239 1787 5
3239 2502 5
3239 3201 4
3239 6007 5
3239 3687 4
3240 4496 5
3240 4312 5
3240 6325 5
3240 4942 3
3240 3466 4
3241 3399 5
3241 3303 3
3241 4088 5
3242 8838 5
3242 211 5
3242 1054 5
3242 552 5
3242 2958 5
3242 8288 4
3243 2254 3
3243 7123 5
3243 7825 4
3243 6780 2
3243 7357 5
3244 8089 5
3244 2111 4
3244 6379 5
3244 6437 5
3244 2488 5
3244 6259 5
3244 2782 5
3245 2009 5
3245 6162 5
3245 2885 4
3245 2499 4
3245 8708 4
3245 5134 5
3245 6808 3
3245 118 4
3245 8099 5
3245 8903 2
3245 6350 5
3245 2826 4
3245 4083 4
3245 3959 5
3245 7080 3
3245 1735 4
3245 7790 3
3245 3549 5
3245 6048 5
3245 589 5
3245 2797 4
3245 24 5
3245 2851 5
3245 6334 5
3245 9578 4
3245 7765 5
3245 9521 5
3245 11101 5
3245 2744 3
3245 7685 3
3245 1597 5
3245 2759 5
3245 7315 5
3245 7183 5
3245 10114 5
3245 6329 4
3245 627 5
3245 4326 4
3245 2443 5
3245 4656 5
3246 258 5
3246 104 5
3246 728 4
3247 7474 4
3247 5919 4
3247 2305 4
3247 2120 5
3247 4093 5
3247 7308 1
3247 3002 5
3247 4884 4
3247 8837 5
3247 2429 5
3247 357 4
3247 1650 4
3247 2736 4
3247 1605 4
3247 762 5
3247 4528 5
3247 1673 2
3247 3089 5
3247 1940 4
3247 313 4
3247 772 4
3247 739 4
3247 780 4
3247 2903 5
3247 1744 4
3247 2420 4
3247 5603 4
3247 699 4
3247 609 4
3247 712 4
3247 3522 3
3247 104 4
3247 288 3
3247 7330 4
3247 2497 4
3247 6072 5
3247 787 4
3247 6494 4
3247 3361 4
3247 829 4
3247 312 4
3247 706 4
3247 728 3
3247 3084 3
3247 1536 4
3247 4484 4
3247 3000 4
3247 2940 4
3247 196 3
3247 759 4
3247 9642 3
3247 832 3
3247 1475 5
3247 323 3
3247 673 3
3247 738 3
3247 5004 5
3247 1853 5
3248 1108 5
3248 1818 5
3248 6111 5
3248 4828 4
3248 327 5
3248 11573 5
3249 1643 4
3249 4280 5
3249 1419 4
3249 1318 4
3249 1697 5
3249 1352 5
3249 1332 5
3249 860 5
3249 5227 4
3249 3883 1
3249 10442 4
3249 11234 4
3249 862 4
3249 1657 5
3249 3639 5
3250 7733 5
3250 4047 3
3250 1657 5
3250 4447 5
3250 3995 4
3250 4510 5
3250 327 5
3250 11520 2
3250 2048 5
3251 1177 5
3251 3992 5
3251 5786 5
3251 3365 5
3251 224 5
3251 3467 5
3251 4883 5
3251 77 5
3251 9007 4
3251 11165 5
3251 4772 5
3251 4060 5
3251 1285 4
3251 3154 5
3251 106 5
3252 3693 4
3252 7659 4
3252 3200 4
3252 178 4
3252 7361 4
3252 2795 4
3252 7082 4
3252 6835 4
3252 1034 5
3252 2199 4
3252 5994 4
3252 5098 4
3253 7519 5
3253 3446 4
3253 211 5
3253 104 5
3254 258 5
3254 2714 4
3254 10337 4
3254 3778 5
3254 2701 5
3254 1329 4
3254 1960 4
3254 2465 5
3254 7098 3
3254 4829 5
3255 9741 5
3255 5118 5
3255 1506 5
3256 3064 4
3256 3435 4
3256 4052 4
3256 6141 5
3256 8982 5
3256 1049 3
3256 7208 4
3256 3796 5
3256 3913 5
3256 10395 5
3256 9330 2
3256 9849 4
3256 4048 2
3256 4031 4
3256 10265 5
3256 11312 4
3256 1333 4
3256 3627 3
3257 3656 5
3257 5680 4
3257 934 5
3258 5302 4
3258 7431 5
3258 923 3
3258 10289 5
3258 4507 5
3258 11082 5
3258 1101 5
3258 30 5
3258 7466 5
3258 200 5
3258 1004 5
3258 3445 4
3258 8461 5
3258 7046 5
3258 6544 5
3258 4561 4
3258 7742 5
3258 10813 5
3258 4394 4
3259 974 2
3259 11624 4
3259 3911 2
3259 10301 4
3259 5339 5
3259 8402 3
3259 2743 4
3259 7259 2
3259 5127 5
3259 5466 5
3259 7160 5
3259 10282 1
3259 7165 2
3259 5470 5
3259 10361 5
3259 4210 4
3259 2590 4
3259 1084 2
3259 8491 4
3259 10051 3
3259 10544 4
3259 10763 5
3259 5000 5
3259 9394 5
3259 9140 5
3259 2741 5
3259 2742 4
3259 1572 5
3259 4589 5
3259 10810 4
3259 8502 5
3259 8504 4
3259 6523 2
3259 9969 5
3259 11139 5
3259 1474 5
3259 10707 5
3259 2095 5
3259 934 5
3259 9418 4
3259 9948 1
3259 4788 4
3259 3478 5
3259 3801 4
3259 4949 4
3259 8242 4
3259 4565 1
3259 11451 5
3259 7587 5
3259 3422 5
3259 5423 2
3259 11625 4
3259 9444 4
3259 1021 5
3259 9493 5
3259 5379 4
3259 1506 4
3259 3617 5
3259 4791 1
3259 7331 4
3259 11369 3
3259 8234 4
3259 9212 2
3259 11476 4
3259 10805 5
3259 10817 4
3259 8312 5
3259 857 2
3259 11145 5
3259 1086 5
3259 11464 5
3259 5532 5
3259 4961 4
3260 4396 4
3260 10131 4
3260 10397 4
3260 814 4
3260 2376 5
3260 10562 1
3260 10533 3
3260 9439 5
3260 3251 2
3260 10916 5
3260 1870 3
3260 7475 5
3260 954 4
3260 9779 5
3260 10032 3
3260 5301 2
3260 9168 3
3260 1081 5
3260 10642 5
3260 8519 2
3260 934 4
3260 11396 4
3260 10531 4
3260 3927 2
3260 906 3
3260 3680 5
3260 6336 5
3260 11511 4
3260 1080 4
3260 1067 4
3260 9099 5
3260 3446 4
3260 952 3
3260 5003 5
3260 1450 5
3260 10992 4
3260 1329 4
3260 758 4
3260 1466 5
3260 5498 5
3260 2690 4
3260 5370 4
3261 8987 5
3261 9406 5
3261 5891 4
3261 717 5
3261 9483 2
3261 9729 5
3261 3777 3
3261 10492 5
3261 10610 4
3261 8495 5
3261 3761 5
3261 1506 5
3261 966 5
3261 1708 5
3261 1067 5
3261 2901 4
3261 954 5
3261 11395 5
3261 7751 5
3261 5466 5
3261 2865 4
3261 5110 4
3261 9527 5
3261 4634 5
3261 2946 5
3261 11394 2
3261 8074 5
3261 7188 3
3261 1021 5
3261 4675 4
3261 1618 5
3261 2710 5
3261 5446 4
3261 3623 5
3261 10784 5
3261 942 5
3261 2018 4
3261 10259 4
3261 10522 4
3261 9423 5
3261 3884 5
3261 9901 5
3261 5508 4
3261 131 2
3261 6950 4
3261 4642 5
3261 4526 5
3261 1060 4
3262 9133 5
3262 9948 3
3262 937 5
3262 10764 4
3262 4589 5
3262 11139 5
3262 8500 5
3262 10583 5
3262 3619 3
3262 1450 5
3262 5130 5
3262 2095 5
3262 9688 5
3262 10435 5
3262 5423 5
3262 11464 5
3262 3606 4
3262 11470 5
3262 6562 5
3262 10126 5
3262 5383 5
3262 3949 5
3262 934 5
3262 9153 1
3262 5297 1
3262 7587 5
3262 9949 5
3262 3801 5
3262 4997 2
3262 1084 3
3262 1506 5
3262 9969 5
3262 954 1
3262 4634 4
3262 857 5
3262 4791 1
3263 9855 4
3263 7887 5
3263 3445 5
3263 589 5
3263 924 5
3263 3121 3
3263 5742 5
3263 8497 5
3264 1241 5
3264 2975 5
3264 9144 5
3264 843 5
3264 11540 5
3264 728 5
3264 5421 5
3264 10445 4
3264 1691 4
3264 1380 5
3264 6939 4
3264 846 3
3264 9900 4
3264 10894 5
3264 9320 4
3264 1498 5
3264 11626 4
3264 5058 4
3264 10715 5
3264 1375 4
3264 1513 1
3264 5213 5
3264 2243 4
3264 9547 5
3264 954 5
3264 978 3
3264 1002 3
3264 994 2
3264 10909 4
3264 901 5
3264 900 5
3264 5755 4
3264 8640 4
3264 7153 5
3264 3801 5
3264 5473 2
3264 4216 4
3264 3929 5
3264 934 4
3264 3627 3
3264 11036 4
3264 4850 5
3264 5605 3
3265 1462 3
3265 9296 1
3265 9743 5
3265 2999 5
3265 10541 4
3265 3617 5
3265 8741 5
3265 8750 4
3265 10343 5
3265 4673 2
3265 11404 5
3265 9096 3
3265 10336 5
3265 9417 4
3265 1450 2
3265 4787 5
3265 9083 5
3265 10271 3
3265 11627 4
3265 9665 4
3265 10628 5
3265 3621 5
3265 11046 4
3265 10550 5
3265 9110 5
3266 3888 1
3266 5006 3
3266 2529 4
3266 7370 5
3266 3638 5
3266 1657 5
3267 7925 4
3267 6101 3
3267 4140 2
3267 10017 1
3267 4718 4
3267 7756 4
3267 4440 4
3267 1275 1
3267 739 5
3267 7650 4
3267 3018 5
3267 7649 2
3267 3230 4
3267 2655 1
3267 8129 4
3267 324 5
3267 609 5
3267 8408 5
3267 309 5
3267 4661 4
3267 4442 4
3267 7612 4
3268 4508 5
3268 975 5
3268 3165 5
3268 4199 5
3269 3638 5
3269 7120 2
3269 3153 4
3269 9690 5
3269 7379 5
3269 11555 5
3270 4599 5
3270 1386 5
3270 1418 5
3270 1419 5
3270 3727 1
3270 1303 1
3270 1513 1
3270 5318 1
3270 8660 1
3270 1682 5
3270 966 5
3270 5220 5
3270 8527 5
3270 3789 5
3270 8781 5
3270 7008 5
3270 4023 5
3270 606 5
3270 3170 5
3270 3042 5
3270 1301 5
3270 8083 5
3270 8569 5
3270 5969 5
3270 7852 5
3270 2156 5
3270 3503 5
3271 7952 5
3271 2569 3
3271 3243 1
3271 3728 4
3272 8380 5
3272 4048 1
3272 11113 5
3273 4056 2
3273 3329 4
3273 8686 3
3273 704 4
3273 712 4
3273 312 5
3273 196 5
3273 706 5
3273 258 4
3273 323 1
3273 1313 1
3273 104 3
3273 288 4
3273 759 4
3273 3263 5
3273 913 4
3273 276 4
3273 11453 4
3274 10169 5
3274 8318 5
3274 8577 4
3274 3181 5
3274 7011 5
3274 3669 4
3274 1627 4
3274 8264 5
3274 8456 4
3275 1621 4
3275 3075 5
3275 309 5
3275 609 5
3275 4567 2
3276 6155 5
3276 11534 4
3276 8803 4
3276 3176 5
3277 2547 4
3277 567 4
3277 5649 5
3277 348 5
3277 3672 5
3277 7518 4
3277 507 5
3277 7144 2
3277 3638 5
3277 414 2
3277 2571 5
3277 436 4
3278 8022 3
3278 7292 5
3278 10190 3
3278 11351 5
3279 11593 4
3279 4339 5
3279 6953 5
3279 652 5
3280 2858 4
3280 3175 5
3280 7875 5
3281 832 5
3281 5481 5
3281 11099 5
3281 870 4
3281 9209 4
3281 10011 4
3282 7589 4
3282 227 4
3282 3075 5
3282 313 4
3282 735 5
3282 759 4
3282 792 5
3282 11148 4
3282 609 4
3282 3660 4
3282 6332 4
3282 196 4
3282 3711 3
3282 6884 4
3282 1275 1
3282 9471 5
3282 4558 5
3282 2655 5
3282 1418 4
3283 656 5
3283 944 4
3283 3474 5
3283 1774 5
3283 1775 5
3283 9663 4
3283 728 4
3283 211 5
3283 1714 2
3283 11185 5
3284 3002 5
3284 1939 5
3284 832 5
3284 4006 5
3284 3222 5
3284 732 5
3284 323 5
3284 9515 1
3284 309 3
3284 104 5
3284 762 3
3284 4422 5
3284 1864 4
3284 2809 5
3284 4686 4
3285 1741 4
3285 5763 4
3285 6214 5
3285 650 4
3285 3541 5
3285 8287 5
3285 2848 5
3285 4491 5
3286 6818 4
3286 6435 4
3286 6836 5
3287 5888 5
3287 439 4
3287 4506 5
3287 7945 5
3287 7927 4
3287 7834 3
3287 1140 3
3287 11133 5
3287 10797 5
3288 10759 4
3288 8319 5
3288 5857 5
3288 3040 4
3288 1826 5
3288 5404 5
3289 3328 5
3289 3959 5
3289 5181 5
3289 9899 5
3289 6567 5
3289 3516 5
3289 2796 5
3290 3241 1
3290 9498 5
3290 1547 5
3290 2407 1
3290 5316 5
3290 3918 5
3290 2853 5
3290 7926 5
3290 8413 4
3290 9252 5
3290 1608 3
3290 5990 3
3291 854 5
3291 3064 5
3291 4689 5
3291 3435 5
3291 5918 5
3291 3040 5
3291 3063 5
3291 4387 5
3291 6978 5
3291 1040 5
3291 7596 5
3291 4575 3
3291 5935 4
3291 1657 5
3292 276 5
3292 712 5
3292 8792 5
3293 10481 5
3293 7243 5
3293 3243 4
3293 2459 5
3293 10764 5
3293 5700 5
3293 3035 5
3293 6951 5
3293 9738 3
3293 5874 5
3293 5732 5
3293 6488 5
3293 9209 5
3293 2274 5
3293 1058 5
3293 974 4
3293 6046 5
3293 645 1
3293 8793 2
3293 2755 5
3293 3693 4
3293 3641 4
3293 5989 5
3293 6019 4
3293 7952 5
3293 6351 4
3294 8884 5
3294 269 5
3294 6289 3
3294 3735 4
3294 8147 5
3295 7172 5
3295 3643 5
3295 6693 2
3295 3691 5
3295 3000 5
3295 7786 5
3295 10114 5
3295 7207 5
3296 125 4
3296 3708 5
3296 11601 4
3296 8656 5
3296 7756 5
3296 1288 5
3296 1332 5
3296 2067 5
3296 1657 4
3296 7997 5
3296 4491 5
3297 2942 4
3297 857 4
3297 7335 3
3297 5509 5
3298 1275 3
3298 728 3
3298 5925 4
3298 9897 4
3298 10980 5
3298 3333 4
3298 8840 4
3298 3367 4
3298 6328 5
3299 1631 5
3299 8776 5
3299 6120 5
3300 1209 4
3300 3199 4
3300 1332 4
3300 6010 3
3300 6104 4
3300 9094 5
3300 3728 4
3300 694 5
3300 6820 4
3301 768 4
3301 6825 5
3301 4169 4
3301 8566 4
3301 1861 5
3301 3690 4
3301 5569 3
3301 7241 5
3301 7325 4
3301 805 5
3301 4297 5
3301 4672 5
3302 9535 5
3302 11341 4
3302 3776 3
3302 5997 4
3302 3784 4
3302 1607 2
3302 1049 5
3302 3949 5
3302 7480 3
3302 4568 4
3302 3329 5
3302 7141 5
3302 1876 5
3303 2785 4
3303 597 5
3303 6733 5
3303 5724 4
3303 6103 5
3304 5732 5
3304 8792 5
3304 4568 3
3305 1060 4
3305 2475 4
3305 2489 4
3305 7013 4
3305 6210 5
3305 1623 4
3305 6953 4
3305 3333 3
3305 11136 4
3305 5698 4
3305 3430 5
3306 2471 5
3306 1176 5
3306 1289 1
3307 59 5
3307 1939 5
3307 8965 4
3307 217 5
3307 28 4
3308 2349 5
3308 2297 5
3308 5101 4
3308 2815 5
3308 3334 5
3308 7183 5
3308 8840 5
3308 4023 5
3308 1198 5
3308 8569 5
3308 7190 5
3309 626 5
3309 4114 5
3309 7492 4
3310 843 5
3310 1939 5
3310 1387 5
3310 4293 4
3311 3340 5
3311 4056 5
3311 3066 4
3311 5879 5
3311 3276 4
3311 7175 5
3311 892 5
3311 1828 5
3311 4934 5
3311 7483 5
3312 6200 4
3312 8279 5
3312 3165 4
3313 6957 4
3313 6615 5
3313 3251 5
3313 766 5
3313 2980 5
3313 661 5
3313 728 4
3313 8920 4
3314 10079 5
3314 2274 5
3314 10351 5
3314 323 3
3314 9022 3
3314 7914 2
3314 3710 5
3315 9739 2
3315 4153 5
3315 4153 5
3315 10328 5
3316 1049 5
3316 1648 5
3316 3240 5
3316 3727 1
3316 6355 5
3316 4528 3
3317 2592 4
3317 1153 4
3317 5881 4
3317 128 4
3317 4274 4
3317 95 5
3317 9505 1
3318 6266 5
3318 9957 5
3318 2331 2
3318 1197 5
3318 2192 5
3318 2184 5
3318 3662 5
3318 1564 5
3318 2353 5
3318 2867 5
3318 2250 4
3318 8114 3
3318 7189 4
3318 1803 5
3318 6327 5
3318 7184 5
3318 7731 3
3318 7258 5
3318 7259 5
3318 6546 5
3318 2083 5
3318 1578 5
3318 632 4
3318 6332 3
3318 3849 3
3318 1279 4
3318 376 5
3318 7960 4
3318 335 5
3318 5988 3
3318 6554 5
3318 4482 4
3318 1196 3
3318 6666 5
3318 1922 5
3318 383 5
3318 7968 3
3318 1206 2
3319 892 1
3319 4737 2
3319 6344 5
3319 2407 5
3319 5993 3
3319 3265 1
3319 3406 4
3320 7381 5
3320 10473 5
3320 10065 5
3320 3665 4
3320 10702 5
3321 8471 4
3321 1616 4
3321 1617 2
3321 3189 4
3321 631 4
3321 7387 5
3321 7388 2
3321 5224 3
3321 1083 5
3321 3492 5
3321 1873 4
3322 4652 1
3322 4117 5
3322 2561 5
3322 3024 3
3322 4864 5
3322 4929 5
3322 4127 3
3322 3316 5
3322 8563 3
3322 3226 4
3322 95 5
3322 3018 4
3323 7839 5
3323 712 2
3323 288 3
3323 7190 5
3323 258 3
3323 312 2
3323 1657 5
3323 1536 3
3323 642 5
3323 2372 5
3323 11317 1
3323 11136 4
3323 8796 4
3323 1232 5
3323 3454 5
3323 9215 4
3323 1441 2
3323 8823 1
3323 9269 4
3323 653 4
3323 2131 3
3323 6065 4
3323 11223 1
3324 7136 5
3324 6873 5
3324 6953 5
3325 309 4
3325 892 4
3325 10288 4
3325 7564 4
3325 7403 5
3325 908 4
3326 9864 5
3326 2464 5
3326 4117 3
3326 5409 5
3326 9498 5
3327 3413 5
3327 6200 4
3327 441 5
3327 2100 5
3328 6598 5
3328 1177 4
3328 3742 4
3328 4703 2
3328 5100 4
3328 2494 4
3328 3985 3
3328 11127 4
3328 3432 4
3329 1707 4
3329 3782 5
3329 2333 4
3329 2655 5
3329 11574 3
3329 4686 4
3329 276 2
3329 4541 5
3329 377 5
3329 2461 5
3330 309 5
3330 1541 5
3330 6639 5
3330 889 5
3330 2980 5
3330 766 5
3330 4742 5
3330 6284 5
3330 10288 5
3330 6429 4
3330 357 5
3330 3628 5
3330 3920 5
3330 2034 4
3330 6345 5
3330 5711 4
3331 6653 4
3331 372 5
3331 11202 5
3332 6832 5
3332 7189 4
3332 11171 3
3332 6802 5
3332 6329 5
3332 590 4
3332 3167 4
3332 5971 4
3332 11628 4
3332 6953 5
3332 6551 4
3332 3165 5
3332 1654 5
3332 11520 5
3332 8229 5
3332 4836 5
3332 3622 5
3332 4691 5
3332 4539 5
3332 1741 5
3332 3225 2
3332 4491 5
3333 4737 5
3333 3221 5
3333 7530 5
3333 3167 3
3333 2858 5
3333 149 5
3333 7895 5
3333 1209 4
3333 992 5
3333 6892 5
3333 6756 5
3333 8155 4
3333 4574 5
3333 2485 5
3333 5789 5
3333 1628 2
3333 7023 4
3333 112 3
3333 8094 4
3333 7928 5
3333 3354 2
3333 3642 5
3333 3165 5
3333 2799 1
3333 9289 5
3333 2824 5
3333 4740 3
3333 4904 5
3333 4361 4
3333 3365 4
3333 7362 5
3333 2837 4
3333 5715 5
3333 85 5
3333 7069 4
3333 4023 4
3333 4117 5
3334 4180 4
3334 6406 1
3334 4841 4
3334 813 3
3334 6888 4
3334 803 3
3334 7183 5
3334 6059 3
3334 4275 2
3334 6761 3
3334 6885 3
3334 10295 4
3334 6155 5
3334 1283 3
3334 2880 3
3334 4628 5
3334 3894 5
3334 4328 3
3334 3081 5
3334 686 5
3334 1216 4
3334 773 4
3334 7710 3
3334 867 4
3334 4454 4
3334 1709 4
3334 3187 3
3334 8164 5
3334 466 5
3334 2333 5
3334 8903 1
3334 2253 5
3334 2700 3
3334 4320 4
3334 8965 4
3334 639 4
3334 4513 4
3334 6877 5
3334 210 4
3334 1153 5
3334 4907 5
3334 7400 5
3335 312 5
3335 3469 3
3335 738 4
3335 309 4
3335 11303 4
3335 7552 3
3335 5743 4
3336 11268 4
3336 5979 5
3336 6029 5
3337 7133 5
3337 6874 5
3337 2459 4
3337 4764 5
3337 1547 5
3337 8265 5
3337 2580 4
3337 3203 5
3337 1226 3
3337 11629 1
3337 2422 5
3337 3177 5
3337 4539 5
3337 3169 4
3337 4573 5
3337 3176 5
3337 3175 5
3337 3626 5
3337 3256 5
3337 9622 3
3337 1301 4
3337 2592 5
3337 1305 5
3338 8152 5
3338 7585 4
3338 8009 2
3338 4715 3
3338 107 3
3338 244 3
3338 1650 5
3338 8859 5
3338 309 5
3339 6651 5
3339 3252 4
3339 4034 5
3339 6200 5
3339 2484 2
3339 4574 4
3339 11630 3
3339 5926 3
3340 6411 5
3340 2059 5
3340 805 4
3340 6919 5
3340 5857 5
3341 7637 4
3341 985 5
3341 4842 4
3341 9051 5
3341 4329 4
3341 2034 4
3341 10378 5
3341 632 4
3342 7107 3
3342 2948 1
3342 934 4
3343 980 3
3343 1275 5
3343 1665 5
3343 1134 5
3343 104 5
3343 11631 5
3343 1682 4
3343 2651 5
3343 5855 5
3343 5691 5
3343 7101 3
3343 6574 3
3343 2280 4
3343 8764 4
3343 2391 5
3343 3043 4
3343 5332 5
3344 11287 5
3344 5415 5
3344 104 5
3344 3161 5
3344 323 5
3344 832 5
3344 313 5
3345 5733 4
3345 6990 4
3345 4050 5
3346 4023 5
3346 842 5
3346 5224 5
3346 2843 5
3347 9397 5
3347 8155 3
3347 6756 4
3347 1665 5
3347 7355 4
3347 4036 5
3347 909 5
3347 309 5
3348 5679 5
3348 7297 4
3348 3400 5
3348 4425 3
3348 11555 5
3348 8459 3
3348 3425 5
3348 2157 5
3349 762 4
3349 3200 5
3349 704 3
3349 1797 5
3349 4366 5
3349 309 4
3349 1939 5
3349 832 4
3349 2107 1
3349 211 5
3349 739 5
3350 4005 5
3350 706 4
3350 879 1
3350 11234 5
3350 288 5
3350 2655 1
3350 2280 4
3350 3000 5
3350 2086 5
3350 8991 3
3350 1336 1
3350 5729 5
3350 2961 4
3350 6093 4
3350 7953 5
3350 832 5
3350 323 5
3350 766 2
3350 486 4
3351 1733 5
3351 3022 5
3351 2834 5
3351 4088 5
3351 8105 5
3351 1241 5
3351 2469 5
3351 509 4
3351 1216 4
3351 464 5
3351 1205 3
3351 2331 5
3351 1879 4
3352 8533 5
3352 3203 5
3352 6953 5
3352 2955 4
3352 10551 5
3353 7297 5
3353 3355 5
3353 6717 2
3353 7839 4
3353 3431 4
3354 1670 4
3354 661 4
3354 1408 4
3354 3254 4
3354 6640 4
3354 1673 4
3354 3687 5
3354 1387 4
3355 7338 5
3355 3368 4
3355 6342 4
3355 5969 4
3355 3181 3
3355 1657 5
3355 4574 5
3355 7137 4
3355 4600 4
3355 11632 4
3355 3367 5
3355 11099 4
3356 11576 5
3356 5881 5
3356 1655 5
3357 759 5
3357 3146 5
3357 8690 5
3357 3181 5
3357 4425 4
3357 2882 4
3357 4686 4
3358 5882 5
3358 358 1
3358 3470 5
3358 2143 5
3358 3525 5
3358 3304 4
3359 173 4
3359 5150 5
3359 1697 5
3359 1332 5
3359 4940 4
3359 5430 4
3359 6085 4
3359 4725 4
3359 2814 2
3359 6194 5
3360 3701 5
3360 4426 5
3360 6666 1
3360 4208 5
3361 11633 5
3361 2581 3
3361 2708 4
3361 2733 4
3361 102 5
3361 10964 2
3361 2740 5
3361 2709 4
3362 11550 5
3362 3622 5
3362 8575 5
3362 3306 5
3362 1771 5
3362 1054 5
3362 1293 5
3362 2716 5
3362 1242 4
3362 2333 5
3362 2349 4
3362 10385 3
3362 8801 4
3363 1714 5
3363 3496 5
3363 11260 5
3364 9388 5
3364 8964 3
3364 5334 2
3364 11634 4
3364 572 5
3365 10169 5
3365 4335 3
3365 3694 4
3366 104 5
3366 4932 1
3366 759 4
3366 695 5
3367 3063 4
3367 309 5
3367 423 5
3367 1767 5
3367 1693 5
3367 1853 5
3367 1355 5
3367 824 5
3367 4729 5
3367 1417 5
3367 609 5
3367 5005 5
3367 3216 5
3367 1352 5
3367 484 5
3367 4072 5
3367 909 5
3367 1275 5
3367 889 5
3367 3808 5
3367 10342 4
3367 6199 5
3367 4599 5
3367 4251 5
3367 837 5
3367 1638 5
3367 3530 5
3367 1017 5
3367 1272 5
3367 5608 5
3367 6255 5
3367 4758 1
3367 695 3
3367 3687 4
3367 7194 5
3367 1241 5
3367 1277 4
3367 7421 5
3368 8863 3
3368 7208 5
3368 2841 4
3368 6892 5
3369 9506 2
3369 3333 5
3369 4704 1
3370 5024 5
3370 695 4
3370 728 5
3370 735 5
3370 6656 4
3370 1422 4
3370 3088 5
3370 1324 5
3370 309 4
3370 4528 5
3370 1762 5
3370 1682 5
3370 5781 5
3370 4062 4
3371 5513 4
3371 2318 5
3371 1418 3
3371 4999 4
3371 2620 4
3371 1682 5
3372 8907 5
3372 712 5
3372 9454 3
3372 1285 4
3372 11635 4
3373 4758 1
3373 751 3
3373 312 5
3373 759 2
3373 309 5
3373 3449 5
3373 1277 5
3374 9349 4
3374 658 5
3374 807 4
3374 699 5
3374 4017 4
3374 312 5
3374 792 5
3374 7953 5
3374 832 5
3374 8388 3
3374 160 5
3374 313 5
3374 309 5
3374 9366 4
3374 4252 5
3374 1408 5
3374 284 2
3374 5996 4
3374 821 5
3374 9680 5
3375 7409 4
3375 7796 5
3375 5624 5
3375 2759 5
3375 313 4
3375 309 5
3375 1981 5
3375 4936 5
3375 4821 5
3375 4340 5
3376 4472 5
3376 1241 5
3376 4884 5
3376 4361 3
3376 1584 1
3376 10547 5
3376 8699 5
3376 5882 5
3377 3178 5
3377 9020 5
3377 5717 5
3378 3688 5
3378 5857 5
3378 3081 3
3379 7159 5
3379 7152 4
3379 1275 5
3379 4537 4
3379 2581 4
3379 8203 4
3379 10048 5
3379 741 5
3379 309 5
3379 8228 1
3379 8326 5
3379 82 5
3379 7163 2
3379 5708 4
3379 11123 5
3379 9427 1
3379 1403 1
3379 574 1
3379 3702 5
3379 5218 5
3379 9544 5
3379 11275 5
3379 8423 4
3379 4597 4
3379 3275 5
3379 771 4
3379 3449 5
3379 5087 5
3379 3123 4
3379 759 5
3379 4488 5
3379 9889 5
3379 9533 5
3379 7712 5
3379 4949 5
3379 323 4
3379 11636 5
3379 8223 3
3379 5392 5
3379 960 5
3379 4694 5
3379 762 5
3379 211 5
3379 196 5
3379 9556 5
3379 312 5
3379 739 5
3379 313 5
3379 832 5
3379 3796 5
3379 1395 5
3379 738 5
3379 706 5
3379 258 5
3379 735 5
3379 2642 5
3379 909 1
3379 9139 5
3379 9135 1
3379 8696 2
3379 8428 5
3379 5852 5
3379 10250 5
3379 3818 5
3379 7259 4
3379 4917 1
3379 7160 2
3379 10270 5
3379 5355 5
3379 10707 5
3379 8242 5
3379 9746 4
3379 3915 5
3379 6980 4
3379 4216 5
3379 9493 5
3380 1130 5
3380 4463 5
3380 5355 5
3380 3203 5
3380 11400 5
3380 6363 5
3380 10469 4
3381 8889 5
3381 1744 4
3381 1667 4
3381 8616 4
3381 4517 5
3381 8972 4
3381 4572 4
3381 5832 4
3381 1365 5
3381 8032 4
3381 7601 5
3381 5488 5
3381 9657 5
3381 5226 3
3381 8586 5
3381 5645 2
3381 10332 5
3381 211 5
3381 10914 4
3381 6516 5
3381 5013 5
3381 5924 4
3382 211 5
3382 728 4
3382 309 5
3382 710 5
3382 6727 5
3383 6903 5
3383 3220 4
3383 9875 5
3383 2377 5
3383 1226 5
3383 7897 5
3383 3687 5
3383 11382 3
3383 843 4
3383 5881 4
3383 3221 4
3383 2780 5
3383 7014 3
3383 4577 5
3383 4543 5
3384 3396 5
3384 7351 3
3384 3169 5
3385 4187 5
3385 9988 4
3385 6818 5
3386 11573 2
3386 2468 5
3386 3503 5
3386 4342 5
3386 5993 4
3386 1226 2
3386 631 5
3387 3575 5
3387 5265 5
3387 2841 5
3387 3333 5
3387 3467 5
3387 973 5
3388 1206 5
3388 6756 5
3388 1498 5
3388 2648 5
3388 2041 5
3388 3342 5
3388 1062 5
3388 649 5
3388 2469 2
3388 981 5
3388 11382 5
3388 4360 5
3388 7335 3
3388 6065 5
3389 2416 5
3389 3218 3
3389 1168 5
3389 9239 5
3390 5062 5
3390 3539 1
3390 6572 1
3390 1475 2
3390 10323 5
3390 1332 4
3390 7559 1
3390 6666 1
3390 7388 2
3390 9861 5
3390 909 3
3390 2507 5
3390 4678 5
3390 9087 1
3390 9091 5
3390 11534 5
3391 3629 5
3391 1133 2
3391 3675 5
3391 1134 5
3391 9875 5
3391 452 4
3391 5005 5
3391 4574 5
3391 7130 4
3391 3646 5
3391 467 5
3391 2311 5
3391 1152 3
3391 3640 5
3391 11480 5
3391 3688 5
3391 2287 5
3391 436 1
3391 1166 5
3391 518 5
3391 2428 5
3391 3267 5
3391 4836 4
3391 2118 4
3391 1805 4
3391 1249 5
3391 1208 4
3391 2474 5
3391 106 5
3391 3696 4
3391 11226 4
3392 6311 5
3392 4937 5
3392 4246 1
3392 10761 5
3392 10456 5
3392 3207 5
3393 1275 1
3393 843 3
3393 1414 1
3393 2103 5
3393 8924 4
3393 6724 5
3393 6304 5
3393 7806 5
3393 6154 5
3393 842 5
3393 10139 4
3393 1749 5
3393 3348 5
3393 1289 5
3394 9017 1
3394 7217 4
3394 3000 5
3394 196 1
3394 3279 4
3394 7913 3
3394 832 5
3394 326 5
3394 2005 5
3394 7828 4
3394 813 5
3394 661 3
3394 11101 5
3394 1673 5
3394 5997 5
3394 3546 3
3394 3309 3
3394 804 3
3394 2821 5
3394 5088 5
3394 1275 5
3394 28 5
3394 610 5
3394 732 5
3394 312 5
3394 3921 4
3394 9498 5
3394 7223 4
3394 9008 2
3394 1314 5
3394 2914 3
3394 7660 5
3394 7218 5
3394 772 5
3394 323 3
3394 1262 5
3394 780 5
3394 2629 5
3394 609 5
3394 574 3
3394 7615 3
3394 9763 5
3394 257 4
3394 6463 3
3394 768 4
3394 2940 4
3394 3061 3
3394 10973 5
3394 9643 5
3395 10337 4
3395 6428 2
3395 8768 5
3395 11250 5
3395 4047 5
3395 594 5
3395 4805 3
3395 3995 5
3395 7240 5
3395 1661 3
3395 1226 4
3395 7559 4
3395 3303 3
3396 11159 5
3396 3383 5
3396 6448 5
3396 4491 5
3396 5366 5
3396 1332 4
3396 6917 5
3396 8626 4
3396 11347 2
3396 8172 5
3397 2749 5
3397 8088 5
3397 1232 3
3398 11214 5
3398 9223 3
3398 2386 5
3398 2858 5
3398 4677 4
3398 8155 5
3398 5467 5
3398 497 3
3398 2405 5
3398 785 4
3398 2814 5
3398 4016 5
3398 2592 5
3398 1127 3
3398 11249 5
3398 4948 4
3398 2590 5
3398 489 5
3398 3687 4
3399 3254 5
3399 6345 5
3399 9835 5
3399 7405 5
3399 4558 3
3399 5944 5
3399 7190 2
3399 3920 5
3400 1860 5
3400 5802 5
3400 5295 4
3401 3187 5
3401 7138 5
3401 8118 4
3401 3253 5
3401 6375 5
3401 1754 3
3402 1406 1
3402 3899 1
3402 6664 1
3402 4786 1
3402 934 1
3403 4580 4
3403 4191 4
3403 3599 4
3404 4747 5
3404 9063 5
3404 3441 5
3404 5837 5
3404 5937 5
3404 3961 5
3405 6496 5
3405 7387 4
3405 4187 5
3405 7388 4
3406 8017 4
3406 1213 5
3406 1634 3
3406 3593 4
3406 2588 5
3407 5256 3
3407 6162 5
3407 3223 4
3407 3292 5
3408 4189 4
3408 2704 5
3408 8354 4
3408 5146 4
3408 3474 5
3408 8372 5
3408 2551 5
3409 502 1
3409 2475 5
3409 1282 1
3409 1226 4
3409 3066 2
3409 748 4
3409 1909 5
3409 1332 3
3409 358 5
3409 4904 5
3409 1910 5
3409 358 4
3410 3165 5
3410 5503 5
3410 11249 5
3411 673 4
3411 8993 5
3411 7416 5
3411 6618 5
3411 309 5
3411 3636 5
3411 896 5
3412 5678 4
3412 2963 5
3412 3198 2
3412 4462 5
3412 10565 5
3412 5657 5
3412 3215 4
3412 7737 5
3412 8391 4
3412 1960 3
3412 3820 5
3412 1752 5
3412 4193 5
3412 3111 5
3412 3177 4
3412 7208 5
3412 3474 5
3412 1902 1
3412 8632 3
3413 4547 4
3413 3312 2
3413 2412 5
3413 476 4
3413 2355 5
3413 8403 4
3413 497 3
3413 2298 5
3413 1236 2
3414 8935 5
3414 3484 5
3414 8889 2
3414 9540 4
3414 3441 5
3414 1774 3
3414 766 3
3414 728 3
3414 759 4
3414 661 3
3414 1329 5
3414 8889 2
3414 843 3
3414 309 1
3414 1408 5
3414 9117 5
3414 276 4
3414 832 4
3414 9037 5
3414 211 5
3414 2983 4
3414 3123 4
3414 3301 4
3415 1418 1
3415 6390 1
3415 728 3
3415 4613 4
3415 766 5
3415 4562 5
3416 5306 4
3416 104 4
3416 9083 4
3416 712 4
3416 278 4
3416 327 4
3416 1412 3
3416 8643 3
3416 699 4
3417 2782 5
3417 11096 4
3417 11246 5
3418 1387 1
3418 1673 4
3418 837 4
3418 1361 3
3418 3177 4
3419 8276 4
3419 391 4
3419 10513 4
3419 2416 4
3419 9909 4
3420 1165 4
3420 6498 5
3420 2507 4
3420 2959 3
3420 3189 5
3420 1036 4
3420 6500 5
3420 4722 5
3420 8017 5
3420 992 2
3420 4574 5
3421 679 5
3421 1837 5
3421 3638 5
3421 1655 5
3421 8587 3
3422 11245 4
3422 4262 5
3422 3263 5
3422 3000 5
3423 507 4
3423 1280 4
3423 6103 4
3423 10983 1
3423 2418 4
3423 1631 5
3423 6611 5
3423 9231 1
3423 1826 5
3423 3177 4
3423 4257 3
3423 4836 4
3423 2355 4
3423 6147 4
3423 518 4
3423 4045 4
3423 4329 4
3423 3439 1
3423 1229 4
3423 654 4
3423 4539 5
3423 956 4
3423 2567 4
3423 6113 4
3423 2340 4
3423 1050 4
3423 8568 4
3423 2546 4
3423 10823 5
3423 830 5
3423 2700 5
3423 3410 4
3423 11184 5
3423 2883 4
3423 4117 5
3423 3216 5
3423 2805 4
3423 3513 4
3423 6102 5
3423 1733 4
3424 8873 4
3424 1332 5
3424 8307 5
3424 8611 4
3424 3169 4
3424 2265 5
3424 1268 5
3425 3687 3
3425 3920 5
3425 1853 5
3425 2464 5
3425 7335 4
3425 5937 3
3425 6524 4
3425 3064 5
3425 5997 5
3425 11089 3
3425 3638 5
3425 2640 4
3426 4505 5
3426 9244 5
3426 6820 4
3426 7314 3
3426 9183 4
3426 6953 5
3427 8937 4
3427 6841 4
3427 11546 4
3427 3226 2
3428 2592 5
3428 1225 5
3428 5428 5
3428 3176 5
3428 9139 5
3429 8190 4
3429 3316 5
3429 6956 5
3429 4632 4
3429 9401 5
3430 7243 4
3430 2432 4
3430 309 4
3430 3410 5
3430 1218 3
3430 1646 4
3430 1204 5
3430 2873 2
3430 10386 5
3430 1216 5
3430 447 3
3430 5206 4
3431 3440 5
3431 2400 4
3431 8282 5
3431 10940 3
3431 3042 5
3431 2333 4
3431 5706 5
3432 1285 5
3432 5608 5
3432 856 4
3432 8626 4
3432 11595 1
3432 3031 4
3432 2327 4
3432 3073 5
3432 3036 3
3433 4583 5
3433 3669 4
3433 4574 5
3433 3169 5
3433 3642 5
3434 3637 5
3434 6094 4
3434 2592 5
3435 8962 3
3435 5161 1
3435 9887 3
3435 102 5
3436 6796 4
3436 2655 1
3436 8273 3
3437 1817 1
3437 2958 4
3437 3887 4
3437 3569 3
3437 2080 3
3437 3183 4
3437 1587 5
3438 3529 5
3438 1343 3
3438 1280 5
3438 5945 3
3438 1744 4
3438 5331 5
3438 8363 5
3438 1594 4
3438 3556 5
3438 1790 5
3438 9332 5
3438 7210 4
3438 3686 5
3438 3465 5
3438 1408 5
3438 211 5
3438 1922 5
3438 3256 5
3438 6037 5
3438 10215 5
3438 7110 5
3438 8499 3
3438 1365 5
3438 5069 4
3438 7576 5
3438 292 4
3438 865 5
3438 7023 5
3438 2962 5
3438 2755 5
3438 173 5
3438 9259 1
3438 1741 5
3438 6140 3
3438 8263 5
3438 9858 4
3438 5700 5
3438 2405 4
3438 5910 5
3438 1406 5
3439 4555 5
3439 1278 5
3439 3202 4
3439 4528 4
3439 5409 5
3439 695 5
3439 3263 5
3439 1332 4
3439 323 5
3439 1312 4
3439 3134 4
3439 8960 5
3440 2003 3
3440 1454 5
3440 5941 5
3440 8795 5
3440 7823 3
3440 762 5
3440 258 5
3440 28 4
3440 712 3
3441 1140 3
3441 4501 5
3441 3072 4
3441 695 3
3441 728 3
3441 2490 5
3441 4503 5
3441 2130 5
3441 1914 5
3441 3454 5
3441 4947 4
3441 8925 5
3441 6094 5
3441 6027 4
3441 1418 3
3441 323 4
3441 6211 5
3442 1275 1
3442 7220 4
3442 7227 5
3442 4328 3
3442 7217 5
3442 7828 5
3442 7660 4
3442 10909 5
3442 8840 4
3442 7335 4
3442 3470 3
3443 3182 4
3443 3692 4
3443 6463 5
3443 2984 4
3443 7262 4
3443 3353 4
3443 7241 5
3443 11089 4
3443 2109 4
3443 1444 3
3443 3631 5
3443 7266 4
3443 1595 4
3443 7710 5
3443 7690 3
3443 7033 5
3443 8959 4
3443 6073 5
3443 1992 5
3443 2758 4
3443 7913 4
3443 3550 4
3443 2817 5
3443 7183 5
3443 10278 4
3443 8980 4
3443 5108 3
3443 8112 4
3443 49 4
3443 2034 4
3443 4360 4
3443 8104 4
3443 6724 3
3443 5917 4
3444 74 4
3444 909 1
3444 7428 4
3444 6542 4
3444 837 5
3444 2036 4
3444 1240 4
3444 1408 5
3444 1960 4
3444 4932 1
3444 3251 4
3444 1754 5
3444 1387 4
3444 1332 5
3444 1352 5
3445 5418 5
3445 309 5
3445 1515 2
3445 4006 5
3445 1384 5
3445 4467 5
3445 1939 5
3445 1215 2
3445 3091 5
3445 11158 5
3446 695 1
3446 4752 1
3446 6870 4
3446 9151 5
3446 5808 5
3446 8170 5
3446 4729 5
3446 4004 5
3446 6837 5
3446 3088 5
3446 3556 5
3446 7451 2
3446 309 5
3446 1335 4
3446 3361 5
3446 4812 5
3446 1029 5
3446 9203 4
3446 4567 2
3446 3299 5
3446 3685 1
3446 11637 4
3447 605 4
3447 2802 5
3447 1880 4
3447 7796 5
3447 2655 1
3447 7393 3
3447 1673 5
3447 607 5
3447 8581 5
3447 1933 5
3448 7626 5
3448 3328 3
3448 7218 5
3448 793 5
3449 3165 4
3449 5944 5
3449 3362 4
3449 4246 3
3449 9273 3
3449 4936 3
3449 3348 4
3450 1332 3
3450 5467 4
3450 9364 4
3450 3359 1
3450 1704 4
3450 5808 4
3450 2900 5
3450 2981 4
3450 9582 5
3450 4661 5
3451 3303 5
3451 2041 5
3451 9655 5
3451 4275 1
3452 3274 5
3452 5785 5
3452 2426 5
3452 11184 5
3452 3165 5
3452 1467 4
3452 3301 5
3452 6516 5
3452 2498 5
3453 27 3
3453 4047 4
3453 1281 5
3453 893 5
3453 5075 1
3453 4726 5
3453 3465 5
3453 4388 4
3453 3260 4
3453 6566 5
3453 3279 5
3453 6848 4
3453 5129 4
3453 4703 2
3453 3265 3
3453 9850 5
3454 3042 5
3454 6577 2
3454 309 5
3454 11533 4
3454 211 5
3454 7488 4
3454 3430 5
3455 4016 5
3455 3042 4
3455 504 5
3455 480 4
3455 542 4
3455 4692 2
3455 486 3
3455 2318 5
3455 1394 5
3455 4840 2
3455 1247 3
3455 1637 3
3455 9154 4
3455 3353 5
3455 488 4
3455 3334 5
3455 2418 4
3455 512 4
3455 3274 5
3455 2427 4
3455 11130 5
3455 3665 2
3456 818 5
3456 6101 5
3456 8518 5
3456 9183 5
3457 1650 3
3457 9332 5
3457 323 5
3457 3000 3
3457 5891 5
3457 1939 5
3457 4006 5
3457 4280 5
3457 877 5
3457 2972 5
3457 211 5
3457 309 5
3457 6240 5
3457 4297 1
3457 8899 5
3457 1648 5
3457 10015 5
3457 4661 5
3458 3533 4
3458 211 3
3458 1275 1
3458 6601 5
3458 8931 4
3458 104 5
3458 1467 4
3459 3727 3
3459 728 3
3459 1772 3
3459 1535 3
3459 816 4
3459 4496 4
3459 1332 4
3459 6286 5
3459 4659 5
3459 3550 4
3459 4491 5
3460 323 5
3460 313 5
3460 762 5
3460 4028 5
3461 4138 1
3461 705 4
3461 4117 5
3461 3513 5
3461 7362 5
3461 3896 1
3462 2426 4
3462 2458 4
3462 3176 5
3462 1640 5
3462 7136 2
3462 7371 2
3462 11595 3
3462 2621 2
3462 3410 5
3462 7298 5
3462 2900 5
3462 8091 5
3462 561 4
3462 3350 4
3462 3035 5
3463 1126 5
3463 8165 2
3463 4950 5
3463 10623 4
3463 3119 4
3463 11142 4
3463 4575 4
3463 4243 5
3463 1741 5
3463 8775 5
3463 4577 5
3463 7234 5
3463 3524 4
3463 4155 5
3463 4582 5
3464 9568 4
3464 4466 5
3464 1595 4
3464 1406 4
3464 8617 4
3464 1889 5
3464 3923 5
3464 5714 3
3464 8996 2
3464 5959 5
3464 5938 4
3464 7717 1
3464 7337 5
3464 6154 5
3464 1140 5
3464 11638 5
3464 3513 5
3464 8844 4
3464 5946 3
3464 6110 5
3464 9875 3
3464 3301 5
3464 5989 5
3464 728 3
3464 4877 5
3464 4439 2
3464 1709 5
3464 6441 5
3464 3384 5
3464 963 4
3464 3237 5
3464 8889 5
3464 10146 3
3464 4648 5
3464 5706 5
3464 1901 5
3464 4342 4
3464 10669 5
3464 2925 5
3464 3981 3
3465 552 4
3465 11608 5
3465 9898 5
3465 4948 4
3465 3333 5
3466 609 4
3466 10301 5
3466 909 1
3466 11014 5
3466 11558 5
3466 8886 4
3466 1422 3
3466 1668 1
3466 1787 4
3466 4362 4
3466 7335 5
3467 9034 5
3467 7023 4
3467 5306 5
3467 11126 5
3467 3017 5
3467 7320 5
3467 4796 5
3467 7649 5
3467 5901 5
3468 2802 5
3468 4187 4
3468 2507 5
3469 9106 5
3469 1332 5
3469 1264 5
3469 4465 5
3469 1974 3
3469 3636 5
3470 7190 4
3470 8899 5
3470 3365 5
3470 9643 5
3470 5944 4
3470 8707 5
3471 738 5
3471 832 3
3471 104 5
3471 323 5
3471 4099 5
3471 5154 5
3471 671 3
3471 609 5
3471 28 5
3471 258 5
3471 11102 5
3471 1981 5
3471 217 5
3471 312 3
3471 3979 5
3471 309 3
3471 8064 5
3471 9273 4
3472 7917 4
3472 5697 4
3472 11218 4
3472 109 4
3472 7896 4
3472 1636 5
3472 1774 5
3472 6848 3
3472 9299 4
3472 772 3
3472 3022 4
3472 312 5
3472 4943 4
3472 196 5
3472 3263 5
3472 4243 4
3472 3517 4
3472 9646 4
3472 8067 5
3472 8386 4
3472 322 4
3472 8110 5
3472 8041 4
3472 3550 5
3472 309 5
3472 7524 4
3472 4260 4
3472 858 4
3472 177 4
3472 4772 5
3472 8716 4
3472 2827 5
3473 4836 5
3473 2799 5
3473 3516 4
3474 550 4
3474 3153 5
3474 4117 5
3474 9758 5
3474 3305 4
3474 7511 5
3475 4150 5
3475 8795 5
3475 4087 5
3475 3365 5
3475 3002 4
3475 4084 5
3475 4105 4
3475 2537 3
3475 1272 4
3475 2939 4
3475 824 4
3475 827 4
3475 609 3
3475 1673 3
3476 2547 5
3476 7346 5
3476 2592 5
3476 4016 5
3476 9190 4
3476 6144 4
3476 3166 5
3476 1675 4
3476 1357 5
3476 3203 5
3476 8304 5
3476 4089 5
3477 7063 3
3477 7409 2
3477 7405 4
3477 8789 4
3477 11639 5
3477 721 4
3477 2715 5
3477 5018 3
3477 2936 3
3477 4163 4
3477 2733 5
3477 756 3
3477 3252 5
3477 9066 2
3477 3834 5
3477 3834 5
3477 5400 1
3477 3329 5
3477 826 4
3477 5982 4
3477 3836 5
3477 3842 4
3477 3322 5
3477 3417 3
3477 1394 3
3477 830 1
3477 3784 5
3477 10544 3
3477 2749 5
3477 3797 4
3477 1876 5
3477 11460 5
3477 5360 5
3477 3879 4
3477 3870 4
3477 10032 2
3477 3055 5
3477 10435 4
3477 10583 5
3477 1509 5
3477 2558 3
3477 9981 4
3477 5068 5
3477 11046 4
3477 1462 2
3477 5467 2
3477 1060 5
3478 6277 3
3478 3604 1
3478 1457 4
3478 6647 4
3478 3672 5
3478 9192 5
3478 1691 5
3478 1049 5
3479 5048 2
3479 7903 5
3479 8637 5
3479 4496 5
3480 1403 1
3480 2665 3
3480 9097 5
3480 9372 3
3480 3051 2
3480 1996 5
3480 4868 2
3480 4552 4
3480 712 3
3480 3481 4
3480 519 2
3480 7478 4
3480 4999 5
3480 8565 4
3480 3143 3
3480 7146 2
3481 3552 4
3481 1279 3
3481 9081 3
3481 3469 5
3482 211 5
3482 9623 5
3482 4050 5
3482 10673 5
3482 9773 1
3483 653 5
3483 9357 4
3483 656 1
3483 3000 5
3483 143 5
3483 9366 4
3483 323 5
3483 254 4
3483 2648 5
3483 276 5
3483 309 4
3483 2831 4
3483 5018 4
3483 9013 4
3483 3533 5
3483 1408 5
3483 7561 5
3483 1275 1
3483 5825 3
3483 211 5
3483 2722 5
3483 837 5
3483 293 5
3483 8890 5
3483 8489 4
3483 10867 4
3483 728 5
3483 288 5
3483 5177 5
3483 1060 4
3483 712 5
3483 10397 5
3483 706 3
3483 10593 5
3483 4262 5
3483 726 5
3483 1277 5
3483 8372 5
3483 9220 5
3483 10958 5
3483 704 5
3483 832 4
3483 28 4
3483 4280 5
3483 9573 4
3483 8697 5
3484 2701 5
3484 9393 5
3484 11467 5
3484 9626 5
3484 10251 5
3484 10317 4
3484 11326 4
3484 5314 4
3484 9096 5
3484 9511 5
3484 1101 5
3484 1365 5
3485 316 4
3485 9566 5
3485 1431 4
3485 9317 3
3485 1733 4
3485 5009 4
3485 3010 5
3485 783 5
3485 1388 4
3485 5737 4
3485 5320 5
3485 8623 5
3485 185 5
3485 10368 4
3485 10603 5
3485 574 1
3485 3445 2
3485 7899 5
3485 8646 5
3485 277 5
3485 7918 3
3485 4275 5
3485 4799 5
3485 7903 3
3485 4447 4
3485 3446 5
3485 5442 5
3485 2494 5
3485 5258 5
3485 2847 5
3485 9202 4
3485 5260 3
3485 10595 5
3485 912 3
3485 9701 5
3486 4315 4
3486 4345 4
3486 742 3
3486 972 5
3486 5555 4
3486 3861 5
3487 1508 4
3487 9645 5
3487 9568 5
3487 3852 5
3487 8491 4
3487 3717 4
3487 1000 4
3487 9834 4
3487 262 3
3487 1029 5
3487 10000 4
3488 3891 5
3488 10142 4
3488 5466 4
3489 8921 5
3489 2093 5
3489 985 5
3489 2048 4
3489 2009 5
3489 9735 3
3489 3726 5
3489 3590 4
3489 5435 5
3489 6707 4
3489 5504 5
3489 2152 4
3489 810 5
3489 4045 5
3489 8491 4
3489 945 5
3489 8028 4
3489 10899 3
3489 10341 5
3489 3694 4
3489 5220 4
3489 1870 5
3489 2095 5
3489 8494 5
3489 9422 4
3489 1876 5
3489 857 5
3489 4634 5
3489 9094 5
3489 3267 5
3489 4785 5
3489 2901 5
3489 9212 2
3489 3954 5
3489 1450 2
3489 3954 5
3489 11640 4
3490 3138 5
3490 11641 4
3490 1876 4
3490 9135 2
3490 5397 3
3490 4634 4
3490 4673 4
3490 5844 4
3491 6837 3
3491 686 4
3491 773 5
3491 867 5
3491 5676 4
3491 5092 5
3491 9660 4
3491 3815 5
3491 904 2
3491 6964 4
3491 1365 4
3491 5550 4
3491 862 5
3491 860 5
3491 6911 2
3491 3797 5
3491 10848 4
3491 3617 5
3491 1522 3
3491 622 5
3491 4935 5
3491 930 3
3491 977 2
3491 10220 5
3491 5537 4
3491 8472 4
3491 1028 5
3491 4788 4
3491 56 4
3491 9601 5
3491 8033 4
3491 8809 3
3491 5314 2
3492 881 2
3492 1446 1
3492 3666 4
3492 5284 5
3492 4745 1
3492 3022 4
3492 938 4
3492 6904 1
3492 2828 5
3492 711 4
3492 9367 4
3492 1928 5
3492 7072 5
3492 5420 4
3492 3715 5
3492 5676 5
3492 1038 4
3492 5345 5
3492 4834 5
3493 620 5
3493 3812 5
3493 9611 5
3493 1763 5
3493 9757 5
3493 1705 5
3493 1086 5
3494 5232 4
3494 977 4
3494 5630 5
3494 10777 4
3494 3791 4
3494 4917 1
3494 3950 5
3494 3950 5
3494 1448 5
3494 5746 4
3494 3583 4
3494 3782 5
3494 10878 5
3494 3422 5
3494 5529 5
3495 3444 5
3495 4172 2
3495 901 4
3495 11376 5
3495 4673 3
3495 8969 2
3495 5220 5
3495 1515 2
3495 10483 1
3495 3521 5
3495 4568 3
3495 3339 5
3495 1515 4
3496 10397 5
3496 904 4
3496 3779 4
3496 2609 3
3496 4559 3
3496 7546 4
3496 3038 3
3496 10774 3
3496 3797 4
3496 2624 4
3496 5525 4
3496 2741 4
3496 2688 3
3496 10482 4
3496 2709 2
3496 1516 5
3496 9220 3
3496 3121 3
3496 5158 5
3496 3444 4
3496 8881 4
3496 10773 3
3496 10985 3
3496 6193 5
3496 1572 4
3496 9831 4
3496 613 4
3496 11294 4
3496 5463 4
3496 8281 3
3496 3774 2
3496 978 5
3496 10112 3
3496 10908 3
3496 1465 4
3496 10687 3
3496 901 4
3496 5482 4
3496 10219 3
3496 5325 4
3496 4877 3
3496 170 4
3496 966 2
3496 4050 2
3496 7579 4
3496 3832 4
3496 969 4
3496 2093 3
3496 11642 2
3496 4395 2
3496 10541 4
3496 2095 5
3496 11364 4
3496 11446 4
3496 6652 5
3496 10540 4
3496 11362 4
3496 8747 2
3496 3944 1
3496 2425 4
3496 977 4
3496 4685 3
3496 4908 1
3496 9630 4
3496 3927 1
3496 8652 3
3496 7259 4
3496 5229 3
3496 9411 4
3496 10721 3
3496 377 5
3496 631 4
3496 10318 4
3496 6039 4
3496 8277 3
3496 10348 1
3496 9143 5
3496 10132 5
3496 1034 4
3496 11643 4
3496 11559 4
3496 10998 4
3496 4634 4
3496 11049 2
3496 9278 5
3496 8757 3
3496 4547 3
3496 11408 5
3496 3796 5
3496 812 5
3496 5468 5
3496 11257 3
3496 3624 4
3496 1439 4
3496 4627 5
3496 1959 4
3496 948 3
3496 10197 5
3496 1052 4
3496 5319 4
3496 6186 3
3496 5460 3
3496 987 4
3496 1043 5
3496 3753 1
3496 1509 4
3496 10965 3
3496 7331 4
3496 7978 4
3496 1012 4
3496 8234 4
3496 5291 2
3496 4275 3
3496 6971 5
3496 1349 3
3496 10050 4
3496 2603 4
3496 9517 2
3496 3208 4
3496 5585 4
3496 10175 2
3496 11485 3
3496 11458 2
3496 10812 4
3496 3041 5
3496 4917 3
3496 8242 3
3496 1003 4
3496 934 4
3496 8362 3
3496 1365 5
3496 5279 3
3496 3884 2
3496 4593 4
3496 5932 4
3496 10232 4
3496 966 4
3496 8500 2
3496 11322 4
3496 4031 4
3496 3791 5
3496 10536 4
3496 10469 5
3496 3618 4
3496 10126 4
3497 7999 5
3497 8357 2
3497 3965 5
3497 309 5
3497 5134 5
3497 8485 5
3497 3585 5
3497 1429 5
3497 7734 2
3497 980 5
3497 885 3
3497 9184 5
3497 1049 5
3497 1320 5
3497 6381 5
3497 10868 5
3497 897 2
3497 4917 3
3497 2194 4
3497 4804 5
3497 2755 3
3497 10220 4
3497 3615 2
3497 3881 5
3497 5564 5
3497 8198 5
3497 2009 5
3497 10534 5
3497 10115 5
3497 4629 4
3497 9187 5
3497 934 5
3497 979 5
3497 7192 4
3497 1369 5
3497 10773 4
3497 6332 5
3497 4823 3
3497 2689 5
3497 2242 5
3497 9012 3
3497 10033 4
3497 9032 5
3497 10523 2
3497 3339 5
3497 5489 5
3497 10912 4
3497 11186 5
3497 4354 5
3497 3435 3
3497 4915 5
3497 3329 5
3497 1960 4
3497 9980 5
3497 6403 3
3498 3870 3
3498 8312 5
3498 8088 5
3498 1003 2
3498 9181 4
3498 1479 2
3498 3606 2
3498 979 1
3498 10070 5
3498 5610 3
3498 991 4
3498 2701 5
3498 8355 3
3498 1876 4
3498 3739 5
3498 10090 3
3498 5552 4
3498 5554 4
3498 3113 4
3498 1466 4
3498 4286 4
3498 10032 3
3498 1506 5
3498 11026 3
3498 9551 5
3498 814 4
3498 5293 3
3498 3810 5
3498 1002 4
3498 4834 4
3498 943 4
3498 8848 3
3498 1513 1
3498 4275 2
3498 900 5
3498 989 4
3498 749 5
3498 3781 4
3498 1062 4
3498 4048 2
3498 5565 1
3498 11326 5
3498 3195 2
3498 5229 3
3498 918 3
3498 910 4
3498 1493 3
3498 1052 5
3498 3884 5
3498 7375 5
3498 622 3
3498 378 5
3498 5930 4
3498 10733 4
3498 1048 5
3498 7664 3
3498 4272 3
3498 3717 5
3498 1049 3
3498 9071 3
3498 934 5
3498 5175 4
3498 4629 1
3498 10336 5
3498 2646 3
3498 1457 1
3498 5297 1
3498 3819 4
3498 1515 3
3498 7851 5
3498 906 3
3498 1439 4
3498 5042 3
3498 3617 5
3498 1503 4
3498 3055 4
3498 2749 5
3498 1506 5
3498 5345 4
3498 8504 4
3498 4726 4
3498 2865 5
3498 3583 1
3498 5579 3
3498 10217 4
3498 1220 3
3498 10620 4
3498 10505 4
3498 10391 5
3498 3600 4
3498 5188 4
3498 3598 5
3498 4829 1
3498 2987 1
3498 885 4
3498 5397 1
3498 10328 4
3498 5650 3
3498 1462 4
3498 4550 4
3498 3388 3
3498 8062 3
3498 1469 5
3498 1467 2
3498 5397 1
3498 3603 3
3498 4600 4
3498 9495 2
3498 4334 5
3498 3787 3
3498 9938 2
3498 4829 3
3498 2417 3
3498 5605 3
3498 4826 4
3498 3621 4
3498 10377 4
3498 9940 4
3498 9674 3
3498 9654 4
3498 6186 5
3498 5253 2
3498 10487 3
3498 1344 5
3498 8602 2
3498 3315 4
3498 8322 3
3498 10503 4
3498 10922 1
3498 5318 4
3498 6759 4
3498 3422 5
3498 9603 4
3498 9168 4
3498 1067 1
3498 3882 5
3498 940 3
3498 10922 3
3498 10971 4
3498 10522 4
3498 5397 2
3498 10994 2
3498 10497 4
3498 5371 3
3498 5370 3
3498 8574 5
3498 9657 4
3498 1510 5
3498 1329 5
3498 10271 3
3498 1060 3
3498 3784 5
3498 947 3
3498 3768 4
3498 10699 2
3498 5377 5
3498 3949 2
3498 10058 5
3499 3773 5
3499 5059 5
3499 6662 5
3499 3853 5
3499 2689 4
3499 3275 5
3499 1302 4
3499 2269 5
3500 3943 4
3500 3886 3
3500 3446 4
3500 10053 3
3500 11644 4
3500 10248 4
3500 5078 4
3500 10550 4
3500 4675 2
3500 934 5
3501 10617 4
3501 9212 3
3501 5464 4
3501 8755 3
3501 4673 2
3501 11058 5
3501 10506 4
3501 4833 4
3501 10702 4
3501 9624 4
3501 885 4
3501 5167 3
3502 6569 5
3502 5178 5
3502 3095 3
3502 934 5
3502 11547 4
3502 954 5
3503 8581 5
3503 10068 5
3503 10876 4
3503 9416 5
3503 3419 5
3503 3469 4
3503 9830 5
3503 10498 5
3503 363 4
3503 1497 4
3503 5177 5
3503 9776 5
3503 8096 3
3503 3521 5
3503 1060 5
3503 1522 4
3503 9270 4
3504 8466 5
3504 8316 5
3504 8935 5
3504 2888 4
3504 7162 3
3504 6113 5
3504 4998 5
3505 1147 5
3505 1629 3
3505 8039 4
3505 6441 4
3505 5969 4
3505 9379 4
3506 8604 5
3506 7640 5
3506 3042 5
3506 5255 5
3507 10581 5
3507 6666 1
3507 1215 3
3507 3268 5
3507 8707 3
3507 609 5
3507 1194 5
3507 1275 1
3507 6275 5
3507 309 3
3507 6367 5
3507 2852 4
3507 2845 4
3507 7359 5
3507 6491 5
3508 8652 2
3508 1673 3
3508 1633 3
3508 7015 4
3508 3163 5
3508 7832 5
3508 5730 5
3508 4576 4
3508 1177 5
3509 6953 5
3509 8873 5
3509 1828 5
3510 2475 4
3510 5779 5
3510 1634 2
3510 2802 4
3510 5874 5
3510 6695 5
3510 2354 4
3510 8723 4
3510 7967 4
3510 6099 5
3510 3649 5
3510 1741 5
3510 308 5
3510 5800 5
3510 3703 5
3510 6826 5
3510 6514 5
3510 8972 4
3510 3334 5
3510 9354 4
3510 11515 5
3510 4947 5
3510 5706 4
3511 1108 5
3511 1177 4
3511 6190 5
3511 7212 3
3511 5255 5
3511 8456 4
3511 829 5
3511 832 3
3511 5979 3
3511 258 1
3511 10546 4
3511 762 1
3511 104 1
3511 4947 1
3511 11582 5
3511 1177 5
3511 727 3
3511 728 3
3511 3181 5
3511 8264 3
3511 9221 4
3511 2049 5
3511 661 4
3511 843 4
3511 766 4
3511 5882 4
3511 11096 4
3511 1655 5
3511 4700 4
3511 309 3
3511 10567 3
3511 6145 5
3511 3489 5
3511 2920 4
3511 3362 4
3511 3425 5
3512 4123 5
3512 1998 1
3512 309 3
3512 7994 5
3512 1918 5
3512 9152 5
3512 5942 5
3513 3931 5
3513 3000 5
3513 309 4
3514 3263 5
3514 4528 5
3514 11573 4
3514 3503 4
3514 8247 4
3514 120 5
3514 892 3
3514 8576 5
3514 3237 5
3514 1655 4
3514 6939 1
3514 4949 5
3514 9308 4
3515 4034 5
3515 3252 5
3515 860 5
3515 11545 4
3516 9628 5
3516 6727 5
3516 4821 5
3516 2701 5
3516 1275 1
3516 3913 4
3517 4110 4
3517 6031 5
3517 7341 5
3517 11408 5
3517 7397 4
3517 8062 4
3517 1680 5
3517 2133 4
3517 8537 4
3517 7645 4
3517 10326 4
3517 2495 4
3517 2048 5
3518 191 4
3518 7473 3
3518 8544 5
3518 7632 3
3518 7985 5
3518 8361 4
3518 4990 4
3518 870 4
3518 3569 4
3518 589 2
3518 6421 5
3519 762 3
3519 1275 3
3519 4436 2
3519 3685 1
3519 323 5
3519 1673 3
3519 10079 4
3519 1277 5
3519 2571 3
3519 979 2
3519 3703 5
3519 104 2
3519 713 1
3519 712 5
3519 4717 5
3519 10620 5
3519 1403 1
3519 258 1
3519 1395 3
3519 606 5
3519 8817 4
3519 6602 5
3519 913 5
3519 1332 4
3519 1352 5
3519 9623 2
3519 1422 3
3519 1418 3
3519 9116 3
3519 9301 5
3519 3236 5
3519 732 2
3519 2463 4
3519 4781 3
3519 1479 2
3519 1902 1
3520 5910 5
3520 9028 4
3520 11256 4
3520 6693 4
3520 4087 4
3521 3512 4
3521 1650 4
3521 609 2
3521 1673 5
3521 3709 4
3522 4706 5
3522 4082 1
3522 7310 5
3522 9285 5
3522 3331 5
3522 8875 2
3522 2759 5
3522 7536 2
3523 8851 5
3523 1049 5
3523 728 3
3523 10877 1
3523 1373 4
3523 2264 5
3523 820 4
3524 1334 5
3524 258 4
3524 1970 4
3524 2943 5
3524 5388 5
3525 2474 5
3525 1604 5
3525 4936 5
3525 1634 3
3526 11189 5
3526 10052 4
3526 9594 4
3527 2386 5
3527 8387 5
3527 3165 4
3528 2090 5
3528 7764 5
3528 3230 5
3528 1406 5
3528 1234 5
3528 10542 5
3528 5700 3
3529 1668 1
3529 7334 5
3529 288 4
3529 5150 3
3529 4948 5
3529 1657 5
3529 3170 4
3530 897 2
3530 309 1
3530 4169 4
3530 9472 5
3530 312 5
3530 217 5
3530 1275 5
3530 2147 5
3530 174 5
3530 2959 3
3530 1963 1
3530 1673 3
3530 4599 4
3530 11 4
3531 11572 4
3531 9728 5
3531 609 5
3531 9203 5
3531 8575 5
3531 1949 5
3531 8469 5
3532 1277 5
3532 4932 1
3532 837 4
3532 1645 5
3532 323 5
3532 3517 5
3532 1963 5
3532 762 5
3532 609 5
3532 3002 5
3532 1274 5
3532 843 4
3532 1665 5
3532 829 1
3532 104 5
3532 772 1
3532 7568 5
3532 213 1
3532 747 5
3532 3708 5
3532 728 5
3532 3889 4
3532 8450 5
3532 2821 5
3533 6305 5
3533 4094 4
3533 3687 4
3533 1049 5
3533 4108 3
3533 10078 2
3533 266 5
3533 835 4
3533 6124 4
3533 4137 4
3533 632 4
3533 1670 3
3533 3320 5
3533 8105 5
3533 8178 5
3533 5711 5
3533 3998 5
3533 6318 4
3534 1610 4
3534 4689 4
3534 2669 3
3534 5070 3
3534 1241 3
3534 5279 4
3534 7293 4
3534 7352 3
3534 2762 2
3534 1430 5
3534 4193 2
3534 5350 4
3534 7260 5
3534 3635 2
3534 9523 4
3534 11091 5
3534 1108 4
3534 4482 4
3534 8070 3
3534 6430 4
3535 5226 1
3535 1108 5
3535 6666 5
3535 11518 4
3536 1903 5
3536 2317 3
3536 8275 4
3537 3303 4
3537 4332 5
3537 4357 5
3537 1829 4
3537 2484 5
3537 8410 4
3537 11538 4
3538 7639 1
3538 1752 1
3538 3654 4
3538 2755 1
3538 355 4
3538 532 1
3538 2178 4
3538 1146 4
3538 2527 4
3538 6282 5
3538 9703 3
3538 7280 4
3538 7995 1
3538 1788 4
3538 6726 4
3538 7177 1
3538 7807 4
3538 6218 2
3538 7616 4
3538 7145 4
3538 199 4
3538 6162 5
3538 592 5
3538 5905 4
3538 7219 4
3538 4800 5
3538 4426 4
3538 4151 4
3538 6097 2
3538 7809 5
3538 4129 2
3538 6457 4
3538 6532 4
3538 4129 2
3538 7035 4
3538 4397 4
3538 9017 1
3538 789 5
3538 7604 1
3538 717 3
3538 1688 4
3538 8525 3
3538 1629 4
3538 4127 4
3538 7722 5
3538 7236 2
3538 4131 5
3538 7720 4
3538 1787 5
3538 5070 5
3538 6331 1
3538 4427 4
3538 3722 1
3538 7122 4
3538 4435 5
3538 1547 5
3538 7097 4
3538 4796 2
3538 206 5
3538 4447 4
3538 818 1
3538 4336 4
3538 8454 5
3538 6781 3
3538 6172 5
3538 8031 1
3538 7325 3
3538 7786 1
3538 2940 5
3538 1555 1
3538 7694 2
3538 7529 4
3538 7744 4
3538 6910 4
3538 3266 3
3538 3360 4
3538 2009 3
3538 3252 5
3538 8105 3
3538 7530 4
3538 7268 1
3538 6090 3
3538 2073 4
3538 5405 5
3538 7089 4
3538 8268 4
3538 5901 4
3538 2007 3
3538 7901 4
3538 6317 5
3538 3959 4
3538 6067 5
3538 7593 1
3538 3365 2
3538 6516 2
3538 5017 4
3538 2134 4
3538 6176 5
3538 4721 4
3538 587 2
3538 6477 4
3538 4972 4
3538 6295 5
3538 6733 5
3538 2199 1
3538 7762 5
3538 3221 2
3538 2977 1
3538 311 5
3538 1042 1
3538 3260 3
3538 4057 5
3538 2496 4
3538 1241 4
3538 8120 3
3538 3302 5
3539 1545 5
3539 2948 2
3539 6658 5
3539 1261 5
3540 6345 5
3540 6507 5
3540 6733 3
3540 1547 5
3540 4303 5
3540 311 5
3540 1936 5
3540 6300 5
3540 7275 5
3540 4471 5
3540 632 5
3540 4301 5
3540 5545 5
3540 5134 5
3540 7097 5
3540 2093 4
3540 6343 5
3540 5267 5
3541 7950 5
3541 1546 5
3541 6381 5
3541 2511 3
3541 5941 5
3541 793 5
3541 2824 5
3541 5088 5
3541 6762 5
3541 10312 5
3542 7628 4
3542 8518 5
3542 5876 3
3543 7793 5
3543 6176 3
3543 7949 5
3543 590 5
3543 7815 2
3543 7621 5
3543 8036 3
3543 7610 3
3543 2055 5
3543 9942 5
3543 7057 5
3543 6308 4
3543 3546 4
3543 6409 5
3543 7220 4
3543 2003 4
3543 7609 4
3543 2038 4
3543 5941 5
3543 4512 2
3543 5221 3
3543 6161 5
3543 2134 5
3543 7818 4
3543 2087 5
3543 4178 5
3543 7224 3
3543 8704 4
3543 2054 5
3543 4486 5
3543 7981 5
3543 5088 4
3543 8705 4
3543 2034 3
3543 3719 3
3543 8018 5
3543 7021 5
3543 7848 4
3543 9008 5
3543 5162 3
3543 7217 5
3543 4498 3
3543 804 2
3543 7232 3
3543 3990 2
3543 9000 5
3543 6474 4
3543 7276 2
3543 2057 4
3543 7828 5
3543 4460 4
3543 7660 5
3543 5902 5
3543 555 5
3543 5574 5
3543 813 4
3543 7821 1
3543 4294 4
3543 5298 4
3543 8319 4
3543 4929 5
3543 3191 4
3543 4169 5
3543 5812 5
3544 1243 4
3544 630 5
3544 5946 5
3544 8844 5
3544 4117 5
3544 3706 4
3545 11521 5
3545 6210 5
3545 3254 5
3545 3170 4
3546 8917 4
3546 3252 4
3546 8917 5
3547 8273 3
3547 3742 4
3547 5690 5
3547 3123 5
3547 5735 5
3547 1177 4
3548 9388 5
3548 6632 5
3548 1384 5
3548 309 5
3548 3869 2
3548 10554 5
3548 1503 4
3549 3637 4
3549 5467 5
3549 3171 5
3549 2592 5
3549 1657 2
3550 3059 5
3550 10546 4
3550 10580 4
3550 511 5
3550 8626 3
3551 2157 2
3551 4243 4
3551 5874 4
3551 3333 5
3551 5969 5
3552 6253 5
3552 4108 5
3552 900 5
3553 1332 3
3553 661 3
3553 2157 2
3553 8917 5
3554 8291 4
3554 1974 2
3554 6087 4
3554 8328 4
3554 4088 4
3554 8575 3
3555 7254 3
3555 1048 4
3555 3286 5
3556 8727 2
3556 9931 5
3556 5435 1
3556 5793 4
3556 11244 5
3557 2469 2
3557 3672 5
3557 2572 5
3557 6767 5
3557 496 4
3557 8428 4
3557 8462 4
3557 3541 2
3557 367 3
3557 1248 2
3557 5731 5
3557 8660 5
3557 149 4
3557 2584 5
3557 2643 3
3557 6150 3
3557 1656 4
3557 1626 4
3557 11314 4
3557 2639 4
3557 8926 5
3557 2588 4
3557 8372 5
3557 3663 4
3557 1704 5
3557 5882 2
3558 4387 3
3558 10983 2
3558 6693 4
3558 4465 4
3558 1226 3
3558 9006 5
3558 6676 1
3558 1408 5
3558 6804 5
3558 6695 5
3558 4045 4
3558 8208 5
3558 650 5
3558 3324 4
3558 3165 4
3558 8679 5
3558 8806 5
3558 5279 5
3558 6822 2
3559 2799 4
3559 6434 3
3559 9369 4
3559 7934 4
3559 4199 5
3559 8710 4
3559 9056 4
3559 4235 2
3559 7775 4
3559 249 4
3559 7377 5
3559 8591 4
3559 7534 4
3559 5927 4
3559 6766 5
3559 72 4
3559 1677 4
3559 1332 5
3559 2669 4
3559 6956 4
3559 3328 4
3559 4338 5
3559 1718 4
3559 471 4
3559 8230 5
3559 5379 5
3559 653 4
3560 2472 5
3560 7789 5
3560 1332 3
3560 2583 5
3560 1418 4
3560 3042 5
3560 7854 5
3561 303 4
3561 5691 4
3561 8216 5
3561 5690 5
3561 4948 4
3562 5623 2
3562 4941 5
3562 5444 5
3563 312 5
3563 650 1
3563 6366 5
3563 713 5
3563 1260 5
3563 251 5
3563 671 5
3563 3517 5
3563 4688 5
3563 313 5
3563 4366 5
3563 309 5
3563 1395 5
3563 1648 4
3563 1939 4
3563 735 4
3563 3263 5
3563 832 4
3563 4528 4
3563 2651 5
3563 4448 5
3563 1414 1
3563 1408 5
3563 3110 5
3563 718 5
3563 1392 5
3563 2837 5
3563 1274 4
3563 1682 5
3564 7625 4
3564 2347 4
3564 5580 5
3564 8418 1
3564 3433 4
3564 3147 3
3564 8821 1
3564 6201 5
3564 204 5
3564 8941 4
3565 3523 4
3565 7651 3
3565 5901 3
3565 5699 3
3565 7783 4
3565 8580 5
3566 1566 5
3566 8226 5
3566 7053 5
3566 7837 5
3566 8085 3
3566 6782 4
3566 7841 5
3566 1241 4
3566 6695 5
3566 3473 5
3566 4904 5
3566 4020 4
3566 8417 4
3566 1655 3
3567 4303 4
3567 1663 4
3567 8319 5
3567 9701 3
3567 8892 5
3567 9550 4
3567 3707 5
3567 3466 5
3567 101 4
3567 5437 5
3567 1622 1
3567 3072 5
3567 3460 5
3567 2457 5
3567 2453 5
3567 8947 3
3567 3066 5
3567 1877 4
3567 11645 4
3567 8379 4
3567 1271 4
3567 1241 5
3568 8136 3
3568 8347 5
3568 4868 5
3568 7462 4
3569 3092 5
3569 6198 2
3569 206 5
3570 1277 5
3570 1130 5
3570 843 3
3570 309 5
3570 10664 4
3570 997 4
3570 1911 5
3570 1418 1
3570 8421 5
3570 4634 2
3570 8495 4
3570 11485 4
3570 10888 3
3570 1067 5
3570 1048 5
3570 10699 3
3570 1047 5
3570 11241 4
3570 5076 5
3570 4400 5
3570 5400 5
3570 3949 2
3570 7505 5
3571 886 1
3571 4487 5
3571 8663 4
3571 2845 5
3571 5553 4
3571 4618 5
3571 4491 5
3572 280 5
3572 4208 3
3572 6059 5
3572 105 5
3572 1328 4
3572 744 5
3572 4433 5
3573 5733 4
3573 10737 5
3573 1305 4
3574 8325 5
3574 2469 5
3574 1332 3
3575 7147 3
3575 1697 3
3575 2146 3
3575 2441 5
3576 1393 5
3576 1049 2
3576 7004 3
3576 7003 5
3576 7002 5
3576 3877 2
3576 1177 5
3576 4243 1
3576 1209 4
3576 211 5
3576 1365 5
3576 4574 5
3576 4187 1
3576 11567 4
3576 1826 5
3577 3177 4
3577 4431 4
3577 7101 3
3577 7404 4
3578 3708 5
3578 832 5
3578 747 5
3578 4047 5
3578 1067 5
3578 4280 5
3578 11250 5
3579 162 4
3579 4458 5
3579 5672 5
3580 4036 5
3580 8569 4
3580 8202 5
3580 830 5
3580 5007 4
3580 1031 5
3580 3693 5
3581 7262 1
3581 217 1
3581 738 5
3581 1665 3
3581 4320 5
3581 276 5
3581 7028 4
3581 215 1
3581 185 5
3581 8149 5
3582 832 5
3582 1395 1
3582 28 3
3582 1422 1
3582 3088 4
3583 5268 5
3583 3253 5
3583 1673 5
3584 1424 5
3584 1266 5
3584 690 5
3585 367 5
3585 4496 5
3585 76 4
3585 843 5
3585 4656 5
3585 8986 5
3585 5808 5
3585 2889 5
3585 10744 3
3586 7849 5
3586 1910 5
3586 7525 5
3586 11105 4
3586 9208 4
3587 4720 3
3587 1361 5
3587 8564 4
3588 4047 4
3588 1313 3
3588 5648 5
3588 6010 4
3588 1713 4
3588 1790 5
3588 2318 5
3588 4218 4
3588 868 3
3588 1241 4
3588 4058 4
3588 4780 4
3589 824 5
3589 1343 5
3589 1691 4
3589 699 5
3589 10757 5
3589 7351 5
3589 3324 5
3590 1278 3
3590 309 3
3590 762 1
3590 288 3
3590 28 2
3590 8066 3
3590 1741 5
3590 6755 4
3590 11514 4
3590 9232 5
3590 5910 5
3590 9254 2
3590 6614 5
3590 4912 4
3590 6360 2
3590 3981 4
3590 4463 5
3590 3226 5
3590 4491 4
3590 9197 5
3590 6038 4
3590 3166 4
3590 4558 4
3590 9257 2
3590 9560 4
3591 9112 1
3591 196 3
3591 211 3
3591 9963 5
3591 4302 4
3592 4709 3
3592 323 1
3592 7235 4
3592 3523 5
3593 11304 4
3593 28 4
3593 2244 4
3593 3535 3
3593 4691 5
3593 5662 5
3593 10422 5
3593 309 5
3593 1317 3
3593 738 5
3593 879 5
3593 4621 4
3593 1312 4
3593 4541 5
3594 3606 5
3594 515 4
3594 9637 4
3594 8346 2
3594 9418 3
3594 839 4
3594 3146 4
3594 686 4
3595 483 5
3595 4747 5
3595 9266 3
3595 1312 4
3595 2678 4
3595 10218 5
3595 3895 5
3595 9310 4
3595 5761 5
3595 3583 5
3595 842 3
3595 3503 5
3595 11373 5
3595 4023 4
3595 6147 4
3595 8091 4
3596 832 4
3596 4117 5
3596 699 5
3596 1313 5
3596 3302 5
3596 706 5
3596 889 1
3596 334 5
3596 8806 5
3596 196 5
3596 312 5
3596 4686 4
3596 712 5
3596 2030 3
3596 1001 5
3596 5092 4
3596 313 5
3596 217 5
3596 365 3
3596 3959 5
3596 48 5
3596 2759 5
3596 1346 4
3596 233 3
3596 323 3
3596 4758 1
3596 5639 1
3596 4508 4
3596 158 5
3596 891 4
3597 6162 4
3597 7650 5
3597 9034 5
3597 9034 5
3598 5976 5
3598 2802 4
3598 8674 4
3598 11218 4
3598 3263 4
3598 7688 4
3598 7013 5
3599 6944 5
3599 2497 5
3599 3556 5
3599 1343 5
3599 3690 5
3599 10853 5
3599 1675 5
3599 551 4
3599 6092 4
3599 3031 4
3599 358 5
3599 7385 2
3600 605 3
3600 6273 4
3600 10264 3
3600 9221 5
3600 2298 5
3600 9063 3
3600 8366 5
3600 8935 3
3600 6140 5
3600 1707 5
3601 28 3
3601 8032 3
3601 4351 5
3601 7381 5
3602 4086 5
3602 7242 5
3602 5409 5
3602 9634 3
3602 1826 5
3602 2532 5
3602 6794 5
3602 4549 4
3602 2489 5
3602 11595 3
3602 507 5
3602 7789 5
3602 8655 5
3602 5502 5
3602 1168 3
3602 2573 5
3602 3118 5
3602 1899 5
3602 5733 5
3602 7286 5
3602 1253 5
3602 567 5
3602 4671 5
3602 1298 5
3602 704 5
3602 2655 5
3602 11080 2
3602 3406 3
3602 1773 4
3602 695 4
3602 728 4
3602 1673 4
3602 11525 5
3602 8191 5
3602 8434 5
3603 699 4
3603 196 3
3603 288 5
3603 3703 3
3603 1673 4
3603 3075 5
3603 5516 5
3603 1361 2
3603 2698 5
3603 609 3
3603 1665 4
3603 312 4
3603 309 5
3603 1274 4
3603 3556 5
3603 104 4
3603 762 4
3603 1343 4
3603 1419 4
3603 7453 5
3603 1260 4
3603 3434 4
3603 1955 4
3603 1275 5
3603 5418 4
3603 1682 5
3603 7486 5
3603 1355 4
3603 8009 5
3603 230 4
3603 3840 4
3603 6595 4
3603 305 3
3603 9344 4
3603 9127 4
3603 216 4
3603 148 5
3603 4702 4
3603 2939 5
3603 9464 5
3603 2677 5
3603 4983 5
3603 4978 5
3603 2680 5
3603 3395 5
3603 7597 4
3603 8254 4
3603 7302 5
3603 2744 5
3604 520 5
3604 3483 1
3604 8077 5
3604 2303 5
3604 6508 4
3604 6759 3
3604 9037 4
3604 1123 4
3604 2714 5
3604 4244 5
3604 2658 4
3604 1577 4
3604 3302 5
3604 2316 4
3604 1581 3
3604 1584 5
3604 8806 5
3604 7340 5
3604 5704 4
3604 5937 4
3604 10288 4
3604 728 5
3604 7367 4
3604 1332 5
3604 1589 5
3604 2100 5
3604 4805 3
3604 8844 4
3604 5718 3
3604 7183 5
3604 428 3
3604 4908 5
3604 323 1
3604 9897 5
3604 3187 3
3604 510 4
3604 3224 5
3604 465 4
3604 9864 5
3604 6391 3
3604 6896 3
3604 1792 5
3604 8953 5
3604 8022 4
3604 4243 5
3604 7435 4
3604 11282 2
3604 4055 4
3604 6787 4
3604 4062 5
3604 8374 4
3604 5953 3
3604 147 5
3604 2059 4
3604 11550 4
3604 190 4
3604 3878 5
3604 2897 1
3604 84 5
3604 4117 5
3605 3165 5
3605 9785 1
3605 934 4
3605 6503 4
3606 4673 1
3606 1467 1
3606 1655 5
3606 3165 4
3607 9970 5
3607 8575 4
3607 3301 4
3608 11618 5
3608 3333 4
3608 4860 5
3608 3665 5
3608 3254 5
3609 8616 4
3609 4065 4
3609 5043 5
3610 1047 5
3610 4225 5
3610 7849 5
3611 4138 5
3611 10646 5
3611 9202 4
3611 10154 5
3611 5020 5
3611 9090 4
3611 7380 5
3611 3447 2
3611 3973 5
3612 3687 4
3612 4284 5
3612 2406 5
3612 9349 5
3612 2372 5
3612 3286 5
3612 8301 5
3612 3236 4
3612 3728 4
3612 8575 4
3613 7256 5
3613 3180 5
3613 11153 5
3614 9151 5
3614 8558 4
3614 8022 4
3614 6458 4
3614 7020 4
3614 8709 5
3614 7317 4
3614 10708 5
3614 4956 4
3614 11622 4
3614 2064 5
3614 7330 5
3614 1704 5
3614 9621 5
3614 3606 5
3614 4071 5
3614 4232 3
3614 7892 3
3614 4045 3
3615 5652 3
3615 632 4
3615 1634 4
3615 1036 4
3615 2927 5
3616 9970 5
3616 6162 5
3616 5725 4
3616 1177 5
3616 7650 5
3616 3316 5
3616 6178 4
3616 3954 4
3616 2494 4
3616 5467 5
3616 9337 5
3616 2048 5
3616 8408 4
3616 3153 4
3616 7176 5
3617 2457 5
3617 3633 4
3617 766 4
3617 1682 5
3617 2546 5
3617 6415 3
3617 1665 4
3617 1673 5
3617 5444 4
3617 3963 5
3617 3413 5
3618 3706 4
3618 4117 5
3618 3333 4
3619 3301 5
3619 5393 5
3619 11567 2
3620 1650 4
3620 1673 3
3620 4539 5
3620 6555 5
3620 5881 3
3621 7244 3
3621 7359 2
3621 4336 3
3621 5753 4
3621 2966 5
3621 7372 5
3622 2233 3
3622 6866 3
3622 7294 1
3622 571 5
3622 1246 1
3622 2418 3
3622 6940 4
3622 6653 4
3622 2292 3
3622 3304 5
3622 11637 3
3622 7881 5
3622 5797 5
3623 7376 5
3623 1754 5
3623 8140 5
3623 8972 4
3624 7032 5
3624 5639 5
3624 6820 5
3625 1469 4
3625 11595 4
3625 8934 4
3625 2459 5
3625 6866 5
3625 1327 5
3625 9190 4
3625 8933 5
3625 1933 5
3625 5063 4
3625 2635 5
3625 8960 4
3625 7976 4
3625 2503 3
3625 2580 5
3625 9870 3
3625 517 3
3625 7979 4
3625 1755 5
3625 8358 2
3625 4527 4
3625 5486 5
3625 3672 5
3625 442 1
3625 2597 3
3625 7409 4
3625 6076 3
3625 3000 4
3625 139 4
3625 523 5
3625 3046 4
3626 1264 5
3626 843 4
3626 10107 5
3626 661 4
3627 977 1
3627 7932 5
3627 11 1
3627 4661 5
3627 3298 2
3627 6642 4
3628 7927 5
3628 6636 3
3628 1219 3
3628 1275 1
3628 3450 4
3628 3256 5
3628 1332 4
3628 1422 3
3628 104 1
3628 3012 3
3628 10178 5
3628 1737 3
3628 427 5
3628 5410 5
3628 1386 5
3628 1418 5
3628 7291 4
3628 3047 5
3628 9971 3
3628 5701 4
3628 5720 5
3628 9611 5
3629 7262 4
3629 8621 4
3629 6371 5
3629 5997 3
3629 4265 3
3629 10306 4
3629 5857 5
3629 3226 4
3629 5620 2
3629 10125 5
3629 2029 4
3629 9869 3
3629 3991 5
3629 3228 2
3630 1395 1
3630 6598 5
3630 1215 3
3630 3166 3
3630 11180 4
3630 6953 5
3630 3430 5
3630 3567 5
3630 4243 1
3630 3740 4
3630 4517 5
3630 5041 5
3631 3202 5
3631 1959 5
3631 1387 5
3631 759 5
3631 1306 1
3631 6366 5
3631 732 5
3631 5640 5
3631 8422 3
3631 323 1
3631 6356 4
3632 1177 5
3632 2651 5
3632 278 5
3632 11646 5
3633 5745 3
3633 7712 4
3633 4954 5
3633 9944 5
3633 11647 5
3633 9556 5
3633 7457 5
3633 7461 4
3633 6954 4
3633 9396 4
3633 4757 1
3633 8785 5
3633 10483 5
3633 4135 3
3633 147 5
3633 8594 5
3633 4243 3
3633 1444 4
3633 9635 1
3633 6440 3
3633 8726 5
3633 7734 5
3633 5226 4
3633 891 5
3633 10770 5
3633 8087 4
3633 9383 1
3633 10405 5
3633 5597 4
3633 2737 4
3634 312 5
3634 196 5
3634 276 5
3634 829 4
3634 4969 5
3634 10323 5
3634 3449 5
3634 309 4
3634 4325 3
3634 1419 5
3634 772 5
3634 211 5
3634 8760 4
3635 7557 4
3635 870 4
3635 9426 5
3636 11266 5
3636 4543 5
3636 11648 4
3636 4433 4
3636 195 5
3636 201 5
3636 320 5
3636 309 4
3636 1678 5
3636 5433 5
3636 9405 5
3637 5096 5
3637 2845 5
3637 7717 5
3637 3466 5
3637 6066 1
3637 2443 5
3637 8810 5
3637 9109 5
3637 4093 4
3637 1004 5
3637 3354 5
3637 6681 5
3637 7990 5
3637 8941 5
3637 732 5
3637 4259 5
3637 4380 5
3637 3080 5
3637 4411 5
3637 8577 5
3637 3870 5
3637 1154 5
3637 365 5
3637 2617 4
3637 2420 4
3637 4606 5
3637 3713 4
3637 2907 5
3637 456 5
3637 5264 5
3637 1418 3
3637 6980 3
3638 2924 5
3638 829 5
3638 650 5
3638 1773 5
3638 217 4
3638 699 5
3638 759 4
3638 5114 5
3638 728 5
3638 323 4
3638 728 5
3638 1775 5
3638 762 2
3638 681 5
3638 312 2
3638 1332 5
3638 309 4
3638 2051 5
3638 735 5
3638 832 5
3638 288 4
3639 4935 4
3639 3627 4
3639 11237 4
3639 5149 4
3639 174 4
3639 7965 5
3639 9274 4
3639 7479 4
3639 1751 5
3639 6388 3
3639 6374 4
3639 10837 4
3639 10475 3
3639 10915 4
3639 8565 3
3639 4882 2
3639 5357 5
3639 3881 3
3639 3446 4
3639 10247 2
3639 9187 5
3639 4917 3
3639 4636 5
3639 9395 4
3639 4833 3
3639 4675 2
3639 5128 5
3640 8091 5
3640 728 5
3640 211 5
3640 622 5
3640 11649 5
3640 4949 4
3640 857 5
3640 3883 5
3641 1439 5
3641 8391 4
3641 4721 5
3641 862 5
3641 10026 3
3641 2718 4
3641 3821 4
3641 8796 5
3641 10136 5
3642 3883 5
3642 11219 5
3642 5226 4
3642 8032 2
3642 8754 5
3643 158 4
3643 1960 2
3643 5730 4
3643 222 5
3643 10932 5
3643 11132 5
3643 6022 4
3643 4599 4
3643 5780 2
3643 3631 4
3644 8273 1
3644 7889 5
3644 313 1
3644 258 2
3644 104 1
3644 3263 5
3644 5938 5
3644 3687 5
3644 1675 5
3644 3654 4
3644 8198 1
3644 875 5
3644 7934 5
3644 6453 5
3644 8342 5
3644 1501 5
3644 323 5
3644 5975 1
3644 5238 2
3644 6058 1
3644 8030 3
3645 1410 5
3645 7357 5
3645 4891 5
3645 1943 3
3645 9793 5
3646 3302 4
3646 4673 4
3646 323 5
3646 9076 5
3646 766 4
3646 3116 4
3646 5658 5
3646 4663 5
3646 11268 5
3646 11523 3
3646 3999 4
3647 1766 5
3647 762 3
3647 1277 5
3647 1274 5
3647 579 5
3647 2617 4
3647 3418 4
3647 3814 4
3647 9727 5
3647 350 5
3648 8563 5
3648 858 5
3648 6357 4
3649 704 5
3649 1275 5
3649 8678 5
3649 6495 5
3649 9082 3
3649 1442 5
3649 2145 4
3649 8736 5
3649 4094 3
3649 3025 2
3649 1918 5
3649 4048 4
3650 751 2
3650 780 2
3650 762 1
3650 4128 5
3650 772 5
3651 1983 4
3651 1300 3
3651 1306 3
3651 1314 3
3651 1981 5
3651 4251 2
3651 102 4
3651 8693 5
3652 5053 5
3652 11106 4
3652 7701 5
3652 2420 4
3652 3960 4
3653 609 4
3653 276 4
3653 1981 5
3653 4598 5
3653 4825 5
3653 668 5
3653 699 4
3653 4042 4
3653 1343 4
3653 739 4
3653 309 4
3653 1332 4
3653 3705 2
3653 9057 4
3653 4132 4
3653 1516 5
3653 649 4
3653 7406 4
3653 9152 5
3653 8490 4
3653 3700 5
3654 9961 5
3654 1201 4
3654 5568 5
3654 3274 5
3654 8140 5
3654 8553 5
3654 2988 4
3654 3387 4
3654 5351 5
3654 3146 5
3654 5652 5
3654 3506 3
3655 1004 4
3655 4090 5
3655 312 5
3655 1395 5
3655 712 5
3655 5595 5
3655 3564 5
3655 6038 4
3655 739 5
3655 738 5
3655 7743 4
3655 3549 5
3655 5857 5
3655 9755 4
3656 442 4
3656 6027 2
3656 2484 4
3656 2620 1
3656 3176 5
3656 2391 3
3656 4375 5
3656 651 4
3656 1227 5
3656 3413 4
3656 507 5
3657 1657 4
3657 27 1
3657 4889 4
3657 5690 5
3657 6209 4
3657 8935 4
3657 5969 4
3657 8575 3
3658 3295 5
3658 11582 5
3658 3593 4
3659 695 5
3659 728 3
3659 1395 1
3659 104 3
3659 288 4
3659 1775 4
3659 1673 5
3660 661 3
3660 1682 3
3660 832 3
3660 1990 5
3660 1277 5
3660 217 3
3660 1106 5
3660 843 4
3660 8587 5
3660 5590 5
3660 5591 5
3660 5592 5
3660 3032 5
3660 4156 4
3661 1843 5
3661 8330 5
3661 9054 1
3662 11604 2
3662 2610 5
3662 8459 4
3662 9889 4
3662 4950 5
3662 3174 5
3662 8225 5
3662 3626 5
3663 4264 2
3663 6298 4
3663 9413 2
3663 3406 4
3663 4367 5
3663 3332 5
3663 4462 5
3663 2965 4
3663 7566 2
3664 832 5
3664 766 5
3664 4495 5
3664 9810 3
3664 3264 5
3664 312 5
3664 9118 5
3664 11013 3
3664 4103 4
3664 309 5
3664 9634 5
3664 4947 5
3665 2419 5
3665 323 1
3665 312 1
3665 1277 1
3665 699 3
3665 309 1
3665 2655 1
3665 3346 5
3666 3425 4
3666 2280 5
3666 8407 5
3666 8919 5
3666 4383 5
3666 5444 5
3666 4102 5
3667 7269 5
3667 6221 5
3667 8051 4
3667 6797 5
3667 618 5
3667 3400 5
3667 6671 5
3667 402 3
3667 1145 3
3667 8083 5
3667 8050 5
3667 7779 3
3667 6219 3
3667 8805 5
3667 1109 4
3667 2632 2
3667 7377 4
3667 5502 5
3667 7280 5
3668 8155 5
3668 2507 5
3668 7897 5
3669 4672 4
3669 4729 5
3669 5780 4
3669 498 2
3669 2581 4
3669 2577 5
3669 6247 4
3669 8567 4
3670 312 3
3670 712 5
3670 3734 5
3670 3027 5
3671 10267 2
3671 8788 5
3671 10781 5
3671 5657 4
3671 5817 2
3671 6965 5
3671 8575 4
3671 1901 5
3671 6763 5
3672 1668 1
3672 8519 1
3672 8816 5
3672 323 3
3672 6104 5
3672 3357 5
3672 7733 5
3672 712 5
3672 1659 5
3672 2996 5
3672 3341 5
3672 7056 5
3672 10015 5
3672 9253 5
3672 117 5
3673 567 4
3673 8370 4
3673 2655 4
3673 72 4
3674 7839 4
3674 8962 4
3674 8812 5
3674 7663 4
3674 1939 4
3674 5799 2
3674 3971 5
3675 8564 5
3675 8889 5
3675 8025 5
3675 609 4
3675 3437 5
3675 4494 5
3675 4405 5
3675 710 4
3675 11650 5
3675 4811 4
3675 740 4
3675 712 4
3675 7984 5
3675 4528 5
3675 196 4
3675 104 4
3675 728 5
3675 6062 5
3675 9312 5
3676 8238 5
3676 4327 4
3676 1911 5
3676 7815 3
3676 4329 5
3676 10371 3
3676 75 5
3676 5247 2
3676 3081 5
3676 4336 5
3676 1278 5
3676 3502 5
3676 5313 5
3676 9227 5
3676 5768 4
3676 7223 5
3676 8261 4
3676 5612 4
3676 744 5
3676 6516 4
3676 3922 5
3676 242 4
3676 5620 1
3676 4181 5
3676 7538 5
3676 4904 5
3676 4472 5
3676 11551 4
3676 6367 5
3676 9017 1
3676 7660 5
3676 195 5
3676 9344 5
3676 11072 5
3676 1544 5
3676 4355 4
3676 6139 5
3676 2139 2
3676 2917 5
3676 10064 3
3676 5026 3
3676 9695 5
3677 4117 4
3677 7712 4
3677 9198 4
3677 7486 4
3677 974 3
3677 9136 5
3677 3502 5
3677 5218 3
3677 5474 5
3677 3352 4
3678 10641 5
3678 3654 5
3678 1403 1
3678 9577 5
3678 712 4
3678 3973 5
3678 4467 5
3678 38 3
3678 9735 1
3678 8548 1
3678 864 4
3678 4058 4
3678 3329 5
3678 3465 2
3679 3265 4
3679 5164 4
3679 885 5
3679 4215 5
3680 8550 2
3680 1484 5
3680 6267 4
3680 488 4
3680 9637 2
3681 9706 5
3681 196 3
3681 1463 4
3681 4243 4
3681 35 5
3681 704 3
3681 309 3
3681 6255 4
3681 159 5
3681 10286 4
3682 6759 4
3682 2947 2
3682 4454 5
3682 6110 4
3682 4883 5
3682 139 5
3682 10207 4
3682 2677 3
3682 114 5
3682 3293 5
3682 1664 5
3682 8660 2
3682 2669 5
3682 6568 3
3682 9591 5
3682 7448 5
3682 173 4
3682 8035 5
3682 4238 4
3682 5910 4
3682 2751 2
3682 7230 5
3682 3023 2
3682 4056 5
3682 4884 2
3682 3111 4
3682 77 3
3682 790 5
3682 3126 2
3682 11 5
3682 2737 5
3682 5425 5
3683 4932 1
3683 662 5
3683 5073 5
3683 1982 5
3683 196 4
3683 762 5
3683 3023 5
3683 740 4
3683 4974 5
3683 5769 5
3683 9487 5
3683 4090 5
3683 288 5
3683 9668 5
3683 5422 5
3683 766 4
3683 728 5
3683 5993 3
3683 277 5
3683 4265 5
3684 4328 5
3684 309 4
3684 4324 3
3684 8194 5
3684 2711 5
3684 11533 5
3684 744 5
3685 5617 5
3685 9999 5
3685 10907 5
3685 6688 2
3685 4237 5
3685 196 5
3685 4277 4
3685 762 5
3685 142 4
3685 10068 5
3685 5978 3
3685 9411 5
3685 8137 4
3685 9737 4
3685 95 5
3685 764 3
3685 5048 4
3685 149 4
3685 8527 5
3685 9802 5
3685 1049 3
3685 1277 5
3685 239 5
3685 6513 4
3685 292 4
3685 927 5
3685 6060 5
3685 9707 2
3685 4769 5
3685 327 3
3685 7734 5
3685 2495 5
3685 5489 3
3685 3575 5
3685 276 5
3685 5220 5
3685 1004 4
3685 1629 5
3685 5000 4
3686 3301 4
3686 8764 3
3686 8568 5
3686 3348 5
3686 3180 4
3686 3362 4
3686 3170 5
3686 3665 4
3687 1054 5
3687 3281 5
3687 8282 5
3688 4722 5
3688 766 5
3688 309 3
3688 4509 5
3688 6837 5
3688 3985 4
3688 4080 4
3688 3251 5
3688 4114 3
3688 4431 4
3688 8288 5
3689 7739 4
3689 6388 4
3689 2753 5
3689 10701 3
3689 1741 5
3689 9575 4
3689 10541 4
3689 6204 2
3689 9734 5
3689 6952 2
3689 8426 5
3690 8588 2
3690 8678 5
3690 6424 4
3690 9605 2
3690 11120 5
3691 792 1
3691 4640 5
3691 309 4
3692 11628 4
3692 3480 4
3692 6874 5
3692 11236 5
3693 11467 5
3693 7671 3
3693 5128 4
3694 5809 4
3694 6619 4
3694 2754 4
3694 297 4
3694 1380 4
3694 862 5
3694 9305 2
3694 5737 5
3694 1279 3
3694 9334 4
3694 3447 4
3694 1241 4
3694 1638 4
3694 3477 5
3694 7932 3
3694 292 2
3694 4491 4
3694 4058 4
3694 239 4
3694 11568 5
3694 2049 5
3694 2755 4
3694 2744 4
3694 164 5
3694 1419 4
3694 3465 4
3694 3117 5
3694 4673 3
3694 3193 4
3694 3254 5
3694 4305 5
3695 3909 5
3695 8605 5
3695 3021 5
3696 431 5
3696 4692 5
3696 11555 5
3696 434 5
3696 8800 5
3696 6952 3
3696 6149 5
3696 152 5
3696 3979 4
3697 11475 4
3697 6133 3
3697 6136 5
3698 3153 4
3698 7399 5
3698 10158 5
3698 9060 5
3699 8088 5
3699 10979 5
3699 9320 1
3700 1332 5
3700 3183 4
3700 8205 4
3700 7927 4
3700 3550 4
3701 309 5
3701 10131 5
3701 3089 4
3701 4699 3
3701 9602 5
3702 7506 5
3702 7213 5
3702 6822 4
3702 8815 4
3702 9735 4
3702 11158 5
3703 11651 4
3703 1487 3
3703 832 3
3703 762 4
3704 2542 5
3704 11136 4
3704 429 5
3705 5412 4
3705 865 5
3705 11552 4
3705 5689 5
3705 11632 5
3705 3367 5
3705 6952 4
3705 1430 4
3705 4889 5
3705 8785 4
3705 8778 5
3705 11054 3
3705 5022 3
3705 6472 4
3705 258 4
3705 313 3
3705 1275 3
3705 1668 3
3705 1292 5
3705 712 3
3705 10757 4
3706 955 5
3706 741 3
3706 5459 5
3706 832 3
3706 3322 4
3706 10600 5
3706 323 1
3706 10369 5
3707 829 5
3707 7321 5
3707 766 3
3707 6421 5
3708 4204 4
3708 7886 5
3708 5696 3
3708 8799 5
3708 4931 4
3709 674 4
3709 610 4
3709 1660 4
3709 5456 5
3710 3935 5
3710 8880 5
3710 1328 5
3710 1914 5
3711 3036 2
3711 8619 4
3711 6277 5
3711 425 4
3711 7261 5
3711 9897 4
3711 1238 2
3711 7128 4
3711 2623 2
3711 400 5
3711 1228 2
3711 1908 4
3711 2344 4
3711 6557 2
3711 1921 4
3711 5724 4
3711 10442 4
3712 720 4
3712 6436 4
3712 2461 5
3713 313 3
3713 759 5
3713 699 4
3713 832 4
3713 713 4
3713 1982 4
3713 1420 3
3713 11622 4
3713 3453 5
3714 10077 5
3714 6275 4
3714 6277 4
3714 8564 4
3714 2009 5
3714 5435 4
3714 732 3
3714 5418 1
3714 5080 5
3714 2909 2
3715 1853 5
3715 5154 4
3715 1536 5
3715 2091 5
3715 3304 4
3715 3687 5
3715 6278 4
3715 11140 4
3716 4670 5
3716 7919 5
3716 8940 5
3716 5779 4
3717 6131 3
3717 9686 2
3717 3606 5
3717 4192 4
3717 713 2
3717 1275 1
3717 8432 1
3717 1420 5
3717 6676 5
3717 11043 4
3717 892 4
3717 4634 5
3717 991 4
3717 56 5
3717 9411 4
3717 3983 5
3717 4393 5
3717 867 4
3718 4014 4
3718 762 5
3718 3723 4
3718 4130 4
3718 9030 4
3718 9736 5
3719 7526 5
3719 9083 5
3719 9606 4
3719 4368 5
3719 768 4
3719 9420 5
3719 2845 4
3720 4537 5
3720 3640 4
3720 3348 4
3721 11220 5
3721 4474 5
3721 11407 4
3721 11563 5
3721 1638 5
3721 2152 3
3721 5002 5
3721 9245 4
3721 311 5
3722 5584 4
3722 5808 4
3722 276 3
3722 6779 4
3722 313 2
3722 323 3
3722 7925 4
3722 4537 3
3722 4969 4
3722 4130 5
3722 3932 5
3722 8816 5
3722 11391 4
3723 3153 5
3723 1444 4
3723 3237 4
3723 8295 3
3723 1332 5
3723 11096 4
3723 8575 5
3723 11536 4
3723 8608 4
3724 1365 5
3724 966 5
3724 728 5
3724 1775 5
3724 4836 5
3725 11245 4
3725 11650 4
3725 4703 5
3725 3348 5
3725 4856 5
3726 425 4
3726 1277 5
3726 309 5
3726 9520 5
3726 1264 4
3726 164 4
3726 661 4
3726 514 4
3726 843 3
3726 10125 5
3726 6308 5
3726 5920 5
3726 6725 5
3726 3518 5
3726 4995 1
3726 2298 5
3726 3073 5
3726 7302 5
3726 1637 5
3726 11185 5
3727 239 2
3727 239 4
3727 5062 5
3728 1939 4
3728 700 5
3728 837 1
3728 3658 5
3729 11241 4
3729 258 1
3729 309 5
3730 196 5
3730 8977 5
3730 309 5
3731 2670 3
3731 5188 4
3731 3853 4
3731 3762 4
3731 1469 4
3731 3883 5
3731 10559 5
3731 2419 4
3731 2697 5
3731 10001 5
3731 5052 5
3732 4724 3
3732 610 4
3732 1673 3
3732 1264 4
3732 728 3
3732 309 3
3732 276 5
3732 4742 3
3732 1277 4
3732 1539 3
3732 9249 3
3732 3012 2
3732 1535 4
3732 305 2
3732 1775 3
3732 1275 3
3732 1352 3
3732 832 1
3732 8142 5
3732 8198 1
3732 1902 3
3733 759 5
3733 1829 4
3733 10144 3
3733 211 4
3733 3394 4
3733 6461 5
3733 7980 5
3733 10637 5
3733 10020 5
3733 5092 5
3734 2892 4
3734 7631 5
3734 5098 4
3734 4138 4
3734 4663 5
3734 9809 4
3734 7663 4
3734 5615 5
3734 276 2
3734 104 5
3734 2744 3
3734 258 5
3734 5542 5
3734 7510 5
3734 5139 5
3734 9756 5
3735 4281 4
3735 3484 5
3735 6794 5
3735 3985 3
3735 2936 3
3736 661 4
3736 1775 4
3736 656 4
3736 1332 4
3736 1968 4
3736 5925 5
3737 4878 5
3737 1650 3
3737 153 5
3737 7632 4
3737 8029 4
3737 2138 5
3737 1673 4
3737 8804 5
3737 766 5
3737 6371 5
3738 309 5
3738 728 5
3738 313 5
3738 832 5
3739 3453 5
3739 1515 5
3739 288 1
3740 28 3
3740 706 5
3740 313 4
3740 323 5
3740 837 5
3740 735 4
3740 5426 3
3740 740 4
3740 728 3
3740 288 5
3740 309 3
3740 9380 5
3740 1395 5
3740 11231 5
3740 7842 5
3740 759 5
3740 104 5
3740 1982 4
3740 712 5
3740 211 4
3740 832 4
3740 312 5
3740 258 5
3740 4103 5
3740 7685 5
3740 3533 5
3740 5661 5
3740 9714 5
3740 747 2
3740 4049 4
3740 9959 5
3740 3498 5
3740 11495 5
3740 11408 5
3740 4634 5
3741 2148 5
3741 741 5
3741 712 4
3741 709 5
3741 7225 5
3741 5766 3
3741 276 4
3741 610 3
3741 312 4
3741 4082 4
3741 9859 5
3741 759 5
3741 104 4
3741 762 4
3741 738 3
3741 323 4
3741 732 4
3741 829 4
3741 2655 1
3741 9515 4
3741 309 5
3741 739 4
3741 1278 5
3741 258 4
3741 164 5
3741 4726 4
3741 4496 5
3741 28 5
3741 196 4
3741 254 5
3741 650 5
3741 4280 4
3741 7751 2
3741 793 5
3741 589 4
3742 313 5
3742 309 5
3742 1374 5
3742 3683 5
3742 1775 5
3742 5058 3
3742 732 5
3742 728 5
3742 7563 5
3742 1263 5
3742 4076 4
3742 1395 5
3742 323 5
3742 1682 5
3742 104 5
3742 157 5
3742 3747 5
3742 610 5
3742 792 3
3742 712 5
3742 1408 5
3742 832 5
3742 258 5
3742 7726 5
3742 912 5
3742 863 5
3742 3005 5
3742 1332 5
3742 1902 5
3742 889 5
3742 3963 4
3742 3708 5
3743 104 5
3743 2929 1
3743 9340 5
3743 3837 1
3743 3465 4
3743 309 5
3743 2670 3
3743 1419 1
3744 2006 4
3744 305 3
3744 309 5
3744 9126 4
3744 5822 5
3744 7800 5
3744 9649 5
3744 5814 4
3744 773 5
3744 3445 4
3745 4895 4
3745 9468 4
3745 6385 5
3745 5262 4
3745 4661 2
3745 3902 5
3745 5260 4
3745 3901 3
3746 10160 5
3746 10254 5
3746 8762 5
3746 1403 5
3746 309 3
3746 305 3
3747 913 3
3747 312 3
3747 726 3
3747 728 3
3747 772 3
3747 727 2
3747 1982 2
3748 309 5
3748 1894 5
3748 9603 5
3748 11551 5
3748 5997 4
3748 7435 5
3748 9506 4
3749 312 3
3749 258 3
3749 1853 5
3749 8585 4
3749 309 3
3749 5069 5
3749 3319 5
3749 4658 5
3750 3328 5
3750 309 3
3750 4447 5
3750 6162 5
3750 7120 3
3750 3283 5
3750 3176 5
3750 11171 5
3750 6268 4
3750 3200 4
3750 10894 5
3750 4573 5
3750 4226 5
3750 11152 5
3750 4811 4
3750 3660 4
3750 4983 5
3750 5225 5
3750 153 3
3750 953 5
3750 3318 4
3750 1049 3
3750 7136 3
3750 3522 3
3750 652 5
3750 3361 5
3751 9970 3
3751 2834 5
3751 7589 3
3751 5937 4
3751 7439 5
3751 3687 3
3751 747 5
3751 2785 5
3751 836 1
3751 3437 5
3751 2940 2
3751 3179 2
3751 872 5
3751 4361 3
3751 8812 3
3751 7416 4
3751 2584 5
3751 2845 3
3751 6175 4
3751 4274 4
3751 9285 2
3751 1741 5
3751 8099 3
3751 11587 4
3751 9006 5
3751 4329 4
3751 7767 3
3752 11203 5
3752 11136 3
3752 327 4
3752 11576 5
3753 9148 5
3753 4291 4
3753 2289 5
3753 3742 4
3753 4574 5
3754 8677 5
3754 2049 5
3754 6272 5
3754 1215 5
3754 7750 3
3754 4818 1
3754 390 3
3755 6049 5
3755 4091 5
3755 1418 4
3755 11576 4
3755 759 4
3755 1278 5
3755 5113 5
3755 8252 2
3755 1274 5
3755 11155 3
3755 1234 5
3755 1277 5
3755 323 4
3755 5210 5
3755 305 3
3755 1975 5
3755 4334 5
3755 863 1
3755 10087 2
3755 7158 4
3755 4260 4
3755 1332 3
3755 288 5
3755 7237 5
3755 3711 1
3755 1980 1
3755 309 5
3755 4781 5
3755 4417 5
3755 3322 5
3755 3606 3
3755 216 4
3755 4020 4
3755 773 4
3755 1098 4
3755 1510 5
3756 832 5
3756 5970 4
3756 4889 4
3756 2628 5
3756 3362 4
3757 8865 4
3757 100 5
3757 1536 5
3757 1019 5
3757 309 4
3757 3248 5
3757 3000 5
3757 83 5
3757 7291 5
3757 3004 5
3758 1274 5
3758 1980 5
3758 609 5
3758 10549 4
3758 2013 5
3758 11253 4
3758 767 5
3759 309 5
3759 1275 5
3759 759 1
3759 909 4
3759 4361 5
3759 712 5
3759 1277 5
3759 9224 5
3759 3450 3
3759 1432 2
3759 1419 5
3759 975 5
3759 1332 3
3759 8091 4
3759 7548 4
3759 6140 4
3760 323 5
3760 4660 5
3760 699 5
3760 732 5
3760 3963 5
3760 309 5
3760 11344 5
3760 4440 5
3761 706 3
3761 276 3
3761 312 3
3761 1395 3
3761 196 4
3761 323 4
3761 211 3
3761 727 3
3761 3123 3
3761 728 3
3761 695 3
3761 766 5
3761 661 3
3761 6595 4
3762 5073 4
3762 1648 5
3762 1414 2
3762 1939 5
3762 164 5
3762 4467 5
3762 4369 5
3762 3140 5
3762 8965 5
3762 854 5
3762 9089 5
3762 4481 5
3762 4465 4
3762 3075 4
3762 323 5
3762 3263 5
3762 5095 5
3762 3553 5
3762 9819 5
3762 1958 1
3762 288 3
3762 735 5
3762 3555 5
3762 282 5
3762 780 5
3762 258 4
3762 9460 5
3762 5239 5
3762 832 5
3762 732 5
3762 4301 5
3762 909 1
3762 1408 5
3762 1767 5
3762 4496 5
3762 974 4
3762 104 5
3762 609 5
3762 4042 5
3762 4681 5
3762 3000 5
3762 4528 5
3762 6884 5
3762 10269 1
3762 5534 5
3762 11012 5
3763 9342 5
3763 1737 2
3763 6355 5
3763 8941 5
3763 1332 3
3764 3516 5
3764 10869 5
3764 6724 5
3764 8386 2
3765 3640 5
3765 4117 4
3765 9985 2
3766 1955 5
3766 1728 4
3766 48 5
3766 3280 5
3766 4981 5
3766 2073 4
3766 790 4
3766 4080 4
3766 1314 5
3766 5303 5
3766 5543 4
3766 10307 5
3766 865 5
3767 4972 4
3767 11361 5
3767 7834 5
3767 3333 5
3767 8486 5
3768 11607 5
3768 5953 2
3768 3234 5
3768 4243 5
3768 9932 4
3768 4795 5
3768 8445 5
3769 312 5
3769 309 4
3769 8781 5
3769 704 4
3769 276 3
3769 3347 5
3769 323 5
3770 3254 5
3770 5969 4
3770 4950 5
3770 7234 4
3771 3263 4
3771 1939 5
3771 309 4
3772 11607 5
3772 4584 4
3772 8333 5
3772 3133 4
3772 4950 5
3772 6203 4
3773 759 3
3773 3503 5
3773 3333 5
3773 5758 4
3773 722 5
3773 832 4
3773 704 3
3773 2298 4
3773 1318 3
3773 313 3
3773 3184 5
3773 11176 4
3773 9192 5
3773 4235 4
3773 3146 5
3773 2611 5
3773 4766 5
3774 3896 5
3774 653 4
3774 309 5
3774 5706 5
3774 9112 3
3774 2635 5
3774 2925 2
3774 10001 5
3774 5004 4
3774 152 4
3774 3687 5
3774 5801 5
3774 8567 4
3774 7163 4
3774 8459 5
3774 5993 3
3774 4248 4
3774 4112 4
3774 10659 3
3774 9618 4
3774 2420 4
3774 2405 5
3774 684 4
3774 3982 5
3774 4634 2
3774 2551 4
3774 1310 2
3774 3672 5
3774 3264 3
3774 1722 4
3774 6805 4
3774 5910 4
3774 1718 5
3774 1342 2
3774 2924 5
3774 11366 5
3774 9487 5
3774 4778 5
3774 737 4
3774 3289 4
3774 2294 5
3774 4836 4
3774 8273 4
3774 4621 4
3774 2463 4
3774 2654 2
3774 9391 4
3774 3051 2
3774 9273 5
3775 704 3
3775 4688 5
3775 712 4
3775 761 5
3775 1306 1
3775 211 5
3775 309 5
3775 1422 5
3775 1418 3
3775 732 4
3775 10575 4
3775 1403 2
3775 10854 5
3776 1673 5
3776 4243 1
3776 11407 4
3776 309 5
3776 4171 4
3776 3572 5
3776 4881 4
3776 4640 4
3776 3530 4
3776 5002 3
3777 8244 4
3777 4881 4
3777 4640 5
3777 11156 4
3777 10611 3
3777 10277 4
3778 8631 5
3778 4280 5
3778 4727 5
3778 3080 4
3778 4821 5
3778 2145 5
3778 1406 1
3779 2280 5
3779 5428 5
3779 1752 5
3779 5332 5
3779 196 5
3779 3871 5
3779 4289 5
3780 640 1
3780 4265 1
3780 258 5
3780 843 3
3780 9169 4
3780 4042 5
3780 196 5
3780 3646 5
3780 941 5
3781 10509 3
3781 9380 5
3781 1332 5
3781 9310 4
3781 4881 5
3781 1361 5
3782 706 4
3782 1332 4
3782 728 4
3783 11023 5
3783 8735 5
3783 4277 4
3783 309 5
3783 8151 5
3784 11152 5
3784 10055 4
3784 10250 4
3784 9459 5
3784 3905 5
3784 5645 4
3784 2655 3
3784 309 5
3784 1202 5
3784 11652 4
3784 3173 5
3784 10011 5
3784 9559 5
3784 11602 5
3784 4383 5
3785 2645 3
3785 4571 5
3785 2463 4
3785 4906 5
3785 3028 2
3785 11258 4
3786 8356 5
3786 4952 5
3786 8734 4
3786 4212 5
3786 722 5
3786 9212 1
3786 4524 5
3786 10510 5
3786 2558 5
3787 3762 5
3787 3264 5
3787 2936 5
3787 4532 5
3787 4023 5
3788 8113 5
3788 3661 4
3788 11158 5
3788 11572 2
3788 5649 4
3788 4074 3
3788 313 4
3788 6666 4
3788 1097 4
3788 323 3
3788 2904 4
3788 1418 3
3788 3219 5
3788 1464 4
3788 8957 5
3788 8394 1
3788 4703 3
3789 4878 5
3789 3304 3
3789 309 4
3789 3215 4
3789 2274 5
3789 6140 5
3789 7112 5
3789 8873 3
3789 7001 5
3789 6917 5
3789 6807 5
3789 9025 5
3789 4184 5
3789 11554 5
3789 11097 5
3789 9545 5
3789 11245 4
3789 6952 5
3790 6810 5
3790 276 5
3790 3002 5
3790 1884 1
3791 7151 5
3791 1418 2
3791 2690 5
3791 3175 5
3792 3438 5
3792 8146 2
3792 10381 4
3793 1412 5
3793 11165 5
3793 766 5
3793 7800 5
3793 1980 3
3793 574 5
3793 5445 5
3793 1332 5
3793 1754 3
3793 9611 5
3794 3392 4
3794 323 3
3794 309 3
3794 1303 3
3794 8752 1
3794 3146 5
3794 4640 4
3794 8091 3
3794 2294 4
3795 909 1
3795 4232 4
3795 312 3
3795 5290 1
3795 7142 5
3795 9646 4
3795 4826 4
3795 11300 4
3795 8075 2
3795 6181 2
3795 2290 5
3795 3450 4
3795 8838 4
3796 9198 5
3796 4018 3
3796 6875 5
3796 211 5
3796 1901 5
3796 9258 5
3796 2715 5
3796 1408 5
3796 4035 5
3796 4015 5
3796 6077 5
3796 10623 5
3796 3280 5
3796 7842 5
3796 1298 4
3796 4215 5
3796 11473 5
3796 11272 5
3796 2650 4
3796 10383 4
3796 720 5
3796 5018 5
3796 9962 5
3796 5049 5
3797 3771 5
3797 251 5
3797 1982 5
3797 1682 5
3797 4120 5
3797 780 5
3797 1275 5
3798 9355 5
3798 4027 5
3798 4889 5
3799 1914 5
3799 9919 5
3799 1408 4
3799 3328 5
3799 854 5
3799 7479 5
3799 5195 4
3799 4447 5
3799 84 5
3799 6069 3
3799 259 5
3799 9791 3
3800 2495 4
3800 747 5
3800 3533 5
3800 309 5
3800 772 4
3800 5444 5
3801 11078 5
3801 7902 5
3801 8421 5
3801 3557 5
3802 2145 4
3802 1852 5
3802 10904 5
3802 5808 5
3802 9110 5
3802 3970 4
3803 3265 4
3803 889 5
3803 4235 4
3804 3297 1
3804 6536 4
3804 11252 4
3805 4896 4
3805 3878 3
3805 909 1
3805 3963 4
3805 1905 5
3805 1707 2
3805 3207 5
3805 3474 5
3805 4818 5
3805 2405 5
3805 1998 1
3805 3037 5
3805 3977 5
3805 4972 3
3806 83 5
3806 1419 3
3806 1638 4
3806 832 3
3806 196 3
3806 3705 1
3806 9088 2
3806 3146 4
3806 2489 4
3806 1998 1
3806 8129 5
3806 309 3
3806 323 5
3806 6073 5
3806 4137 5
3806 6240 5
3807 1312 5
3807 1054 5
3807 9887 4
3807 3788 5
3807 1319 4
3807 2720 5
3807 500 5
3807 2682 5
3807 514 4
3807 5519 4
3807 8122 5
3807 4157 3
3807 8909 4
3807 8711 4
3807 3385 3
3807 4658 5
3807 5436 4
3807 686 2
3807 2570 4
3807 8168 4
3807 2400 3
3807 2730 4
3807 4842 5
3807 2398 5
3807 2670 5
3807 4272 4
3807 2689 4
3808 706 5
3808 732 5
3808 821 5
3808 6332 5
3808 2484 5
3808 196 5
3808 323 3
3808 5757 3
3808 1713 5
3808 2277 5
3809 6517 5
3809 7120 3
3809 1395 5
3809 1275 5
3809 8545 3
3809 699 5
3809 1262 5
3809 3015 5
3809 4447 2
3809 8182 5
3809 3002 5
3809 309 5
3809 7997 5
3809 8885 4
3809 2782 5
3809 3011 5
3809 7294 4
3809 6841 3
3809 2781 5
3809 288 4
3809 3293 4
3809 9093 4
3809 3430 5
3809 1896 5
3809 9076 5
3809 3361 3
3810 3040 4
3810 4447 4
3810 153 5
3811 5713 2
3811 6727 5
3811 7736 5
3812 288 5
3812 762 3
3812 10788 4
3812 258 5
3812 211 4
3813 323 2
3813 5971 4
3813 673 1
3813 258 1
3813 3165 5
3813 1282 1
3813 3353 5
3813 312 2
3813 6121 4
3813 11594 3
3813 9358 4
3813 3239 5
3813 11154 4
3813 9356 4
3813 1741 5
3813 7953 5
3813 5145 5
3813 11096 5
3813 11237 4
3813 9519 4
3813 3254 4
3813 11099 5
3813 3430 5
3814 2824 5
3814 104 5
3814 4117 5
3814 706 1
3814 11555 4
3814 196 5
3814 8653 4
3814 11630 5
3814 9498 5
3814 4517 3
3814 70 5
3814 6791 5
3814 5409 5
3815 6074 4
3815 1645 2
3815 2139 5
3815 1893 3
3815 850 3
3815 1698 4
3815 51 4
3815 8797 5
3815 2838 4
3815 3000 5
3815 4524 5
3815 787 2
3815 4027 4
3816 249 5
3816 1732 5
3816 4211 5
3816 3501 5
3816 11379 5
3817 3301 4
3817 7351 5
3817 9535 4
3818 9342 5
3818 8616 4
3818 11623 5
3819 3706 4
3819 6505 5
3819 8850 4
3819 1848 5
3819 1604 5
3819 3816 5
3819 7201 5
3819 4399 5
3819 234 5
3819 6139 5
3819 3467 5
3819 4484 5
3819 4664 5
3819 2499 5
3819 6695 5
3819 8365 5
3819 6768 5
3819 1650 5
3819 3061 5
3819 6509 5
3819 3304 5
3819 1661 5
3819 5444 5
3820 7567 5
3820 1332 2
3820 1779 4
3820 3082 2
3820 3348 4
3820 11109 5
3820 764 3
3820 8658 5
3820 3301 4
3820 2669 4
3821 1673 5
3821 7357 5
3821 784 4
3821 9900 4
3821 8072 4
3822 8876 5
3822 411 4
3822 830 5
3823 4117 5
3823 9962 5
3823 8564 5
3824 8701 5
3824 5757 2
3824 832 5
3824 11527 5
3824 8836 5
3824 4762 5
3824 2582 4
3824 3537 5
3824 4816 3
3824 934 4
3825 728 1
3825 5619 3
3825 656 3
3825 7831 4
3826 963 3
3826 11334 5
3826 9963 3
3826 196 4
3826 8657 5
3826 3123 5
3826 7579 4
3826 4105 5
3826 1067 5
3826 9120 5
3826 211 5
3826 824 5
3826 1418 1
3826 772 4
3826 104 5
3826 258 4
3826 712 2
3826 10113 4
3826 5005 5
3826 828 5
3827 7203 5
3827 9389 4
3827 3844 5
3827 3046 4
3828 3263 5
3828 309 3
3828 4301 4
3828 1939 5
3828 1713 4
3829 9607 4
3829 4521 4
3829 4300 4
3829 1902 4
3829 4117 5
3830 3978 5
3830 3084 5
3830 1267 3
3830 704 5
3830 8465 5
3830 1303 5
3830 766 4
3830 673 5
3830 104 5
3830 312 4
3830 211 3
3830 1536 5
3830 4102 5
3830 7151 5
3830 7138 5
3830 8917 4
3830 4112 5
3831 814 4
3831 1146 5
3831 3000 5
3831 1648 4
3831 11528 5
3831 7847 5
3831 545 4
3831 483 5
3832 8527 1
3832 11593 5
3832 11553 5
3832 4196 5
3832 9875 5
3832 6820 4
3832 5700 1
3832 3183 5
3833 6101 5
3833 3181 5
3833 4424 5
3834 11230 4
3834 3304 4
3834 3410 5
3835 567 5
3835 3988 5
3835 11094 5
3835 9841 4
3835 400 5
3836 4884 5
3836 6982 5
3836 2427 5
3836 4663 5
3836 3168 5
3836 8398 5
3837 11136 3
3837 8816 5
3837 4935 5
3837 2959 4
3837 4167 4
3837 57 5
3837 9425 4
3837 2009 5
3837 3303 4
3837 9598 5
3837 2443 5
3838 738 5
3838 3350 2
3838 2739 4
3838 11652 5
3838 1673 1
3838 2418 4
3838 7195 4
3838 11608 5
3838 276 5
3838 1395 1
3838 5545 2
3838 8994 4
3839 4376 4
3839 4075 4
3839 3654 5
3840 1245 3
3840 2355 4
3840 10781 5
3840 9921 4
3840 3591 4
3840 9743 5
3840 11095 3
3840 8308 4
3840 3605 4
3840 8960 4
3841 10261 4
3841 6140 5
3841 7119 5
3841 2140 5
3841 5354 5
3841 7239 5
3841 7306 5
3841 9673 4
3841 9559 4
3841 10515 5
3841 6651 4
3841 4673 5
3841 4958 5
3841 3428 2
3842 10384 5
3842 2576 4
3842 5969 4
3842 11557 5
3842 3897 4
3842 4592 4
3843 3265 3
3843 2592 5
3843 3262 5
3843 5700 5
3843 5444 5
3844 312 4
3844 8661 1
3844 889 1
3844 704 3
3844 1998 1
3844 2814 5
3844 3711 2
3844 3547 5
3844 11588 4
3844 909 1
3844 7515 4
3844 309 4
3845 3561 5
3845 11523 5
3845 309 1
3845 1772 5
3845 723 5
3845 728 5
3845 196 3
3845 820 4
3845 323 4
3845 4141 5
3845 1332 5
3846 104 3
3846 5513 5
3846 2719 5
3846 1301 2
3846 8333 4
3846 5779 4
3846 8701 5
3846 2625 3
3846 8216 5
3846 11143 5
3846 9927 5
3846 5459 5
3847 8497 5
3847 3528 5
3847 7464 4
3847 8101 4
3847 11246 3
3848 2420 5
3848 5669 2
3848 8535 2
3848 8155 4
3848 3224 4
3848 1222 3
3848 5101 4
3848 2660 4
3848 10360 5
3848 6105 5
3848 6128 3
3848 4298 3
3849 1657 5
3849 8575 3
3849 6944 4
3849 6198 5
3849 3042 5
3850 1215 1
3850 4232 5
3850 4947 4
3850 6992 5
3850 4117 5
3850 10983 2
3850 4948 5
3850 4 4
3851 1278 4
3851 6156 4
3851 9813 4
3851 11154 5
3851 8721 4
3852 11514 4
3852 11607 4
3852 9222 5
3852 4916 4
3853 4356 5
3853 9926 5
3853 11121 4
3854 2143 5
3854 7002 5
3854 766 5
3854 728 4
3854 619 5
3854 1428 3
3854 8376 5
3854 1886 5
3854 8784 2
3854 1764 5
3854 4346 5
3854 1893 3
3854 1664 5
3855 1271 5
3855 7952 4
3855 4004 4
3855 7800 4
3855 5732 4
3855 8101 4
3855 160 4
3855 7149 4
3855 106 4
3855 4074 3
3855 3000 4
3855 728 3
3855 3658 5
3855 313 3
3855 11108 4
3855 921 4
3855 948 5
3855 4368 4
3855 7950 5
3855 4686 5
3855 989 4
3855 4962 4
3855 4656 4
3855 6082 4
3855 11155 4
3855 1290 4
3855 7953 4
3855 9498 5
3856 415 4
3856 843 3
3856 2569 5
3856 217 3
3856 7101 1
3857 258 3
3857 8662 4
3857 4072 1
3857 1884 1
3857 3981 4
3858 832 5
3858 728 4
3858 2920 5
3859 10815 3
3859 6140 5
3859 6819 5
3859 76 5
3859 2854 4
3859 5444 5
3860 11594 3
3860 3452 4
3860 9038 5
3860 4916 5
3860 1339 5
3860 5717 5
3861 4491 5
3861 548 5
3861 4495 5
3861 548 5
3861 7965 5
3861 4584 5
3861 1352 5
3861 8775 5
3861 5969 5
3861 11607 5
3862 699 5
3862 832 4
3862 1275 5
3863 28 4
3863 1260 4
3863 6094 4
3863 9918 5
3863 7627 2
3863 3654 4
3863 10278 4
3863 8191 2
3863 7542 5
3863 7215 5
3864 757 3
3864 309 5
3864 4640 4
3865 309 5
3865 727 5
3865 5744 5
3866 8941 4
3866 323 3
3866 8792 5
3866 10189 5
3867 682 5
3867 1430 3
3867 8557 3
3867 4800 4
3867 3190 5
3868 699 5
3868 4947 4
3868 1998 2
3868 2980 3
3868 2625 5
3868 4562 5
3868 766 1
3868 234 4
3868 738 5
3868 735 5
3868 8791 5
3868 829 5
3868 323 5
3868 7289 2
3868 3555 1
3868 11149 4
3868 5779 5
3868 1664 5
3868 4026 5
3868 11255 4
3868 11587 4
3868 5577 5
3868 9893 5
3868 8447 3
3868 5023 4
3869 609 4
3869 323 4
3869 196 3
3869 288 3
3869 4130 4
3869 3084 4
3869 752 5
3869 9269 4
3869 1332 3
3869 258 5
3869 4398 4
3870 309 5
3870 288 5
3870 9563 2
3870 5429 5
3870 3686 5
3870 6941 4
3870 5249 5
3870 5791 5
3870 6202 5
3870 4353 5
3870 10120 5
3870 292 5
3870 305 5
3870 10448 5
3870 7048 5
3871 3348 5
3871 3299 5
3871 8176 4
3871 9628 5
3872 11495 5
3872 5579 5
3872 10849 2
3872 9643 5
3872 5900 4
3873 3313 5
3873 4299 5
3873 6816 4
3873 2059 5
3873 3304 2
3873 1629 5
3873 9198 5
3874 8709 5
3874 4492 4
3874 6618 4
3875 276 5
3875 1325 3
3875 1300 5
3875 1304 5
3875 1423 5
3875 1402 5
3875 288 5
3875 1332 5
3875 829 5
3875 312 4
3875 1318 4
3875 1374 5
3875 3088 5
3875 3449 5
3875 1395 5
3875 1422 4
3875 1303 5
3875 3450 4
3875 1419 5
3875 1754 5
3875 1330 5
3876 3474 3
3876 5017 3
3876 1960 4
3876 4389 5
3876 1332 3
3876 11563 5
3876 8313 4
3876 152 4
3877 1775 5
3877 728 5
3877 1442 5
3877 3344 5
3878 832 5
3878 4652 1
3878 4262 4
3878 9159 5
3878 6523 5
3878 740 4
3878 2816 5
3878 2442 5
3878 3000 4
3878 9168 4
3878 2552 4
3878 2634 5
3878 5897 4
3878 3267 5
3878 1518 4
3878 4606 2
3878 5100 4
3878 3382 5
3878 4109 3
3878 5683 5
3879 732 5
3879 7569 3
3879 706 5
3879 276 5
3879 829 5
3879 3533 5
3879 909 5
3879 2811 4
3879 313 5
3879 712 5
3879 832 5
3879 196 5
3879 10009 3
3879 1332 5
3879 288 5
3879 211 5
3879 8615 2
3879 762 5
3879 728 5
3879 11629 5
3879 323 5
3879 772 4
3879 258 5
3879 104 5
3879 1498 5
3879 312 5
3880 11136 5
3880 6826 5
3880 7384 4
3881 323 3
3881 751 3
3881 3702 4
3881 609 5
3881 909 1
3881 104 4
3881 313 5
3881 829 4
3881 217 3
3881 735 3
3881 6409 5
3881 8433 5
3881 7595 5
3881 1903 5
3881 3514 4
3882 4491 4
3882 10166 5
3882 4398 3
3882 4664 4
3882 8275 5
3883 7163 5
3883 4836 5
3883 10119 4
3883 1832 5
3884 153 4
3884 772 5
3884 10041 5
3884 8580 3
3885 5652 5
3885 245 5
3885 812 5
3885 1301 5
3885 1457 5
3885 5717 5
3885 3451 5
3885 11530 2
3886 3428 2
3886 8273 5
3886 764 4
3886 9549 5
3886 9661 5
3886 9786 2
3886 1583 5
3886 2655 1
3886 4275 5
3886 4520 4
3886 10442 5
3886 3768 4
3886 4365 5
3886 4045 4
3886 5584 5
3886 5616 4
3887 4730 3
3887 10825 4
3887 4117 5
3887 3431 4
3888 728 5
3888 11108 5
3888 6952 4
3889 445 4
3889 5191 4
3889 8585 4
3889 8132 5
3890 2892 5
3890 11042 4
3890 7215 5
3890 4885 2
3891 1656 4
3891 507 5
3891 7816 4
3891 11102 4
3891 679 5
3891 1230 4
3891 2457 4
3891 490 4
3891 571 4
3891 384 3
3891 1377 2
3891 5189 3
3891 1312 4
3891 10008 4
3891 6875 5
3891 1097 5
3891 11653 4
3892 4626 5
3892 8701 5
3892 573 4
3892 2966 5
3893 9029 4
3893 7463 4
3893 908 3
3893 706 4
3893 1277 5
3893 4947 4
3893 1332 5
3893 6113 4
3893 11386 4
3893 152 5
3894 7476 5
3894 1991 4
3894 7211 5
3894 3063 5
3894 323 3
3894 8579 5
3894 8823 4
3894 1412 4
3894 8816 5
3894 6665 4
3894 1352 4
3894 712 3
3894 706 3
3894 982 5
3894 699 3
3895 8242 1
3895 9873 5
3895 4473 5
3896 4412 4
3896 2655 5
3896 206 5
3896 10993 4
3896 2657 5
3896 5901 3
3896 10221 5
3896 2724 5
3897 288 5
3897 1757 4
3897 1674 4
3897 292 4
3897 5625 2
3897 322 4
3897 306 4
3897 259 4
3897 8034 4
3897 4279 4
3897 8467 5
3897 2959 2
3897 297 2
3897 6965 4
3897 1726 4
3897 8641 4
3897 10946 2
3897 7462 4
3897 985 4
3897 934 3
3897 7765 3
3897 5718 4
3897 4525 5
3897 1923 2
3897 4922 4
3897 1317 4
3897 1638 5
3897 1722 3
3897 832 5
3897 4775 4
3897 732 3
3897 8 4
3897 165 4
3897 4192 4
3897 1011 1
3898 759 5
3898 2651 5
3898 2626 4
3898 288 5
3898 9820 5
3898 1403 2
3898 2655 1
3898 279 5
3898 7159 4
3898 3992 5
3898 10841 1
3898 829 4
3898 5874 4
3898 6606 5
3898 8368 4
3898 11525 3
3898 9247 5
3898 9246 5
3898 5706 4
3898 7165 3
3898 82 5
3898 11340 4
3898 11385 4
3898 8800 4
3898 5667 2
3898 7488 4
3899 699 5
3899 837 5
3899 258 5
3899 718 5
3899 5436 2
3899 1277 5
3899 2655 5
3899 1275 1
3899 5615 5
3899 8347 3
3899 2654 5
3900 10373 4
3900 10886 3
3900 7943 4
3901 11523 5
3901 1870 5
3901 10246 5
3901 9267 4
3901 4265 5
3901 1444 5
3901 11367 5
3901 7507 4
3901 10367 5
3901 10530 5
3901 9754 5
3901 5833 4
3901 934 5
3901 4783 5
3901 4881 5
3901 3726 4
3901 978 5
3901 857 5
3901 1042 4
3901 5775 5
3901 2095 4
3901 4633 5
3901 4833 4
3901 4135 5
3901 6562 5
3901 3801 5
3901 10707 3
3901 3911 4
3901 5058 4
3901 10110 4
3901 5858 5
3902 9197 5
3902 2650 4
3902 4216 5
3902 9962 4
3902 3500 4
3902 3496 4
3902 4157 3
3902 9018 4
3902 4916 4
3902 10847 4
3902 9713 4
3902 7601 5
3902 7561 4
3902 10627 4
3902 9523 3
3902 28 5
3902 9558 4
3902 2917 5
3902 4454 4
3902 3485 4
3902 727 5
3902 5023 4
3902 4380 5
3902 7729 5
3902 10746 3
3902 1439 4
3902 288 5
3902 10120 5
3902 306 4
3902 56 5
3902 740 5
3902 710 2
3902 2754 4
3902 11194 4
3902 741 4
3902 870 4
3902 10114 4
3902 312 4
3902 104 3
3902 9261 4
3902 2737 5
3902 877 4
3902 704 4
3902 323 3
3902 7158 5
3902 1437 5
3902 857 4
3902 9258 5
3902 7450 4
3902 829 3
3902 5206 4
3902 11439 4
3902 9487 4
3902 4361 5
3902 196 3
3902 759 4
3902 4586 4
3902 1395 4
3902 84 5
3902 706 3
3902 728 4
3902 832 3
3902 1430 5
3902 313 3
3902 843 3
3902 4238 5
3902 5113 4
3902 254 5
3902 1757 5
3902 8546 4
3902 1607 3
3902 4203 5
3902 5050 5
3902 9621 2
3902 2686 5
3902 9194 4
3902 9545 4
3902 3288 5
3902 11173 5
3903 3536 3
3903 4255 4
3903 258 5
3903 461 1
3903 11529 5
3903 8428 5
3904 3895 5
3904 5608 5
3904 4843 4
3904 3905 4
3905 2095 5
3905 8298 5
3905 1101 5
3905 5375 5
3905 2219 5
3905 10545 3
3905 289 4
3905 1055 5
3906 6707 1
3906 3095 4
3906 1406 4
3906 7338 5
3906 3331 5
3906 11469 1
3906 10220 4
3906 11654 5
3906 5451 2
3906 9218 5
3906 9572 4
3906 4631 5
3906 10271 4
3906 3766 4
3906 9164 5
3906 4820 5
3906 3315 4
3906 7519 5
3906 3969 5
3906 11549 4
3906 9098 4
3907 857 5
3907 11165 4
3907 920 5
3907 3913 4
3907 2710 5
3907 2709 4
3907 3803 5
3907 5310 4
3907 11383 3
3907 3244 3
3907 11343 1
3907 11277 1
3907 10396 5
3907 1467 4
3907 8757 4
3907 954 1
3907 934 5
3907 3770 5
3907 1047 4
3907 1329 1
3907 8493 5
3907 3138 3
3907 1021 2
3907 10459 5
3907 4690 4
3907 1349 5
3907 10939 1
3907 5468 5
3907 2749 5
3907 3863 5
3907 3943 4
3907 3860 5
3908 8160 2
3908 3875 1
3908 7983 3
3908 3959 5
3908 4406 2
3908 10228 5
3908 6309 5
3909 5310 3
3909 9255 3
3909 3860 5
3910 3149 5
3910 3617 3
3910 10639 5
3910 954 1
3910 10466 1
3910 2707 5
3910 1202 1
3910 2713 5
3910 4406 1
3910 9859 5
3910 4414 4
3910 1075 1
3910 5815 4
3910 1037 5
3910 7920 1
3910 10534 4
3910 940 5
3910 10078 2
3910 2264 5
3910 5279 2
3910 10394 5
3910 3138 3
3910 2593 5
3910 2318 5
3910 9668 2
3910 1041 5
3910 3755 5
3910 5310 3
3910 862 5
3911 309 5
3911 3348 5
3911 1306 5
3911 8587 5
3911 4044 5
3911 5452 4
3911 4889 5
3911 407 5
3911 174 5
3911 1332 5
3911 47 5
3911 4050 5
3911 1875 5
3912 3474 5
3912 4130 5
3912 6779 4
3912 4185 5
3912 3514 5
3913 728 1
3913 3313 3
3913 1275 1
3913 11561 2
3914 4694 4
3914 4694 5
3914 313 5
3914 7881 5
3914 1277 5
3914 1718 4
3914 4740 5
3914 4987 2
3914 6060 4
3914 9533 5
3914 7873 4
3914 3953 4
3914 9936 3
3914 7712 5
3914 4965 5
3914 10048 4
3914 3173 5
3914 8227 5
3914 7163 4
3914 2741 5
3914 10819 5
3914 5018 5
3914 4554 4
3915 11252 5
3915 686 5
3915 1312 5
3915 9512 5
3915 3501 5
3915 5801 5
3915 539 5
3915 2294 5
3915 4818 5
3915 4548 5
3916 3157 4
3916 9608 5
3916 4815 5
3916 10992 4
3916 8742 1
3916 10265 3
3916 9723 4
3916 9854 4
3916 3953 5
3916 11655 5
3916 9623 2
3916 10885 4
3916 9852 5
3916 10367 4
3916 3951 5
3916 3949 4
3917 9961 4
3917 4105 5
3917 7881 4
3917 971 5
3917 6911 1
3917 2499 5
3917 8165 4
3918 10248 5
3918 3881 1
3918 8972 5
3918 4491 5
3918 3530 5
3919 9665 5
3919 251 5
3919 1939 5
3919 681 4
3919 323 5
3919 309 5
3919 4467 5
3919 1350 4
3920 2005 5
3920 8449 5
3920 9294 5
3920 10758 5
3920 2355 5
3920 9985 1
3920 902 5
3920 3610 4
3920 3000 5
3920 313 5
3920 1274 5
3920 5476 1
3920 8383 5
3920 1884 1
3920 3708 5
3920 4294 5
3920 4538 5
3920 4447 5
3920 4127 5
3920 3672 5
3920 10145 5
3920 5758 5
3920 334 5
3920 2461 5
3921 759 4
3921 309 4
3921 832 5
3921 276 5
3921 6864 4
3921 8421 5
3921 2966 5
3921 1136 4
3922 2048 5
3922 4336 5
3922 759 3
3922 9006 5
3923 309 5
3923 712 5
3923 7640 5
3923 772 5
3923 1778 4
3923 8296 5
3923 4647 2
3924 5000 3
3924 9811 5
3924 1324 1
3924 2655 1
3924 1310 4
3924 700 3
3924 2093 3
3924 3728 4
3924 6486 5
3924 5765 1
3924 1403 2
3924 873 3
3924 4056 5
3925 2133 5
3925 3896 5
3925 11560 3
3925 11656 5
3925 4310 5
3925 7609 5
3925 4689 5
3925 1215 4
3925 89 5
3925 4492 4
3925 9358 5
3925 3897 5
3925 614 5
3925 7005 5
3925 3448 4
3925 3461 5
3925 11537 5
3925 6167 3
3925 2495 5
3925 3992 5
3925 4171 5
3925 771 4
3925 5135 4
3925 4215 4
3925 4034 4
3925 9258 5
3925 154 5
3925 3504 5
3925 3500 5
3925 7271 5
3925 8261 5
3925 4024 5
3925 5426 4
3925 6095 5
3925 177 5
3925 194 5
3925 5028 4
3925 11562 5
3925 7791 5
3925 8106 4
3925 8538 5
3925 7687 4
3925 201 4
3925 2702 5
3925 1750 5
3925 4953 5
3925 6124 1
3925 9432 4
3925 7582 4
3925 3666 5
3925 4044 5
3925 9364 5
3925 7553 3
3925 864 5
3925 4972 5
3925 4874 5
3925 873 5
3925 7551 5
3925 777 4
3925 2846 4
3925 6224 5
3925 4962 3
3925 2971 5
3925 808 5
3925 7215 5
3925 9713 5
3925 7576 5
3925 5772 4
3925 6708 5
3925 756 5
3925 7615 5
3925 286 5
3925 3817 2
3925 10829 5
3926 6676 4
3926 10258 5
3926 10190 5
3926 1945 5
3926 2846 4
3926 10574 5
3926 4155 4
3927 1236 4
3927 2450 5
3927 4656 5
3927 9846 5
3928 5238 5
3928 4530 5
3928 837 5
3929 10314 5
3929 9264 5
3929 325 3
3929 1825 3
3929 1386 5
3929 3420 5
3929 6822 3
3929 8634 2
3929 2936 5
3929 3928 4
3929 4963 5
3929 3156 1
3929 7329 3
3929 3457 5
3929 719 5
3929 6075 4
3929 10390 5
3930 4302 3
3930 99 5
3930 4394 3
3930 8596 4
3930 9910 4
3931 3543 4
3931 5801 5
3931 8684 5
3931 1382 5
3931 9569 4
3932 3985 3
3932 4520 4
3932 4509 2
3932 7412 4
3932 4024 5
3932 3514 5
3932 706 5
3932 9338 4
3932 104 4
3932 759 4
3932 704 3
3932 4704 4
3932 8787 4
3932 4133 5
3932 4130 4
3932 4027 5
3933 2655 5
3933 309 5
3933 4028 2
3933 276 5
3933 5160 5
3933 762 5
3933 11657 5
3933 196 5
3933 4785 5
3933 11658 5
3933 10135 5
3933 7940 5
3933 3772 5
3933 742 1
3933 4551 1
3933 4818 4
3934 9213 4
3934 10140 3
3934 10450 4
3934 4153 4
3934 8358 3
3935 75 4
3935 73 2
3935 9164 5
3935 182 5
3935 4252 4
3935 714 5
3935 2720 4
3935 721 5
3935 4510 5
3935 11148 4
3935 1377 5
3935 955 5
3936 1086 5
3936 2498 5
3936 7207 5
3937 9076 5
3937 11270 5
3937 3848 5
3938 7332 5
3938 6456 3
3938 3262 5
3939 309 3
3939 1403 1
3939 4612 5
3939 4916 5
3939 11590 4
3940 9568 1
3940 4552 3
3940 7498 5
3940 11659 4
3940 2333 5
3940 3683 4
3940 2461 5
3940 4782 5
3940 679 5
3940 309 5
3940 6214 4
3940 2470 5
3940 4417 5
3940 7701 5
3940 4383 4
3940 8745 4
3940 773 5
3940 8346 5
3940 2230 4
3940 5519 4
3940 9448 3
3940 4294 5
3940 3449 1
3940 327 4
3941 1604 5
3941 4917 2
3941 8350 5
3942 309 1
3942 8240 5
3942 3849 1
3942 4884 3
3942 4966 4
3942 6399 5
3942 1604 5
3942 1365 5
3942 2701 4
3942 3035 5
3942 4988 5
3942 10310 5
3942 709 5
3942 4016 5
3942 4187 3
3942 3270 3
3942 10991 4
3942 1241 5
3942 11543 5
3942 10585 5
3942 5005 5
3942 4848 4
3943 4917 2
3943 11111 3
3943 1082 4
3943 5391 4
3943 1426 4
3943 9829 2
3943 6632 3
3943 6039 4
3943 5229 3
3943 10504 4
3943 1495 5
3943 10497 4
3943 5343 5
3943 3749 4
3943 8322 3
3943 1959 4
3943 6601 4
3943 5370 4
3943 3801 5
3943 5833 4
3943 935 3
3943 10494 4
3943 3976 4
3943 4787 5
3943 4390 4
3943 1099 4
3943 5355 4
3943 3621 4
3944 3000 5
3944 10198 5
3944 10452 5
3944 1332 5
3944 8602 5
3945 3630 4
3945 3905 4
3945 2749 5
3945 10872 5
3945 3446 3
3945 808 4
3945 810 4
3945 11660 4
3945 8377 2
3945 5789 4
3945 5135 4
3945 2257 4
3945 10646 4
3945 6036 4
3945 280 4
3945 10382 5
3945 9382 4
3945 9176 5
3945 857 5
3945 11661 4
3945 10129 4
3945 11016 3
3945 3156 3
3946 3699 5
3946 8272 5
3946 7246 4
3947 6670 2
3947 931 5
3947 104 5
3947 712 5
3947 3082 5
3947 196 5
3947 9487 4
3947 792 5
3947 312 5
3947 10335 4
3947 4215 5
3947 10565 5
3948 4694 4
3948 3254 4
3948 732 4
3949 704 5
3949 8993 2
3949 7352 2
3949 9297 5
3949 11473 5
3950 6651 4
3950 6038 4
3950 3348 4
3950 5022 4
3950 9456 5
3950 11185 5
3950 11253 4
3951 6763 5
3951 8611 5
3951 443 5
3951 1707 5
3951 4891 5
3951 1725 5
3951 1318 2
3951 757 5
3951 2398 5
3951 722 5
3951 1244 5
3951 7007 5
3951 6627 5
3951 3123 4
3951 3506 4
3951 728 3
3951 3348 5
3951 2936 5
3951 1643 5
3951 1274 5
3951 4999 5
3951 10561 5
3951 2997 4
3951 1330 4
3951 6656 5
3951 837 5
3951 515 5
3951 1300 5
3951 1277 5
3951 6665 5
3951 2755 5
3951 843 4
3951 1418 3
3951 1352 5
3951 1332 4
3951 11366 5
3951 2995 4
3951 6570 5
3952 773 5
3952 1332 1
3952 870 5
3952 3913 5
3952 4903 1
3952 3881 2
3952 8118 5
3952 11217 5
3952 6214 2
3952 1418 1
3952 10109 2
3953 2599 4
3953 1714 4
3953 10703 4
3953 8741 4
3953 7000 5
3953 663 4
3953 8945 5
3953 11157 4
3953 11015 4
3953 7163 5
3953 2913 3
3953 3524 5
3953 8484 4
3953 9195 4
3953 9256 1
3953 2627 4
3953 10258 5
3953 10663 5
3953 4214 5
3953 3501 4
3953 11657 5
3953 10950 1
3953 10011 5
3953 5466 4
3953 7546 4
3953 11662 4
3953 5529 5
3953 1876 4
3954 3304 4
3954 4577 5
3954 3254 5
3954 4119 5
3954 309 5
3954 1275 5
3954 1637 5
3954 3555 5
3954 4335 4
3954 7483 5
3954 6480 5
3954 3530 2
3955 1775 4
3955 728 4
3955 843 4
3955 276 4
3955 312 4
3955 104 3
3955 710 1
3955 313 1
3955 712 4
3955 772 1
3955 323 1
3955 1262 5
3955 1774 3
3955 258 3
3955 211 5
3955 832 4
3955 4280 5
3955 4724 5
3955 4105 5
3955 3263 4
3956 9921 4
3956 3025 4
3956 7583 3
3956 9435 5
3956 4091 4
3956 1049 5
3956 1524 5
3956 1832 3
3956 4203 4
3957 1049 4
3957 7101 5
3957 7834 5
3957 3219 5
3957 2494 4
3957 4243 5
3957 4135 3
3957 11282 5
3957 3301 4
3957 3539 5
3957 5909 5
3958 728 5
3958 843 5
3958 766 5
3958 309 5
3958 5211 5
3958 1707 5
3959 11353 4
3959 1762 5
3959 1959 5
3959 8527 4
3959 7447 3
3959 3536 3
3960 2947 5
3960 7661 4
3960 11557 5
3960 5028 5
3960 9310 4
3960 3333 5
3961 309 4
3961 6828 5
3961 766 4
3961 1241 5
3961 11153 4
3961 6627 2
3961 11175 4
3961 4950 5
3961 3552 4
3961 9254 3
3961 9531 5
3961 3479 4
3961 11554 3
3961 1755 5
3961 8091 4
3961 4586 5
3961 11353 5
3961 8091 4
3961 11663 5
3961 6038 4
3961 5227 5
3961 5178 4
3961 7152 5
3961 8230 5
3962 208 4
3962 5969 5
3962 245 5
3962 7372 4
3962 141 4
3962 4694 4
3962 419 4
3963 9386 3
3963 3316 4
3963 7286 5
3963 1263 5
3963 2059 5
3963 3304 4
3964 1350 3
3964 309 3
3964 609 3
3964 2152 1
3964 5102 3
3964 3305 5
3964 3650 5
3964 3084 5
3964 766 5
3964 3235 5
3964 9757 3
3964 4782 3
3964 1503 5
3965 11238 4
3965 4014 3
3965 3552 4
3965 4463 5
3965 5384 5
3965 9245 4
3966 6058 2
3966 104 1
3966 609 5
3966 9122 5
3966 6982 5
3966 1629 4
3966 7033 5
3966 6719 5
3966 4457 5
3966 7710 4
3966 7453 3
3966 312 5
3966 8736 5
3966 2494 5
3966 4754 1
3966 4524 5
3966 5559 4
3966 4767 5
3966 739 5
3966 8667 5
3966 1004 5
3966 4857 5
3966 64 5
3966 4932 1
3966 9722 4
3966 9456 4
3966 276 5
3966 4758 1
3966 1316 5
3966 4769 5
3966 5073 5
3966 704 5
3966 5505 5
3966 710 5
3966 5011 4
3966 1414 1
3966 4673 5
3966 323 5
3966 9591 5
3966 9606 4
3966 4919 5
3966 7992 5
3966 313 5
3966 309 5
3966 9011 5
3966 4756 5
3966 5568 5
3966 1393 4
3966 4528 5
3966 4689 5
3966 5620 4
3966 9094 5
3966 3435 5
3966 4203 5
3966 5249 4
3966 840 5
3966 6440 5
3966 3606 5
3966 5226 4
3967 4363 4
3967 2470 5
3967 2961 5
3967 3109 5
3968 10621 5
3968 2744 4
3968 1634 4
3969 3175 5
3969 1706 4
3969 6210 5
3969 5689 5
3969 7137 5
3970 3206 5
3970 309 5
3970 5537 5
3970 9024 5
3971 1741 5
3971 5052 3
3971 6214 4
3971 4779 4
3971 9529 4
3971 4215 4
3972 4935 3
3972 6127 4
3972 3686 4
3973 934 5
3973 11589 5
3973 323 5
3973 312 5
3973 832 5
3973 258 4
3974 897 1
3974 3476 5
3974 211 5
3974 1029 5
3974 844 4
3974 4958 5
3974 4673 3
3974 3683 3
3975 719 5
3975 583 5
3975 830 5
3975 913 3
3975 10031 5
3975 934 4
3975 920 4
3975 976 5
3975 7906 5
3975 10961 5
3975 3468 5
3975 10522 5
3975 1006 5
3975 9672 5
3975 2701 5
3975 3934 5
3975 8074 4
3975 8757 5
3975 6840 4
3975 5473 2
3975 7062 4
3975 2791 3
3975 5641 5
3975 1522 5
3975 4188 3
3975 10828 5
3975 3038 4
3976 68 4
3976 1657 5
3976 153 4
3976 9791 4
3976 3547 4
3976 1516 2
3976 3716 4
3976 8785 4
3976 914 3
3976 8526 4
3976 783 4
3976 7274 5
3977 10100 4
3977 262 5
3977 3138 3
3977 5409 5
3977 6253 4
3977 1742 5
3977 3393 2
3977 1021 5
3977 1029 4
3977 10873 5
3978 1000 4
3978 4661 4
3978 277 4
3978 1097 4
3978 1501 4
3978 10081 4
3978 10759 4
3978 5781 4
3978 239 4
3978 1516 4
3978 5220 4
3978 3793 4
3978 8306 4
3978 10408 4
3978 2174 4
3978 1067 4
3978 1450 4
3978 919 4
3978 5365 4
3978 10995 1
3979 9018 4
3979 5493 4
3979 8429 4
3979 11174 5
3980 11225 5
3980 6826 5
3980 4248 4
3980 3650 3
3980 4461 5
3980 3218 4
3980 4836 5
3981 9454 4
3981 10073 5
3981 2845 4
3982 712 5
3982 2651 5
3982 766 5
3982 1277 5
3982 2634 5
3982 9117 5
3982 2628 5
3982 2597 5
3983 4310 5
3983 8762 4
3983 4922 5
3983 11117 5
3983 11150 5
3983 966 5
3983 1515 5
3983 5467 5
3983 4345 5
3983 1357 5
3983 9457 5
3983 9212 2
3983 1067 1
3983 9494 5
3983 3913 5
3983 4634 4
3984 28 3
3984 312 3
3984 276 5
3984 5157 5
3984 4914 5
3985 309 5
3985 313 5
3985 28 5
3985 8103 5
3985 6682 3
3985 6068 4
3985 3437 5
3985 10234 5
3985 3428 5
3985 5064 5
3985 8477 5
3985 9963 4
3986 7734 1
3986 6442 5
3986 4571 4
3986 8363 5
3986 3672 5
3986 1741 5
3986 2613 5
3986 7486 4
3987 3447 3
3987 1638 5
3987 4912 1
3987 3713 5
3987 1709 5
3987 345 5
3987 8455 2
3987 4811 5
3987 3750 2
3987 4382 5
3988 3450 4
3988 2932 3
3988 2665 4
3988 309 4
3988 4900 4
3988 104 4
3988 4618 4
3988 759 5
3988 1332 3
3988 2607 4
3988 4999 5
3988 3405 2
3988 424 1
3988 11097 4
3989 3474 4
3989 11286 5
3989 8573 4
3989 3728 5
3989 8857 5
3989 4783 5
3989 891 5
3989 3252 5
3990 8587 5
3990 2623 4
3990 6816 5
3990 685 3
3990 6038 5
3990 842 5
3990 4795 5
3990 3146 5
3990 8531 1
3990 6472 5
3990 334 5
3991 609 4
3991 11539 5
3991 5284 5
3991 1583 5
3991 11621 4
3992 6145 5
3992 8582 5
3992 2735 5
3993 11209 4
3993 3817 5
3993 5468 5
3993 3181 5
3993 2890 5
3993 4004 5
3993 8663 1
3993 3883 5
3993 5757 4
3993 7524 4
3993 934 4
3993 4946 4
3993 10196 4
3993 717 5
3993 4355 3
3993 8091 4
3993 3880 4
3993 6373 4
3993 5226 4
3993 8649 5
3993 5997 4
3993 6000 5
3993 4701 4
3993 4215 4
3993 8885 2
3994 196 5
3994 8308 4
3994 2233 4
3994 8019 2
3994 2202 2
3994 2866 3
3994 2267 3
3994 1270 3
3994 1119 3
3994 1584 1
3994 8307 4
3994 9914 5
3994 8849 4
3994 759 5
3994 8350 3
3994 457 4
3994 258 3
3994 7203 4
3994 8318 4
3994 4381 5
3995 7150 5
3995 11222 4
3995 2083 3
3995 3677 5
3995 7156 4
3995 2446 5
3995 5971 4
3995 6118 5
3995 7189 4
3995 8017 4
3995 8364 3
3995 6025 5
3996 6934 5
3996 7407 5
3996 2871 4
3996 7796 5
3996 8275 5
3996 9245 5
3997 5346 5
3997 673 5
3997 9256 4
3997 7702 5
3997 1746 5
3997 4740 5
3997 4823 4
3997 722 5
3997 8463 5
3997 1275 5
3997 11099 4
3997 8279 3
3997 476 4
3997 6662 5
3997 8282 5
3997 8775 4
3997 3452 4
3997 1035 4
3997 5049 5
3997 3503 5
3998 4023 5
3998 8091 3
3998 3422 5
3998 9640 4
3999 313 5
3999 196 1
3999 2232 4
3999 4130 5
3999 4068 5
3999 8901 5
3999 943 5
3999 4765 4
3999 9971 4
4000 673 1
4000 4524 5
4000 3525 5
4001 196 1
4001 258 3
4001 829 3
4001 323 4
4001 728 3
4001 1395 5
4001 609 5
4001 751 4
4001 759 3
4001 1314 5
4001 211 3
4001 3466 4
4001 276 5
4001 739 5
4001 832 5
4001 312 3
4002 1707 5
4002 7008 3
4002 4269 4
4003 3543 5
4003 10610 5
4003 9629 5
4003 9454 4
4004 9004 4
4004 5005 5
4004 6191 4
4004 3525 3
4004 3146 4
4004 4117 5
4004 5758 5
4005 1682 5
4005 3123 4
4005 2655 3
4005 728 4
4005 1338 4
4005 759 3
4005 766 5
4005 1998 5
4005 699 5
4005 258 5
4005 28 5
4005 309 5
4006 1516 4
4006 4822 5
4006 10314 5
4007 706 5
4007 1761 5
4007 1361 4
4007 1607 1
4008 1741 5
4008 4280 5
4008 3263 5
4008 4811 4
4008 4542 5
4008 4184 5
4008 5333 4
4008 9197 5
4008 4215 5
4009 9058 5
4009 4883 4
4009 9454 4
4009 7040 5
4009 6367 5
4010 9130 4
4010 5230 4
4010 256 4
4010 2640 5
4010 2551 4
4010 2585 5
4010 2704 5
4010 10060 4
4010 2639 5
4010 7202 5
4010 11269 5
4010 6558 5
4010 7203 5
4010 10961 4
4010 7151 5
4010 11598 3
4010 11364 5
4010 4189 5
4010 8922 5
4010 11322 5
4010 9903 5
4011 3466 4
4011 1350 5
4011 312 5
4011 5803 5
4011 766 5
4011 844 5
4011 728 4
4011 1939 5
4011 9691 4
4011 5060 5
4012 4112 5
4012 5337 4
4012 2932 3
4012 2936 3
4012 2678 4
4013 792 4
4013 1278 4
4013 309 4
4013 8945 5
4013 1408 5
4014 309 3
4014 10123 4
4014 5196 5
4015 3428 4
4015 9357 4
4015 104 1
4015 11273 5
4016 7318 4
4016 11618 4
4016 10061 3
4016 4995 1
4016 2925 4
4016 11174 4
4016 5979 5
4017 6572 4
4017 309 4
4017 1403 1
4018 7407 5
4018 5426 3
4018 309 5
4018 7462 5
4018 4410 4
4019 3081 2
4019 6328 5
4019 4509 1
4019 4461 5
4019 1403 1
4019 11509 5
4019 9034 5
4019 11185 5
4019 312 5
4019 4839 4
4019 1754 5
4019 1085 4
4019 1241 2
4019 728 5
4019 1000 5
4019 2620 5
4019 5153 1
4019 4501 5
4019 4571 5
4019 2635 3
4019 3313 5
4019 4696 5
4019 9647 4
4019 3708 1
4019 7359 5
4019 2907 5
4019 4820 4
4019 8582 4
4019 4333 5
4020 1981 4
4020 309 4
4020 1884 4
4020 1275 4
4020 4793 3
4020 2617 2
4020 1437 5
4020 4004 5
4020 3216 3
4020 3289 4
4020 4324 5
4020 8511 5
4020 11300 4
4020 5199 4
4020 7525 4
4020 1864 4
4020 4067 5
4020 4138 2
4020 8371 4
4020 5339 5
4020 8432 4
4020 1780 3
4021 837 4
4021 28 4
4021 609 3
4021 829 4
4021 2338 4
4021 785 2
4021 927 5
4021 714 4
4021 8436 4
4021 808 4
4021 9250 4
4021 2005 5
4021 4023 5
4021 334 4
4021 810 5
4022 5569 5
4022 704 5
4022 589 5
4022 5227 5
4022 2145 3
4022 3553 5
4022 1767 5
4022 1332 5
4022 3535 4
4022 4933 4
4022 879 4
4023 196 5
4023 10172 3
4023 309 5
4024 3126 5
4024 323 3
4024 4137 4
4024 766 3
4024 1332 4
4025 2982 5
4025 4502 5
4025 6537 5
4025 10100 5
4025 6823 4
4025 3453 5
4026 2501 2
4026 4750 5
4026 11392 5
4026 3533 5
4026 712 3
4026 11514 5
4026 3157 4
4026 8333 5
4026 1720 1
4026 11285 5
4026 4734 4
4027 762 4
4027 829 3
4027 8531 5
4027 11121 5
4027 3556 4
4027 313 5
4027 9791 5
4027 4445 5
4027 10331 5
4027 309 4
4027 1275 5
4027 10115 4
4027 4863 3
4027 4143 5
4027 10368 5
4027 4542 5
4027 5993 5
4027 5262 4
4027 3360 5
4027 9553 5
4027 2908 5
4028 8443 5
4028 211 5
4028 323 5
4028 728 5
4028 1982 5
4028 726 5
4028 5218 4
4028 3322 5
4028 1950 4
4029 6576 5
4029 3715 5
4029 5611 5
4029 11664 5
4030 1418 3
4030 8599 3
4030 1395 4
4030 3980 5
4030 9855 5
4030 5424 3
4030 863 4
4030 782 3
4030 5778 3
4030 832 5
4030 5820 4
4030 574 3
4030 772 5
4030 8346 5
4030 640 5
4030 3563 5
4030 681 4
4030 8383 4
4030 323 4
4030 759 3
4030 6390 5
4030 2655 4
4030 4255 4
4030 3000 5
4030 1939 4
4030 3263 4
4030 1403 4
4030 211 4
4030 4280 5
4030 1332 5
4031 704 4
4031 142 5
4031 28 4
4031 3547 4
4031 6304 4
4031 323 5
4031 9460 5
4031 3990 5
4031 1395 4
4031 762 4
4031 258 4
4031 196 4
4031 211 4
4031 1275 3
4031 1352 5
4031 7593 5
4032 5428 5
4032 1982 3
4032 1387 2
4033 211 5
4033 1439 5
4033 9700 5
4033 4634 5
4034 9159 5
4034 312 4
4034 1319 5
4034 4241 5
4034 2018 5
4034 2720 5
4034 10466 5
4034 2305 5
4034 5737 5
4034 10768 1
4035 2725 4
4035 10643 5
4035 8514 5
4035 6980 5
4035 9584 1
4035 7212 5
4035 5608 5
4035 6141 5
4035 5520 5
4035 3135 5
4036 3151 4
4036 8390 5
4036 10469 5
4037 1439 5
4037 10993 4
4037 8464 5
4038 3216 4
4038 3515 5
4038 28 5
4039 3158 5
4039 1682 5
4039 9433 5
4039 1387 5
4039 4615 5
4039 5550 5
4039 2095 5
4039 1403 2
4039 120 5
4039 286 5
4039 9900 5
4039 9441 4
4039 1032 1
4039 1332 5
4039 1747 5
4039 4135 5
4039 832 5
4039 9702 1
4039 772 3
4039 1422 3
4039 2744 5
4039 4074 3
4039 2755 5
4040 3892 5
4040 3125 5
4040 56 4
4040 9136 5
4040 11653 5
4040 9530 5
4040 4033 5
4040 254 5
4040 5359 5
4040 198 4
4040 5051 5
4041 7982 5
4041 173 4
4041 5004 3
4041 2751 4
4041 5992 5
4041 5613 2
4041 9686 5
4041 4922 3
4041 4989 5
4041 7551 4
4041 4436 2
4041 1515 5
4041 1712 4
4041 9991 5
4041 1403 5
4041 2755 2
4041 5828 5
4041 306 4
4041 323 5
4041 10075 5
4041 10366 5
4042 4396 5
4042 2928 5
4042 6443 5
4043 3063 1
4043 1501 5
4043 897 1
4044 4949 5
4044 7567 5
4044 3146 5
4044 8234 5
4044 3263 5
4044 8656 5
4044 862 5
4045 6249 5
4045 105 5
4045 867 5
4045 5112 5
4046 5552 4
4046 5591 5
4046 9438 5
4046 1329 4
4046 5228 4
4046 5370 3
4046 3749 4
4047 5365 1
4047 5348 5
4047 6230 1
4047 1481 3
4047 5407 5
4047 5318 5
4047 1776 5
4047 1348 4
4048 459 5
4048 934 4
4048 7475 5
4048 477 4
4048 4682 5
4048 10677 5
4048 1502 5
4048 2398 4
4048 3127 4
4048 10452 4
4048 4286 4
4048 10910 4
4049 5812 5
4049 2093 5
4049 6093 5
4049 3841 5
4049 5701 5
4049 3437 5
4049 5772 5
4049 909 1
4049 872 5
4049 4393 5
4049 830 5
4049 10238 4
4049 8198 5
4049 3870 5
4049 4598 5
4049 1081 4
4049 3020 5
4049 1629 5
4049 4917 3
4049 902 5
4049 3852 5
4049 1048 5
4049 10397 5
4049 925 5
4049 2453 5
4049 10136 5
4049 908 5
4049 2296 5
4049 3329 5
4049 10468 4
4049 3803 5
4050 4394 3
4050 270 5
4050 7497 4
4050 1045 4
4050 286 4
4050 2357 5
4050 4369 4
4050 10731 4
4050 858 4
4050 3686 4
4050 9269 5
4050 8634 2
4050 3766 4
4050 9619 5
4050 8993 4
4051 1337 3
4051 3824 2
4051 4299 5
4051 5394 3
4051 5733 3
4051 10399 1
4051 8289 5
4051 5664 4
4051 4465 1
4051 7507 5
4051 5997 4
4051 7249 5
4051 814 4
4051 10433 2
4051 1495 4
4051 5402 4
4051 10501 3
4051 5362 5
4051 10945 2
4051 657 4
4051 5466 5
4051 277 4
4051 3151 4
4051 10966 5
4051 10917 3
4051 1047 4
4052 740 2
4052 1982 3
4052 728 3
4052 1275 3
4052 773 4
4052 276 5
4052 5253 5
4052 4527 5
4052 10298 5
4052 846 4
4052 1067 3
4052 7397 3
4052 10803 5
4052 4854 5
4052 9743 5
4052 3849 2
4052 4026 5
4052 4855 4
4052 944 2
4052 10777 5
4052 900 5
4052 5524 4
4052 10071 5
4052 5588 5
4052 11157 5
4052 9496 5
4052 5092 3
4052 9120 5
4052 4216 2
4052 4787 5
4052 1001 5
4052 10868 4
4052 1048 5
4053 7486 5
4053 2698 1
4053 9761 5
4053 2709 4
4053 10736 4
4053 5770 5
4053 10123 5
4053 1400 5
4053 11644 5
4053 1429 5
4053 2697 5
4053 4673 1
4053 3447 4
4053 9207 4
4053 10914 4
4054 9287 4
4054 3796 5
4054 3063 5
4054 8362 4
4054 3773 5
4054 8749 5
4054 5083 3
4054 922 3
4054 2373 5
4054 11579 5
4054 3416 2
4055 1467 5
4055 4276 5
4055 2701 5
4055 3666 4
4055 5733 5
4055 3915 5
4055 7544 5
4056 8165 3
4056 196 5
4056 1330 5
4056 766 5
4056 944 2
4056 4217 5
4056 5232 4
4056 3431 4
4056 9114 5
4057 9055 5
4057 211 4
4057 1510 5
4057 5151 5
4057 1332 4
4058 4694 5
4058 9512 5
4058 5465 5
4058 4740 4
4058 11240 5
4059 732 3
4059 323 4
4059 276 4
4059 843 4
4059 766 2
4059 610 4
4059 695 1
4059 686 3
4059 656 3
4059 4742 3
4059 258 2
4059 5513 5
4059 104 4
4059 712 4
4059 753 3
4059 728 4
4059 3123 4
4059 1260 2
4059 313 4
4059 309 2
4059 6964 4
4059 1344 5
4059 3146 5
4059 2398 5
4059 2941 4
4059 6675 5
4059 2461 5
4060 728 4
4060 4027 5
4060 3404 3
4060 8863 2
4061 2091 2
4061 8160 3
4061 8544 5
4061 9115 5
4061 6332 4
4061 11275 5
4061 2907 4
4062 276 4
4062 313 5
4062 712 5
4062 8519 3
4062 3166 5
4062 196 3
4062 309 4
4062 3430 4
4062 4280 5
4062 5349 5
4062 2152 4
4063 8727 2
4063 10561 5
4063 11030 5
4063 10776 4
4063 4552 5
4063 4549 5
4063 3379 5
4063 7494 3
4063 9111 3
4063 1340 5
4063 1870 4
4063 4680 4
4063 4833 1
4063 3891 5
4063 3485 4
4063 9229 5
4063 1241 5
4063 643 2
4063 3534 5
4063 4613 5
4064 1305 5
4064 9505 5
4064 9866 5
4064 4289 5
4064 4323 5
4064 1357 5
4064 327 5
4064 7505 5
4064 4400 5
4064 5953 1
4064 934 5
4064 2689 4
4064 3884 4
4064 10540 5
4064 10642 3
4064 5616 5
4064 8098 5
4064 7520 5
4064 11396 5
4064 3093 4
4064 5611 2
4064 3315 5
4064 11046 5
4064 10993 5
4064 7188 5
4064 4400 2
4064 10700 5
4064 862 5
4064 5058 4
4064 8098 5
4065 312 5
4065 2925 5
4065 3051 2
4066 5270 2
4066 3348 3
4066 4712 4
4066 4149 5
4066 832 4
4066 174 5
4066 323 5
4066 258 4
4066 2715 5
4066 1981 3
4066 609 5
4066 312 5
4066 1278 4
4066 305 4
4066 1980 3
4066 712 5
4066 1921 3
4066 1939 5
4066 858 3
4066 7982 3
4066 4599 2
4066 6708 4
4066 5238 3
4066 1215 5
4066 4023 5
4066 313 5
4066 4336 3
4066 4420 4
4066 9515 5
4066 310 3
4066 4426 3
4066 4112 4
4066 908 3
4066 3182 4
4066 3302 4
4066 4117 5
4066 4416 3
4066 7861 5
4066 6775 5
4066 699 5
4066 9464 4
4066 288 5
4066 4042 5
4066 5918 5
4066 3327 5
4066 6718 3
4066 2759 5
4066 5005 5
4066 9472 4
4066 4750 5
4066 4260 4
4066 4016 5
4066 824 5
4066 5104 3
4066 774 4
4066 3912 4
4066 5040 4
4066 3959 5
4066 11588 3
4066 7568 5
4066 3455 2
4066 309 5
4066 10162 4
4066 6106 3
4066 11551 2
4066 6400 3
4066 8616 4
4066 2701 3
4066 4970 4
4066 3149 5
4066 5285 4
4066 5134 5
4066 7219 4
4066 4800 4
4066 3252 3
4066 5217 5
4066 4423 2
4066 3530 4
4067 1310 4
4067 1312 4
4067 4818 3
4067 4548 3
4067 2277 3
4067 515 4
4067 3979 3
4067 312 4
4067 460 4
4067 10246 3
4067 9163 3
4067 6931 4
4067 2294 4
4067 8347 4
4067 772 4
4067 490 4
4067 3696 2
4067 1317 5
4067 4621 4
4067 1142 4
4067 2463 4
4067 353 5
4068 9525 3
4068 3531 4
4068 3431 5
4069 1403 1
4069 5760 4
4069 4580 3
4070 3080 5
4070 10334 5
4070 4571 5
4070 9273 4
4071 712 5
4071 695 4
4071 728 4
4071 211 5
4071 2597 3
4071 10753 5
4071 5018 5
4071 2576 4
4071 4836 4
4071 1312 5
4071 1310 4
4071 3146 5
4071 4071 5
4072 889 1
4072 7296 5
4072 5918 5
4072 2492 5
4072 8244 3
4072 10715 4
4072 8387 5
4072 3922 3
4072 4023 5
4072 9310 5
4073 211 4
4073 3508 5
4073 5764 4
4073 4750 5
4073 4571 5
4073 9225 5
4073 5315 4
4074 312 1
4074 11563 4
4074 4044 4
4074 8885 2
4074 5110 5
4074 11665 4
4074 4023 5
4074 9633 4
4075 1001 4
4075 3627 4
4075 7925 5
4075 4706 5
4076 10932 5
4076 2294 3
4076 4446 5
4076 8953 5
4076 4672 4
4076 3427 5
4077 8082 2
4077 6796 4
4077 997 5
4077 3182 5
4077 10067 5
4077 6328 5
4077 6400 4
4078 4431 3
4078 1615 3
4078 4628 5
4078 4499 5
4078 11502 5
4078 842 5
4079 3000 5
4079 1274 5
4079 1958 5
4079 1419 5
4079 9087 5
4079 59 5
4079 5154 5
4079 1325 5
4079 3123 5
4079 4280 5
4079 5618 5
4079 5404 1
4079 191 4
4079 4513 5
4079 827 5
4079 1939 5
4079 726 4
4079 7406 5
4079 5073 5
4079 3553 5
4079 164 5
4079 4467 5
4079 4010 5
4079 3263 5
4079 4262 5
4079 1768 3
4079 9031 5
4079 1399 5
4079 4105 5
4079 4496 5
4079 1978 5
4079 792 5
4079 3000 5
4079 740 5
4079 829 5
4079 738 5
4079 739 5
4079 732 5
4079 1395 5
4079 710 5
4079 735 5
4079 28 5
4079 258 5
4079 759 5
4079 288 5
4079 104 5
4079 762 5
4079 741 5
4079 704 5
4079 772 5
4079 276 5
4079 712 3
4079 312 5
4079 323 5
4079 706 4
4079 211 5
4079 6623 5
4079 196 5
4079 766 5
4079 5807 5
4079 1428 5
4079 766 5
4079 8752 5
4079 5447 4
4079 832 5
4079 313 5
4079 1332 5
4079 2757 4
4079 10766 5
4079 5488 5
4079 2698 5
4079 866 4
4079 5844 5
4079 3156 1
4079 1441 1
4079 3469 1
4079 9700 1
4079 9398 4
4079 640 5
4079 4049 1
4079 5308 5
4079 1322 5
4079 4917 3
4079 5442 5
4079 8647 5
4079 4390 5
4079 944 4
4079 9980 5
4079 934 5
4079 9084 4
4079 5766 5
4079 10602 2
4079 9324 5
4079 7572 5
4079 3152 5
4079 3272 5
4079 6626 5
4079 326 5
4079 1501 5
4079 8173 3
4079 5516 5
4079 3444 1
4079 11038 3
4079 3124 4
4079 9784 4
4079 5602 4
4079 3444 1
4079 1464 5
4079 8469 5
4079 6948 3
4079 1467 3
4080 6063 5
4080 3077 5
4080 8029 5
4080 191 5
4081 8205 5
4081 4442 5
4081 8771 3
4081 6087 5
4081 4291 4
4081 5901 3
4081 2490 5
4081 3318 5
4081 5675 2
4081 4510 4
4081 4117 5
4082 6120 5
4082 2083 3
4082 3556 5
4082 8006 4
4082 6117 5
4082 8641 5
4082 4103 1
4082 10729 4
4082 10439 4
4082 5993 4
4082 1526 5
4082 11176 4
4083 8986 3
4083 3256 5
4083 2586 5
4083 4967 5
4083 432 3
4084 3638 4
4084 8847 5
4084 4672 5
4084 7159 5
4084 5928 5
4084 11034 4
4084 7260 5
4084 5672 5
4084 3174 5
4084 11582 5
4084 1826 4
4084 3368 5
4084 11623 4
4084 8604 5
4085 1196 5
4085 6666 5
4085 5257 5
4085 5757 5
4085 4558 5
4085 10416 5
4085 7483 5
4085 2994 5
4086 4716 4
4086 4159 3
4086 3179 5
4087 164 5
4087 3000 5
4087 3263 5
4087 4394 5
4087 3099 5
4087 7438 5
4088 6424 3
4088 4393 4
4088 2495 3
4088 11213 4
4088 5512 3
4088 7455 4
4088 2062 3
4088 3519 3
4088 631 4
4088 8541 3
4088 910 4
4088 7734 4
4088 7733 4
4088 9694 3
4088 829 4
4088 7030 4
4088 586 4
4088 584 4
4088 1996 4
4088 33 5
4088 582 4
4088 855 4
4088 6533 4
4088 124 4
4088 9781 4
4088 9125 4
4088 2357 4
4088 322 4
4088 117 4
4088 4036 4
4088 8937 4
4088 977 4
4088 5562 4
4088 2494 3
4088 123 4
4088 4940 4
4088 4753 4
4088 9263 4
4088 1622 3
4088 316 4
4088 9940 4
4088 4283 5
4088 4529 3
4088 109 3
4088 6447 3
4088 9799 3
4088 245 4
4088 150 4
4088 4729 3
4088 6604 4
4088 11051 3
4088 8305 2
4088 1447 4
4088 954 3
4088 5183 3
4088 8688 4
4088 7499 4
4088 10929 4
4088 11525 2
4088 3431 4
4088 5755 3
4088 11463 3
4088 11082 3
4088 5263 4
4088 3527 3
4088 24 4
4088 63 3
4088 6061 4
4088 6021 3
4088 84 4
4088 136 4
4088 139 4
4088 5611 3
4089 11067 5
4089 6956 4
4089 4478 5
4089 9456 4
4089 728 4
4089 772 4
4089 8440 5
4089 8443 5
4089 11059 5
4089 10549 2
4089 8437 5
4090 8471 4
4090 3703 5
4090 8564 5
4091 340 4
4091 4362 4
4091 6547 5
4091 1673 4
4091 4778 5
4091 2333 5
4091 843 4
4091 8121 4
4091 8909 4
4092 4341 5
4092 4651 4
4092 258 5
4092 288 5
4092 4528 5
4092 3339 5
4092 1974 4
4092 6375 5
4092 1240 4
4092 1775 3
4092 792 4
4092 1000 5
4092 738 4
4092 762 3
4092 1274 3
4092 1278 4
4092 4742 4
4092 1219 3
4092 3562 4
4092 1975 5
4092 5661 5
4092 766 4
4093 4336 5
4093 10751 5
4093 7806 5
4093 7752 5
4094 2636 5
4094 9304 4
4094 2159 2
4095 11652 4
4095 459 5
4095 2654 2
4095 8944 5
4095 4821 5
4095 4999 5
4095 4781 5
4095 2926 5
4095 4157 3
4095 7578 4
4095 2627 4
4095 9245 5
4095 4197 3
4095 3512 4
4096 7476 5
4096 4753 5
4096 3687 5
4096 7342 4
4096 3995 5
4096 4958 3
4096 7398 4
4097 10371 5
4097 9245 5
4097 5209 5
4097 4705 4
4098 2592 5
4098 3174 4
4098 3156 4
4098 3540 2
4098 1241 5
4098 1221 1
4098 11563 5
4098 5760 4
4099 10439 4
4099 6275 4
4099 11176 5
4100 1352 5
4100 1277 5
4100 309 4
4100 4558 5
4100 8855 4
4101 11637 4
4101 8858 5
4101 6391 4
4101 4624 5
4101 2277 5
4102 4831 5
4102 1367 4
4102 3501 4
4102 985 4
4102 11353 5
4102 2463 3
4102 5332 5
4103 694 5
4103 3880 4
4103 3685 1
4103 11467 4
4103 3563 3
4104 6277 4
4104 461 2
4104 4777 5
4104 4222 4
4104 2995 3
4104 500 5
4104 8459 5
4104 10659 4
4104 4818 3
4104 2405 4
4104 1241 5
4104 4022 4
4104 3806 5
4104 490 2
4104 579 4
4104 3808 5
4104 2938 5
4104 3790 5
4104 2280 4
4104 2641 2
4104 4302 4
4104 2635 2
4104 4606 4
4104 2622 5
4105 661 3
4105 866 5
4105 916 3
4105 9647 5
4105 5306 5
4105 810 3
4106 11207 5
4106 1215 1
4106 4730 2
4106 10489 1
4106 239 1
4107 5738 4
4107 5885 3
4107 9122 5
4108 8900 4
4108 4546 5
4108 3853 5
4108 3877 5
4108 3032 5
4108 410 3
4109 5682 5
4109 6698 5
4109 8133 5
4109 323 5
4109 4299 5
4109 1949 5
4109 4242 4
4109 6842 1
4109 1279 5
4109 10613 5
4109 5232 4
4109 10183 1
4110 3552 5
4110 4042 5
4110 5091 5
4110 3921 5
4110 5234 2
4110 6834 5
4110 4182 5
4110 7706 2
4110 4331 4
4110 4774 4
4110 4025 5
4111 9224 5
4111 9681 4
4111 6939 4
4111 1741 5
4111 5209 4
4111 3535 4
4111 2405 3
4111 5100 4
4111 3480 5
4111 5050 4
4111 1373 5
4111 3980 4
4112 4232 5
4112 4147 4
4112 5574 3
4112 1361 5
4112 3705 3
4112 229 4
4112 1902 4
4112 3435 4
4112 5096 5
4113 2816 4
4113 309 5
4113 9386 3
4113 6198 2
4113 4972 5
4114 1725 5
4114 5333 5
4114 5003 5
4114 5337 5
4114 4937 5
4114 5613 5
4114 4060 4
4114 2236 4
4114 3383 5
4114 3348 5
4114 1779 5
4114 558 4
4114 1241 5
4114 5993 4
4114 3825 5
4114 8367 5
4114 1310 4
4114 4071 4
4115 309 4
4115 4105 5
4115 7679 4
4115 11162 5
4116 7920 3
4116 3761 5
4116 9054 4
4116 4836 5
4116 7838 5
4116 1258 4
4116 422 5
4116 9621 5
4116 4853 5
4116 6214 3
4116 9166 4
4116 725 5
4116 1637 5
4116 297 5
4116 1275 5
4116 6639 4
4116 4648 5
4116 3485 5
4116 4158 4
4117 4885 5
4117 10847 4
4117 6993 5
4118 1070 3
4118 7906 5
4118 1332 5
4118 11253 4
4118 3981 4
4118 766 5
4118 1994 3
4118 4071 4
4118 5556 4
4118 8275 5
4118 4644 5
4119 6707 4
4119 1108 5
4119 152 5
4119 686 4
4120 4410 3
4120 2816 4
4120 1689 2
4120 9974 5
4120 4439 5
4121 3146 5
4121 3219 4
4121 10130 2
4121 4774 5
4121 4640 5
4122 1911 5
4122 857 4
4122 4243 2
4122 4857 4
4122 3530 3
4122 9881 5
4122 2262 3
4122 4060 5
4123 4703 5
4123 11648 4
4123 11666 5
4123 10094 3
4123 1241 4
4123 5596 4
4123 7306 5
4123 3715 5
4123 9233 5
4123 4060 4
4124 3746 4
4124 4731 5
4124 7486 5
4124 9350 5
4124 7263 5
4124 4383 3
4124 3895 5
4125 1275 4
4125 7190 3
4125 9053 5
4125 10552 3
4125 4071 3
4125 4078 5
4125 747 5
4125 1998 1
4125 334 3
4125 1414 1
4125 740 4
4125 4694 4
4125 5222 2
4125 490 5
4125 2907 5
4125 4160 5
4126 327 3
4126 5995 5
4126 5331 5
4126 1507 5
4126 4213 5
4126 4518 3
4126 2655 4
4126 3978 2
4126 4279 3
4126 4958 4
4126 2932 3
4127 11148 4
4127 309 4
4127 1275 2
4127 217 4
4127 11587 5
4127 4548 3
4127 6633 4
4127 1395 4
4127 7525 5
4127 762 4
4127 840 4
4127 5832 4
4127 4889 4
4127 1027 2
4128 9267 5
4128 4750 5
4128 9529 4
4128 5049 5
4129 2206 4
4129 5634 5
4129 3967 5
4130 4152 1
4130 3166 1
4130 4055 5
4130 5816 1
4131 664 4
4131 309 3
4131 7384 5
4131 4640 3
4131 792 3
4131 9132 4
4131 258 5
4131 3512 5
4131 323 4
4131 832 3
4131 762 4
4131 313 4
4131 772 3
4131 3658 4
4131 843 3
4131 5880 5
4131 3497 5
4132 1332 4
4132 3088 2
4132 1501 4
4132 1773 5
4132 1754 5
4133 1290 4
4133 868 1
4133 4012 5
4133 7712 3
4134 5808 5
4134 3304 3
4134 2592 4
4135 1463 4
4135 5444 4
4135 297 4
4135 1136 4
4135 3126 5
4135 2340 5
4135 7816 4
4135 109 5
4135 8721 5
4135 8917 4
4135 2470 5
4135 7486 4
4135 2544 5
4135 11514 5
4135 8333 4
4136 412 5
4136 513 5
4136 1658 4
4136 2168 5
4136 4078 5
4136 3810 4
4136 691 5
4136 11667 2
4136 5208 5
4136 309 3
4137 6457 5
4137 2776 5
4137 2802 4
4137 6710 4
4137 7790 3
4137 8990 4
4137 2034 5
4137 2204 5
4137 5725 4
4137 8000 5
4137 1583 3
4137 8196 4
4137 6049 5
4137 5948 4
4137 6458 5
4137 8219 5
4137 7315 5
4137 7769 5
4137 2809 5
4137 5180 5
4137 7719 4
4137 6908 5
4137 6291 3
4137 4179 4
4137 8253 4
4137 9412 3
4137 10320 4
4137 7996 4
4137 7843 4
4137 2140 4
4137 2853 4
4137 6247 4
4137 3224 4
4137 4112 5
4137 1653 4
4137 6097 4
4137 2059 4
4138 7857 4
4138 1395 1
4138 1773 4
4138 728 4
4138 9822 4
4138 11657 4
4138 288 4
4138 934 4
4138 276 1
4138 716 4
4138 753 4
4138 8698 4
4138 3963 4
4138 251 4
4138 312 4
4138 699 4
4138 901 4
4138 217 4
4138 762 4
4138 4992 4
4138 1332 4
4138 1278 4
4138 104 4
4138 814 4
4138 704 5
4139 6704 4
4139 4240 5
4139 3708 5
4139 11332 4
4139 1902 4
4140 686 4
4140 3497 4
4140 11605 5
4141 843 5
4141 738 5
4141 10382 5
4141 6284 5
4141 3549 4
4141 9166 5
4142 2093 4
4142 11522 4
4142 309 3
4142 278 2
4142 3645 5
4142 1403 1
4142 2722 5
4142 3123 5
4142 4547 5
4142 4243 1
4142 1241 5
4142 3728 4
4143 4904 5
4143 843 5
4143 211 4
4143 8220 5
4143 3572 5
4143 2465 5
4143 4243 1
4143 1933 1
4143 1275 1
4143 1583 4
4143 9341 5
4143 2701 5
4143 1477 1
4143 10669 5
4143 9443 4
4143 7567 5
4143 276 5
4143 3587 5
4143 5063 5
4143 9764 4
4143 9672 4
4143 9291 5
4143 7259 4
4143 2048 5
4143 824 5
4143 10326 4
4143 10207 5
4143 9330 5
4143 3447 5
4143 10656 4
4143 9132 5
4143 10417 5
4143 4829 5
4143 5733 5
4143 3951 3
4144 309 5
4144 728 3
4144 11005 4
4144 857 4
4144 824 5
4144 9724 4
4144 2093 5
4144 7597 5
4144 11454 4
4144 5791 5
4144 7687 5
4144 1410 5
4144 5307 4
4144 1393 4
4144 1277 5
4144 9318 4
4144 9367 5
4144 1420 5
4144 846 4
4144 704 5
4144 3852 5
4144 6675 5
4145 3932 5
4145 6845 5
4145 4785 5
4145 1493 5
4145 857 4
4145 5773 4
4145 9821 5
4145 9493 4
4145 10769 2
4145 10577 4
4145 1021 4
4145 9110 5
4145 10678 4
4145 9783 5
4145 1329 5
4145 5776 5
4146 309 5
4146 9108 3
4146 3238 5
4146 4061 5
4146 4449 4
4147 5197 5
4147 1778 4
4147 9397 5
4147 5001 4
4147 4156 5
4147 5833 4
4147 4243 4
4147 6121 4
4147 1744 4
4147 7426 4
4147 216 5
4147 3943 5
4147 9334 4
4147 9454 4
4147 3749 4
4148 4715 4
4148 962 4
4148 10157 5
4148 8092 5
4148 5433 3
4148 6426 4
4148 5249 4
4148 3621 4
4148 9641 4
4148 5543 5
4148 4723 3
4149 8184 5
4149 309 5
4149 710 5
4149 4181 5
4149 5098 4
4149 1687 5
4149 4423 4
4149 4024 5
4149 5858 5
4150 9145 5
4150 9530 5
4150 6480 5
4151 4429 4
4151 328 5
4151 7461 5
4151 2705 1
4151 6760 1
4151 6074 1
4151 4433 1
4151 5791 1
4151 8041 5
4151 3197 4
4151 5036 2
4151 7449 5
4151 4134 5
4151 306 3
4151 7455 5
4151 2843 5
4151 7729 5
4151 8009 2
4151 6095 5
4151 8557 5
4151 173 3
4151 7753 5
4151 8593 5
4151 2145 5
4151 4454 1
4151 280 5
4151 1765 5
4151 308 5
4151 4884 1
4151 4192 5
4151 1743 5
4151 216 4
4151 6136 5
4151 48 5
4151 1894 5
4151 113 5
4151 1641 5
4151 2947 5
4151 6251 3
4151 2252 5
4151 7561 5
4151 9713 5
4151 8847 5
4151 2680 5
4151 7934 5
4151 9377 5
4151 1674 5
4151 3720 5
4151 1757 5
4151 3395 3
4151 7049 5
4151 4977 5
4151 6127 2
4151 5029 5
4151 2669 5
4151 5430 3
4151 6112 5
4151 5004 5
4151 8004 5
4151 5248 5
4151 3586 5
4151 2728 5
4151 8035 2
4151 9737 5
4151 7472 1
4151 3672 2
4151 4883 5
4151 7250 3
4151 7632 3
4151 9514 5
4151 4135 3
4151 3913 5
4151 105 5
4151 2755 1
4151 24 5
4151 5833 4
4152 3530 3
4152 327 4
4152 4277 3
4152 1049 5
4152 845 3
4152 10684 3
4152 8384 4
4152 5550 3
4152 9686 5
4152 4203 4
4152 10158 4
4152 5006 5
4152 4080 5
4152 10634 5
4152 2095 5
4152 5628 5
4152 312 5
4152 1385 1
4152 5002 5
4152 309 5
4152 5040 5
4152 1779 5
4152 4919 5
4152 196 5
4152 5069 5
4152 3913 4
4152 857 5
4152 3555 1
4152 3270 5
4152 710 2
4152 762 1
4152 4953 3
4152 2715 5
4153 1277 5
4153 4264 4
4153 1419 2
4154 3968 4
4154 4859 3
4154 1099 4
4154 9123 4
4154 3146 5
4154 3465 5
4155 5779 5
4155 2550 4
4155 10050 5
4156 909 3
4156 4434 4
4156 9287 3
4156 4510 5
4156 7649 3
4156 5247 3
4156 10124 4
4156 8891 5
4156 3195 5
4156 6068 5
4157 10489 4
4157 4571 5
4157 7216 5
4157 5642 4
4157 9202 4
4157 3959 5
4157 3182 5
4157 5753 4
4157 7264 5
4157 7560 4
4157 5716 5
4157 7219 4
4158 656 3
4158 1773 3
4158 728 3
4158 1775 3
4158 843 2
4158 1332 5
4159 761 5
4159 3081 2
4159 7923 5
4159 732 5
4159 609 5
4159 712 4
4159 305 3
4159 3988 5
4159 4042 5
4159 4970 3
4159 2048 5
4159 276 4
4159 10164 5
4159 7033 5
4159 323 5
4159 1682 5
4159 728 4
4159 727 1
4159 9009 5
4159 9205 5
4159 4260 4
4159 2842 3
4159 3230 4
4159 4932 1
4159 1275 1
4159 824 5
4159 6100 4
4159 8211 5
4159 7197 5
4159 4080 5
4160 7455 5
4160 7230 5
4160 4646 5
4160 4156 5
4160 1332 5
4160 4778 2
4161 7135 4
4161 1352 5
4161 11271 5
4162 695 5
4162 1408 5
4162 288 5
4162 313 4
4162 832 5
4162 323 5
4162 7536 5
4162 784 5
4162 5767 5
4163 11072 5
4163 2647 2
4163 4023 5
4163 1023 3
4163 7880 5
4163 2842 2
4164 217 5
4164 4185 5
4164 772 3
4164 4061 5
4164 3549 3
4164 589 4
4165 5563 5
4165 9614 5
4165 323 1
4165 1275 1
4165 1274 5
4165 3878 5
4165 699 4
4165 4760 4
4165 1316 5
4165 288 4
4165 9452 2
4165 820 5
4165 2158 5
4165 309 4
4165 1682 4
4165 7264 4
4165 4427 5
4165 8729 4
4165 5384 5
4165 7241 4
4166 8523 5
4166 10873 4
4166 170 4
4166 4503 5
4166 5901 4
4166 4140 3
4166 153 5
4166 5618 4
4166 9791 4
4166 4445 5
4166 8274 5
4166 8627 5
4167 2235 4
4167 11637 4
4167 4310 5
4167 539 2
4167 3038 4
4167 8594 5
4167 1901 5
4167 5027 5
4167 3530 5
4167 5793 5
4167 10724 2
4167 5276 5
4167 75 5
4167 9330 4
4167 4243 3
4167 1779 4
4167 4305 5
4167 5617 2
4167 5614 5
4167 3447 5
4167 904 3
4167 5525 5
4167 3778 4
4167 3845 4
4167 4897 2
4167 8649 3
4167 5279 4
4167 3469 5
4167 1462 5
4167 11668 5
4167 11093 3
4167 11333 3
4167 1032 3
4167 2702 4
4167 9556 4
4167 7749 4
4167 9345 4
4167 3952 5
4167 3801 5
4167 6041 5
4167 2095 5
4167 3797 5
4167 7753 5
4167 3451 4
4167 3267 4
4167 1503 5
4167 4051 4
4167 3903 4
4167 11365 4
4167 9734 5
4167 6845 5
4167 3478 4
4167 11195 3
4167 1349 5
4167 3478 5
4167 11578 4
4167 9459 5
4167 2695 5
4168 312 5
4168 739 5
4168 4688 5
4168 992 2
4168 11650 5
4168 4685 5
4169 11551 3
4169 4397 4
4169 10852 4
4169 8167 3
4169 8861 5
4170 4517 5
4170 309 5
4170 4680 5
4170 4833 5
4170 4537 5
4170 10845 3
4170 10791 1
4170 1042 5
4170 4785 4
4170 9189 4
4170 11139 4
4170 4783 5
4170 9877 4
4170 11470 4
4170 5383 5
4170 9688 5
4170 5377 5
4170 10925 4
4170 10857 4
4170 3798 5
4170 2095 5
4170 3940 4
4170 10950 3
4170 10317 4
4170 10126 4
4170 4634 4
4171 10374 5
4171 11422 4
4171 309 4
4171 4779 5
4171 10825 5
4171 10218 5
4171 11162 5
4172 516 3
4172 8082 3
4172 390 2
4172 2595 3
4172 829 5
4172 4582 4
4172 759 4
4172 4916 5
4172 661 4
4172 678 3
4172 9259 5
4172 3375 5
4172 3131 5
4172 309 4
4172 7165 2
4172 1407 5
4172 822 4
4173 1987 5
4173 4561 2
4173 759 5
4173 5796 5
4173 5508 5
4173 3151 4
4174 11638 5
4174 2981 5
4174 11607 5
4174 4155 1
4174 1675 5
4174 75 5
4174 8347 5
4174 3504 5
4174 4694 4
4174 11630 5
4174 4080 5
4174 9142 4
4174 3498 5
4174 4044 5
4174 934 5
4174 5226 4
4174 8257 4
4174 8242 5
4174 8429 5
4174 2095 4
4174 5126 4
4174 8234 5
4174 8216 5
4174 3801 4
4174 7711 5
4174 9745 5
4174 995 1
4174 5177 5
4174 991 5
4174 11370 5
4174 9669 3
4174 10680 5
4174 5130 5
4174 1062 5
4174 4965 5
4174 9139 5
4174 1506 5
4174 3606 5
4175 306 5
4175 211 4
4175 113 4
4175 857 5
4175 762 4
4176 176 5
4176 1756 4
4176 9351 5
4176 288 5
4176 1939 5
4176 9378 4
4176 4040 4
4176 1411 4
4176 48 5
4176 4371 4
4176 206 5
4176 3331 5
4177 3676 3
4177 5484 5
4177 1910 4
4177 7146 5
4178 8522 5
4178 83 5
4178 5893 5
4178 9033 5
4178 1932 5
4178 5306 5
4178 4502 5
4178 6537 5
4178 3522 5
4178 4445 5
4178 10957 5
4178 5699 5
4178 11613 4
4178 4434 5
4178 11258 5
4178 7783 5
4178 4318 5
4178 10873 5
4178 9919 5
4178 4141 5
4178 6823 5
4178 3304 5
4179 7393 5
4179 5732 5
4179 3224 5
4179 5538 4
4180 8714 5
4180 201 5
4180 222 4
4180 3840 4
4180 11648 3
4180 1241 5
4180 9618 5
4180 1675 4
4180 4135 5
4180 924 5
4180 3530 5
4181 2277 5
4181 312 1
4181 712 5
4181 4782 5
4181 5515 5
4182 5534 5
4182 1901 4
4182 309 3
4182 2498 5
4182 4117 5
4183 4726 4
4183 774 4
4183 4047 4
4183 8988 1
4183 5002 5
4183 891 5
4184 2158 5
4184 9418 5
4184 1098 5
4184 6673 5
4184 4292 5
4184 4117 5
4184 4323 5
4184 8450 5
4184 7040 5
4184 4337 5
4184 3967 5
4184 11656 5
4184 6284 5
4184 7433 5
4184 320 5
4185 258 1
4185 313 1
4185 309 1
4185 934 5
4186 1395 1
4186 309 4
4186 1857 4
4186 258 3
4186 11266 4
4186 11266 4
4186 719 4
4186 8789 5
4186 7478 5
4187 3954 2
4187 11604 4
4187 7184 4
4187 8366 5
4187 706 5
4187 313 5
4187 4619 5
4187 2657 5
4187 5933 5
4187 10970 5
4188 8191 4
4188 6062 5
4188 762 5
4188 873 5
4188 3453 5
4189 739 5
4189 1778 1
4189 196 4
4189 7715 5
4189 313 5
4189 768 2
4189 843 5
4189 323 4
4189 884 5
4189 706 4
4189 6173 5
4189 699 5
4189 8914 4
4189 276 5
4189 762 5
4189 732 3
4189 1964 5
4189 4724 5
4189 1739 5
4189 1338 4
4189 9249 3
4189 4743 1
4189 1852 5
4189 1767 5
4189 6366 4
4189 6487 3
4189 4720 4
4189 3763 4
4189 5418 4
4189 4098 4
4189 251 3
4189 610 5
4189 6124 2
4189 728 4
4189 5313 5
4189 9486 4
4189 2929 2
4189 5096 4
4189 3539 1
4190 762 5
4190 8465 1
4190 2537 5
4190 258 5
4190 792 5
4190 1260 1
4190 1412 5
4190 671 5
4190 323 5
4190 609 5
4190 610 5
4190 1981 5
4190 772 5
4190 732 5
4190 695 1
4190 104 5
4190 288 1
4190 829 1
4190 276 5
4190 1324 5
4190 759 5
4190 309 5
4190 6789 5
4190 909 1
4190 751 5
4190 217 5
4190 5629 1
4190 313 5
4190 1374 2
4190 744 5
4190 312 5
4190 728 1
4190 4891 5
4190 3658 3
4190 677 5
4190 3435 5
4190 678 5
4190 1263 5
4190 196 3
4190 1691 4
4190 5007 4
4190 3263 5
4190 1275 1
4190 5080 5
4190 7800 5
4190 6884 5
4190 277 5
4190 10976 5
4190 3765 4
4190 1779 3
4191 5639 1
4191 9739 4
4191 2000 5
4192 766 4
4192 728 3
4192 5428 5
4192 5052 5
4192 5735 4
4192 1774 3
4193 766 5
4193 1243 5
4193 276 5
4193 196 5
4193 1395 5
4193 695 5
4193 196 5
4194 1032 5
4194 2461 5
4194 1259 5
4194 1498 5
4194 928 5
4194 945 5
4194 4982 5
4194 1248 5
4194 6954 5
4194 2964 5
4194 705 5
4194 6065 5
4194 10745 4
4194 4367 5
4194 83 5
4194 100 5
4194 10761 5
4194 3356 4
4194 4519 5
4194 4513 2
4194 8646 5
4194 153 5
4194 64 5
4194 3352 5
4194 425 5
4194 1902 5
4194 3294 3
4194 128 5
4194 4567 2
4195 6277 4
4195 564 4
4195 11517 4
4195 4252 5
4195 11135 4
4195 4337 5
4195 1903 5
4195 5534 5
4195 4289 3
4195 565 5
4196 196 5
4196 710 4
4196 4515 4
4196 309 4
4196 3485 4
4196 1332 4
4196 1343 4
4196 9284 3
4196 1637 4
4196 5640 4
4196 9427 4
4196 1682 5
4197 1395 4
4197 196 4
4197 309 3
4197 699 5
4197 738 5
4197 824 4
4197 7549 5
4197 804 5
4197 2088 4
4197 4327 5
4197 4333 5
4197 7663 5
4198 772 5
4198 323 5
4198 738 5
4198 710 5
4198 211 5
4198 732 5
4198 832 5
4198 276 5
4198 762 5
4198 217 5
4198 3122 5
4198 1314 5
4198 4280 5
4198 1275 1
4198 757 5
4198 3555 5
4198 312 1
4198 164 5
4198 712 5
4198 309 5
4198 4184 3
4198 829 5
4198 104 5
4198 6720 5
4198 4912 5
4198 4157 3
4198 4268 4
4198 4706 5
4198 3477 5
4198 1409 1
4198 3498 1
4198 10853 4
4198 2645 3
4198 4028 4
4198 4377 4
4199 3230 5
4199 10357 5
4199 2036 5
4199 3331 5
4199 2091 5
4199 9486 5
4199 5887 4
4199 4069 5
4199 4430 2
4199 9454 5
4199 5617 5
4199 1515 2
4199 9041 2
4200 309 3
4200 9284 5
4200 10365 5
4200 5273 5
4200 3226 1
4200 7060 5
4200 2840 5
4200 9499 2
4200 10171 5
4200 180 5
4200 318 5
4200 4689 5
4200 10693 5
4200 8034 4
4200 7232 5
4201 1277 4
4201 5502 5
4201 10254 4
4201 4641 4
4202 1691 5
4202 288 5
4202 3450 5
4202 104 5
4202 3656 5
4202 196 5
4202 5757 4
4202 258 5
4202 766 5
4202 4114 5
4202 2091 5
4202 712 5
4202 312 5
4202 4129 5
4202 8151 5
4202 909 5
4202 1939 5
4202 2011 5
4202 9578 5
4202 4315 5
4202 8035 5
4202 3761 5
4202 323 5
4202 728 5
4202 5018 5
4202 9165 5
4202 7608 5
4202 1351 5
4202 7743 5
4202 211 5
4202 5925 5
4202 3556 5
4202 745 5
4202 4105 5
4202 4023 5
4202 934 5
4202 4380 5
4202 837 5
4202 3793 5
4202 11092 5
4202 309 5
4202 3263 5
4202 6581 5
4202 3123 5
4202 4072 5
4202 1385 5
4202 734 5
4202 3963 5
4202 4026 5
4202 305 5
4202 824 5
4202 721 5
4203 4820 4
4203 574 1
4203 323 3
4203 313 3
4203 309 3
4203 1260 1
4203 9721 3
4203 4522 4
4203 2153 5
4203 7437 5
4203 824 5
4203 5096 5
4203 894 4
4203 810 4
4204 3166 3
4204 5036 4
4204 3116 5
4204 10130 5
4204 9172 5
4204 1607 3
4204 1515 5
4204 5507 5
4204 10955 5
4204 2095 3
4204 9677 5
4204 5046 5
4204 10427 5
4204 10450 4
4204 5850 4
4204 10245 5
4205 5036 4
4205 1041 5
4205 7956 2
4205 10098 1
4205 4043 4
4205 10320 5
4205 5530 5
4205 7226 3
4205 5540 5
4205 7314 4
4205 10869 5
4205 4202 4
4205 6834 5
4206 2744 5
4206 309 5
4206 309 5
4206 313 5
4206 5658 5
4206 5550 5
4206 5910 3
4206 2751 5
4206 2151 5
4206 323 5
4206 7687 4
4206 149 5
4206 5411 5
4206 8602 5
4206 7712 3
4206 1393 5
4206 7601 5
4206 2754 3
4206 7608 5
4206 4599 5
4206 5435 2
4206 4598 5
4206 7567 4
4206 9487 5
4206 165 5
4206 3672 5
4206 4445 1
4206 5404 5
4206 1583 3
4206 4919 5
4206 4706 3
4206 3825 5
4206 10097 5
4206 5330 5
4206 3450 5
4207 762 5
4207 313 5
4207 1622 4
4208 6766 4
4208 4342 5
4208 8937 4
4208 5833 4
4208 9917 5
4208 740 4
4208 3543 4
4208 493 3
4208 8281 5
4208 1407 5
4208 10231 4
4208 6994 5
4208 3047 5
4208 2555 3
4208 1367 3
4208 8846 5
4208 452 4
4208 3812 5
4208 9916 5
4208 4212 5
4208 2405 4
4209 3556 5
4209 6204 4
4209 6633 4
4209 11264 5
4209 1248 3
4209 8310 5
4210 309 4
4210 727 5
4210 824 5
4210 9909 5
4210 1417 4
4210 2831 5
4210 3556 4
4210 9956 5
4210 6906 5
4210 11135 4
4210 3359 3
4210 4105 4
4210 3514 5
4210 7555 5
4211 5346 5
4211 732 4
4211 3302 4
4211 1417 4
4212 6581 5
4212 4368 2
4212 217 4
4212 309 4
4212 3565 4
4212 4509 5
4212 2996 5
4212 5150 5
4212 5802 5
4213 323 5
4213 7060 3
4213 1322 4
4213 6581 4
4213 9590 5
4213 4414 3
4213 6004 4
4213 5997 4
4213 5000 5
4213 4518 4
4213 4094 4
4213 3149 4
4213 154 4
4213 4370 4
4213 6805 3
4213 3687 4
4213 8167 3
4213 7892 5
4213 5035 4
4213 11669 3
4214 1278 5
4214 7792 3
4214 889 3
4214 10140 4
4214 9322 3
4214 5477 5
4214 2701 5
4214 5266 5
4214 5002 5
4214 3270 5
4214 28 5
4214 4241 5
4214 1955 5
4214 309 5
4214 5937 4
4214 3934 1
4214 4353 5
4214 848 4
4214 10332 5
4214 3226 5
4215 28 5
4215 2755 5
4215 1278 4
4215 8254 3
4215 772 4
4215 6453 4
4215 712 5
4215 1277 5
4215 1716 5
4215 1729 5
4215 4101 5
4215 4873 5
4215 4027 4
4215 309 1
4215 728 1
4215 48 4
4215 2868 5
4215 5004 5
4215 5232 5
4215 4203 4
4216 11206 5
4216 6676 1
4216 3815 5
4216 8317 4
4216 836 1
4216 3810 5
4216 2241 5
4216 2989 1
4216 843 3
4216 2939 5
4216 3828 3
4216 2980 3
4216 2730 3
4216 3910 5
4216 211 5
4216 1277 5
4216 3449 5
4216 9332 5
4216 8091 5
4216 5004 5
4216 728 5
4216 309 2
4216 11459 2
4216 4997 5
4216 891 5
4216 8684 2
4216 3596 3
4216 5253 4
4216 10991 4
4216 2715 5
4216 9811 1
4216 4952 4
4216 2613 3
4216 2729 5
4216 3825 5
4216 10398 4
4216 5213 3
4216 1021 2
4216 10583 5
4216 10003 5
4216 8242 5
4217 4661 5
4217 8839 5
4217 3264 5
4217 4333 4
4217 830 5
4217 8531 4
4217 4781 4
4218 4673 1
4218 3308 3
4218 772 5
4218 196 5
4218 104 5
4218 3562 5
4218 710 5
4218 308 5
4218 610 5
4218 762 5
4218 1774 5
4218 732 5
4218 699 5
4218 3263 5
4218 780 5
4218 1391 5
4218 1773 5
4218 1275 2
4218 728 5
4218 843 5
4218 9506 3
4218 713 1
4218 695 1
4218 1277 5
4218 10234 5
4218 2669 5
4218 727 2
4218 3976 3
4218 7296 5
4218 1050 4
4218 8573 4
4218 8462 5
4219 312 5
4219 323 5
4219 4661 1
4219 4324 5
4219 2831 5
4220 2334 3
4220 807 5
4220 309 5
4220 824 5
4220 4023 5
4221 309 5
4221 3720 5
4221 732 5
4221 4735 5
4221 1050 3
4221 913 5
4221 934 4
4221 8745 5
4221 1509 2
4221 3422 5
4221 1496 3
4221 6332 5
4221 5048 1
4221 8495 4
4221 9771 5
4221 5733 5
4221 8551 5
4221 4690 5
4222 8633 3
4222 10381 4
4222 3252 4
4222 4027 5
4222 4867 3
4222 4335 2
4222 5567 5
4222 1779 4
4222 2696 4
4222 1042 4
4222 4305 4
4222 1902 4
4222 4208 5
4222 3494 4
4222 11284 5
4222 1241 5
4222 728 5
4222 5589 4
4222 5218 3
4222 4694 5
4222 239 2
4222 4065 5
4223 10008 2
4223 4056 4
4223 11566 5
4223 10455 5
4223 6198 4
4223 1515 1
4224 1371 5
4224 9516 4
4224 7634 5
4224 2847 5
4225 211 5
4225 972 5
4225 6201 5
4226 7403 5
4226 5791 4
4226 4527 5
4226 3843 5
4226 6335 3
4226 6651 5
4226 280 4
4226 4238 4
4226 2744 5
4226 4946 4
4226 1939 4
4226 8340 4
4226 11596 4
4226 3265 5
4226 4723 5
4226 4034 3
4226 2145 5
4226 4883 4
4226 306 4
4226 216 4
4226 7472 5
4226 7608 4
4226 9225 5
4226 2931 4
4226 5555 5
4226 5116 5
4226 11554 5
4226 4792 4
4226 3824 4
4226 7446 5
4226 4634 5
4226 1959 4
4226 5018 5
4226 105 5
4226 11419 4
4226 3790 3
4226 1028 5
4226 5330 5
4226 10153 3
4227 8727 2
4227 8367 5
4227 211 4
4227 8304 5
4227 9238 5
4227 6793 4
4227 1598 4
4227 3186 4
4227 8967 3
4227 1578 5
4228 9529 4
4228 9889 2
4228 11621 4
4229 6210 5
4229 4346 5
4229 6398 5
4229 1939 5
4229 3979 5
4229 9266 4
4229 7984 5
4229 4512 5
4229 2146 4
4229 4192 5
4229 1667 5
4229 2744 5
4229 3509 5
4229 1923 5
4229 733 5
4229 857 5
4230 3610 4
4230 323 1
4230 1376 4
4230 9332 5
4230 5377 5
4230 5738 1
4230 11173 5
4230 1403 1
4230 11663 5
4230 4051 4
4230 9024 2
4230 814 5
4230 934 5
4230 5533 5
4230 5370 4
4230 1406 5
4230 10408 2
4230 4634 2
4230 4436 5
4230 9688 4
4231 738 3
4231 2692 5
4231 843 3
4231 727 4
4231 4865 4
4231 656 3
4231 217 4
4231 323 3
4231 2655 4
4231 4377 5
4231 196 3
4231 276 3
4231 309 4
4231 28 3
4231 1332 2
4231 5513 4
4232 6441 4
4232 5788 4
4232 943 3
4232 2701 5
4233 1275 4
4233 217 4
4233 276 3
4233 258 5
4233 288 4
4233 740 4
4233 313 5
4233 309 5
4233 5620 3
4233 2933 5
4233 5018 3
4233 9391 4
4234 4770 2
4234 312 3
4234 741 3
4234 1395 3
4234 710 3
4234 211 5
4234 704 3
4234 728 3
4234 4056 5
4234 309 3
4234 313 3
4234 1001 3
4235 309 4
4235 4459 5
4235 1332 3
4235 5576 3
4235 27 5
4235 4654 5
4236 4374 5
4236 10072 4
4236 10548 5
4237 2093 5
4237 9837 3
4237 5901 4
4237 4501 2
4237 6823 5
4237 5618 5
4237 3640 4
4237 6497 4
4238 5678 3
4238 196 3
4238 9640 4
4239 1316 5
4239 11639 4
4239 11670 5
4240 4655 5
4240 7192 5
4240 104 1
4240 156 5
4240 9404 5
4240 5625 2
4240 3320 5
4240 5901 5
4240 5163 5
4240 4447 2
4240 4215 5
4240 1029 3
4240 9198 5
4241 9854 5
4241 4582 5
4241 11457 3
4241 9852 5
4241 10801 5
4242 7773 4
4242 3917 4
4242 6371 4
4242 4984 4
4242 9782 5
4242 7450 4
4242 8858 5
4242 732 5
4242 3902 5
4242 170 4
4242 11381 5
4242 4296 5
4242 7596 5
4242 5574 5
4243 1410 5
4243 122 3
4243 5819 5
4243 173 4
4243 56 5
4243 3252 5
4243 9194 5
4243 5791 5
4243 2978 4
4243 3402 5
4244 5879 5
4244 323 5
4244 8685 5
4244 10636 1
4244 1328 5
4244 3884 4
4244 287 4
4244 10693 5
4244 312 3
4244 7328 1
4244 1982 4
4244 258 5
4244 9548 4
4244 6036 5
4244 4038 5
4244 7333 2
4244 1316 5
4245 5479 5
4245 740 5
4245 728 5
4245 3606 5
4245 4919 4
4246 609 5
4246 4117 5
4246 309 5
4246 5041 5
4246 6206 5
4247 313 3
4247 728 3
4247 7705 5
4247 309 3
4247 1275 4
4247 5000 5
4248 95 5
4248 3316 5
4248 309 3
4248 8841 4
4249 925 5
4249 728 5
4249 8362 5
4249 11563 5
4249 8257 5
4249 747 5
4249 6373 5
4249 1332 5
4249 190 5
4249 5999 5
4249 3702 5
4249 990 3
4249 9402 5
4249 735 5
4249 7686 5
4249 768 5
4249 10339 5
4249 762 5
4249 4754 5
4249 4072 5
4249 741 5
4249 710 5
4249 740 5
4249 3725 5
4249 726 5
4249 3000 5
4249 3263 5
4249 1939 5
4249 4280 5
4249 732 4
4249 309 5
4249 4007 5
4249 211 5
4249 709 5
4249 4992 5
4249 313 5
4249 9391 4
4250 313 4
4250 323 5
4250 772 1
4250 710 5
4250 104 1
4250 728 4
4250 816 5
4250 706 5
4250 792 5
4250 934 5
4250 762 5
4250 312 3
4250 7253 5
4250 1492 2
4250 3446 5
4250 1607 4
4250 216 2
4250 10269 1
4250 1607 3
4250 5069 3
4251 10772 4
4251 3527 5
4251 10052 4
4251 217 5
4251 2738 5
4251 11500 4
4251 1343 5
4251 6618 3
4251 309 5
4251 9192 5
4251 11530 2
4251 727 4
4251 313 4
4251 323 4
4251 9709 5
4251 2655 1
4251 4080 4
4251 3449 1
4251 2715 5
4251 836 5
4251 728 5
4251 4098 5
4251 2725 5
4251 8003 5
4251 11617 2
4251 4386 5
4251 10702 5
4251 10051 5
4251 4203 5
4251 4044 4
4251 11350 5
4251 10583 4
4251 9559 5
4251 11349 5
4251 9326 5
4251 2095 5
4251 5993 4
4251 5370 5
4252 2060 5
4252 9991 5
4252 1343 5
4252 3449 3
4252 3708 5
4252 1419 3
4252 4535 4
4252 313 4
4252 276 5
4252 9600 5
4252 1275 1
4252 309 5
4252 741 4
4252 7554 5
4252 3000 5
4252 1029 5
4252 7295 5
4252 288 5
4252 211 5
4252 1408 5
4252 323 5
4252 706 5
4252 4745 5
4252 1475 5
4252 728 5
4253 288 5
4253 832 5
4253 913 4
4253 759 4
4254 728 5
4254 9409 4
4254 3264 3
4254 4551 4
4254 9200 5
4255 3533 5
4255 934 5
4255 4069 5
4255 5472 5
4255 992 5
4255 8118 5
4255 4998 5
4255 9488 5
4255 10052 5
4255 5474 5
4255 2735 5
4255 5498 5
4255 3498 5
4256 313 5
4256 1695 5
4256 323 5
4256 991 5
4256 3122 5
4256 104 5
4256 863 1
4256 712 5
4256 258 5
4256 728 5
4256 1260 1
4256 7746 5
4256 726 5
4256 2940 5
4257 3147 5
4257 167 5
4257 5208 4
4257 694 5
4257 4821 3
4257 2932 4
4257 276 5
4257 104 5
4257 9300 5
4257 739 5
4257 759 5
4257 313 5
4257 4417 5
4257 728 5
4257 211 1
4257 2709 5
4257 6381 5
4257 8860 5
4257 1409 1
4257 754 5
4257 862 4
4257 9085 4
4257 308 1
4257 8592 3
4258 27 5
4258 5653 4
4258 11207 5
4258 925 4
4258 4274 5
4258 10799 5
4258 1869 5
4258 8087 1
4258 10100 4
4258 3152 4
4258 9758 5
4258 3765 4
4258 7436 3
4258 5351 5
4258 10131 1
4259 8187 2
4259 8997 5
4259 201 5
4259 7632 5
4259 2145 5
4259 9409 4
4259 4361 2
4259 4987 2
4259 3905 4
4259 7472 4
4259 7548 5
4259 94 4
4259 322 5
4259 7834 4
4259 837 5
4259 312 5
4259 3110 4
4259 308 5
4259 154 5
4259 4935 4
4259 3044 5
4259 5600 5
4259 4964 5
4259 5076 5
4259 5191 5
4259 7977 5
4259 766 4
4259 11671 4
4259 1041 4
4259 2722 4
4259 8455 4
4259 5997 3
4259 11201 5
4259 3782 5
4260 5220 5
4260 5018 3
4260 1409 4
4260 706 1
4260 759 3
4260 764 3
4260 312 1
4260 1267 5
4260 1432 1
4260 8286 4
4260 164 5
4260 8260 5
4260 7490 2
4260 8258 1
4260 5512 5
4260 3619 4
4260 1097 4
4260 3852 3
4260 1721 5
4260 943 5
4260 9024 5
4260 4324 4
4261 8027 5
4261 4176 5
4261 8129 5
4261 4828 5
4261 153 1
4261 8515 5
4261 4131 5
4261 199 4
4261 3721 3
4262 1998 5
4262 1982 5
4262 1418 4
4262 728 5
4262 706 5
4262 3082 3
4262 1813 5
4262 4542 3
4262 764 4
4262 8491 3
4262 1350 4
4262 11668 3
4262 8717 4
4262 5220 5
4262 11341 4
4262 10383 5
4262 3881 3
4262 2090 5
4263 323 5
4263 2934 5
4263 276 5
4263 738 4
4263 312 5
4263 9090 5
4263 843 5
4264 6457 4
4264 142 5
4264 855 5
4264 7461 4
4264 4454 5
4264 2827 3
4264 5248 3
4264 1765 5
4264 9591 5
4264 9711 5
4264 4311 4
4264 9689 5
4264 293 5
4264 5430 5
4264 1435 5
4264 3918 4
4264 1049 4
4264 9763 4
4265 4243 1
4265 4673 1
4265 3708 5
4265 309 5
4265 3672 5
4265 9126 1
4265 3173 4
4265 11286 5
4265 11639 4
4265 1340 4
4266 8240 5
4266 3606 5
4266 196 5
4266 4981 5
4266 699 5
4266 4715 5
4267 4046 5
4267 772 5
4267 288 5
4267 759 5
4267 104 1
4267 196 5
4267 211 5
4267 312 4
4267 11386 4
4267 4461 5
4267 271 4
4268 991 5
4268 1765 4
4268 9516 2
4268 11111 4
4269 839 5
4269 11323 5
4269 1332 3
4270 4745 5
4270 728 5
4270 5656 5
4270 5633 5
4270 4673 2
4271 1403 1
4271 196 3
4271 1029 5
4271 732 5
4271 7783 4
4271 5901 5
4271 4795 4
4272 5005 5
4272 3796 5
4272 1959 5
4272 7608 4
4272 1755 5
4272 6845 5
4272 9225 5
4272 8578 4
4272 5353 4
4272 5370 5
4272 4789 2
4272 211 4
4272 8388 4
4272 4585 4
4272 2715 4
4273 5064 1
4273 104 5
4273 1395 5
4273 699 5
4273 5066 5
4273 1355 1
4273 132 4
4273 5040 4
4273 2144 5
4273 4916 3
4273 4700 4
4274 867 4
4274 1604 4
4274 9362 4
4274 7450 5
4274 8912 4
4274 6747 5
4274 7017 4
4275 2088 4
4275 7847 5
4275 803 4
4275 1757 5
4275 7627 5
4275 8198 2
4275 5091 5
4275 11394 1
4275 7663 4
4275 4181 5
4275 793 4
4275 7610 5
4276 827 5
4276 196 5
4276 3270 5
4276 1260 2
4276 3373 2
4276 4949 5
4276 9371 5
4277 8098 3
4277 1317 4
4277 2294 4
4277 5083 2
4277 4552 3
4277 4781 5
4277 409 4
4277 4521 4
4277 2091 5
4277 27 5
4277 9313 5
4277 1403 1
4277 7574 4
4278 837 5
4278 196 4
4278 3533 4
4278 4417 5
4278 5421 4
4278 4776 5
4278 3883 5
4278 5800 5
4279 9383 4
4279 3000 5
4279 4496 5
4279 196 5
4279 4262 5
4279 5039 4
4279 5681 4
4279 3627 3
4279 10254 4
4280 9514 5
4280 8350 5
4280 5004 4
4280 3184 4
4280 3263 5
4280 4808 5
4281 4261 4
4281 9974 5
4281 5837 5
4281 2257 5
4282 7014 5
4282 762 5
4282 6210 5
4282 772 5
4282 5724 3
4282 523 4
4282 11561 2
4282 706 5
4282 2918 4
4282 9224 5
4282 10962 4
4282 2997 3
4282 11524 4
4282 702 5
4282 4495 5
4282 3374 4
4282 2635 4
4282 473 2
4282 312 3
4282 6939 3
4282 1096 4
4282 8091 4
4282 732 5
4282 8298 5
4282 11469 4
4282 9885 3
4282 7965 4
4282 1395 3
4282 4157 3
4282 1637 3
4282 2989 1
4282 9529 5
4282 3143 2
4282 4382 4
4282 6875 5
4282 2214 4
4282 9145 5
4282 5050 4
4282 11275 5
4282 9144 5
4282 6480 5
4282 9198 5
4282 7712 5
4282 5428 5
4282 3352 4
4282 500 4
4282 6001 2
4282 9544 5
4282 5703 5
4282 8337 3
4282 8336 4
4282 7873 4
4282 9134 5
4282 2244 4
4282 9136 4
4282 5704 3
4282 4488 4
4282 11173 5
4282 11174 5
4282 7328 4
4282 3541 4
4282 5811 4
4282 2718 2
4282 2095 5
4282 11508 4
4282 830 5
4282 11531 5
4282 4154 2
4282 10258 4
4282 3827 2
4282 4019 3
4282 3146 4
4282 3778 3
4282 5359 5
4282 3797 3
4282 9296 4
4282 2928 5
4282 3878 5
4282 9394 3
4282 5557 3
4282 990 3
4282 10949 5
4282 7546 3
4282 1876 4
4282 2648 5
4282 1192 4
4282 11145 5
4282 9235 5
4282 3869 4
4282 455 5
4282 4850 5
4282 2993 2
4282 3606 4
4282 422 2
4282 484 4
4283 7141 5
4283 709 5
4283 3136 4
4283 8220 2
4283 6784 5
4284 3796 5
4284 10201 2
4284 3952 5
4284 7331 5
4285 10429 4
4285 5368 4
4285 10248 5
4285 4634 4
4285 5498 4
4285 3606 4
4285 10786 5
4285 10345 5
4285 10755 4
4285 3861 5
4285 9138 5
4285 3738 5
4285 969 4
4285 3796 5
4285 10995 3
4285 3478 5
4285 3623 5
4285 8429 5
4286 3290 5
4286 3829 5
4286 836 1
4286 211 5
4286 1393 3
4286 8362 4
4286 10399 2
4286 4785 1
4286 979 1
4286 934 5
4286 4804 5
4286 8737 5
4286 9799 4
4286 1344 5
4286 8033 5
4286 952 3
4286 3606 2
4286 8362 5
4286 9670 5
4286 4634 4
4286 1349 5
4286 1457 5
4287 2669 5
4287 4715 3
4287 24 5
4287 7449 2
4287 5430 4
4287 8987 3
4287 11228 3
4287 6426 5
4287 1406 5
4287 301 5
4287 917 3
4287 4825 4
4287 2152 4
4287 900 5
4287 967 3
4287 8505 3
4287 952 4
4287 10892 4
4287 3613 5
4287 6224 4
4287 1099 4
4287 6587 5
4287 10032 3
4287 3884 4
4287 10664 4
4287 4676 5
4287 8520 4
4287 9951 5
4287 8978 5
4287 9411 3
4287 50 4
4287 8603 4
4287 10901 3
4287 978 5
4287 10649 5
4287 8815 3
4287 1047 5
4287 7579 5
4287 39 5
4287 30 4
4287 5815 3
4287 4759 4
4287 906 4
4287 10807 4
4287 6332 3
4287 10112 5
4287 1585 5
4287 4637 5
4287 8635 5
4287 11399 1
4287 11404 3
4287 4717 5
4287 2499 3
4287 9997 3
4287 3194 5
4287 814 3
4287 5397 4
4287 93 5
4287 1028 5
4287 9735 4
4287 53 4
4287 9613 4
4287 6077 4
4287 298 5
4287 11306 5
4287 285 4
4287 944 4
4287 4292 4
4287 1050 4
4287 10533 4
4287 3820 5
4287 7487 4
4287 7505 3
4287 5377 4
4287 6397 2
4287 934 5
4287 3881 4
4287 9597 5
4287 4489 4
4287 124 4
4287 140 4
4287 11125 4
4287 294 4
4287 200 5
4287 7458 4
4287 7466 5
4287 7463 5
4287 5000 5
4287 239 4
4287 1607 5
4287 3949 1
4287 5997 4
4287 11054 4
4287 327 5
4287 4935 4
4287 4395 3
4287 5048 5
4287 4135 5
4287 4135 5
4287 3949 3
4287 11038 4
4287 5301 5
4287 3886 5
4287 5228 5
4287 9619 5
4287 5228 5
4288 8782 4
4288 931 3
4288 10997 5
4288 11326 4
4288 9624 5
4288 9315 5
4288 2701 5
4288 3480 5
4288 3144 5
4288 6707 4
4288 8634 3
4288 3878 5
4288 8455 5
4288 1241 5
4288 1086 5
4288 10127 2
4288 8800 2
4288 3146 5
4288 1101 2
4289 5058 5
4289 11470 3
4289 10443 5
4289 9099 5
4289 2329 4
4289 1629 5
4289 5318 2
4289 4735 5
4289 1067 4
4289 4888 5
4289 4735 5
4289 9099 5
4289 10602 5
4289 9212 1
4289 10486 5
4289 10172 4
4289 2722 4
4289 958 5
4289 998 5
4289 11116 1
4289 11058 5
4289 8469 5
4290 974 2
4290 2095 3
4290 11453 4
4290 10812 4
4290 9189 1
4290 3717 4
4290 5110 4
4290 11312 5
4290 5168 1
4290 954 1
4290 4565 1
4290 9094 3
4290 8505 1
4290 952 1
4290 3875 2
4290 5123 4
4290 10670 4
4290 4135 3
4290 5816 3
4290 1515 2
4290 3954 4
4290 11412 2
4290 1425 4
4290 9759 5
4290 5607 2
4290 10179 2
4290 10120 4
4290 9874 4
4290 8722 5
4290 10948 3
4290 3108 4
4290 6573 1
4290 10831 5
4290 6000 1
4290 11489 2
4290 6682 2
4290 10481 4
4290 2558 5
4290 10755 4
4290 3615 3
4290 11672 4
4290 5597 3
4291 8248 3
4291 2752 4
4291 10233 5
4291 1021 2
4291 2642 5
4291 11378 3
4291 8074 4
4291 5780 4
4291 10520 5
4291 9422 4
4291 10577 4
4291 8236 4
4292 4673 2
4292 1501 1
4292 1060 4
4292 5833 5
4292 4929 5
4292 1329 4
4292 4699 3
4292 5136 5
4292 143 5
4292 2252 5
4292 3800 5
4292 4917 5
4292 8115 5
4292 8351 5
4292 11325 4
4292 5653 4
4292 9411 3
4292 5408 4
4292 3906 2
4292 10505 5
4292 5539 5
4292 10958 4
4292 1029 5
4293 9560 5
4293 10755 5
4293 11150 5
4293 946 5
4293 4834 5
4293 4634 5
4293 11169 5
4294 9860 5
4294 8115 5
4294 4212 5
4294 2648 4
4294 7746 4
4294 574 1
4294 947 3
4294 5742 5
4294 5226 4
4294 805 5
4294 1365 5
4294 5246 5
4294 1041 5
4294 11292 5
4294 6923 5
4294 8765 2
4294 5183 2
4294 992 2
4294 2742 5
4294 1516 5
4294 8248 5
4294 5058 1
4294 10397 4
4294 3659 4
4294 459 5
4294 9678 1
4294 9848 5
4294 9855 4
4294 7568 5
4295 3949 4
4295 10334 4
4295 4783 5
4295 11371 4
4295 11205 5
4295 3918 4
4295 7548 4
4295 3785 5
4296 3801 5
4296 900 5
4296 2712 5
4296 2618 1
4296 10221 2
4296 11024 4
4296 11436 3
4297 5495 5
4297 11435 5
4297 8370 5
4297 2263 4
4297 2906 4
4297 10900 5
4297 3106 5
4297 5522 5
4298 10033 2
4298 8516 5
4298 4094 5
4298 3687 5
4298 5539 5
4298 153 5
4298 3110 5
4298 9133 5
4298 4935 5
4298 143 5
4298 10030 5
4298 895 5
4298 327 5
4298 1049 3
4298 4958 5
4298 1515 5
4298 4829 5
4298 2847 5
4298 4002 5
4298 1029 3
4298 61 4
4298 4015 4
4298 56 5
4298 5163 5
4298 300 5
4299 2733 4
4299 3579 5
4299 3869 4
4299 5833 5
4299 1054 5
4299 3626 5
4299 934 5
4299 8242 4
4299 4949 5
4300 9270 5
4300 108 5
4300 4426 4
4300 10183 4
4300 4917 2
4300 5397 5
4300 3949 2
4301 9741 5
4301 989 5
4301 994 5
4301 906 5
4301 5059 5
4301 1450 4
4301 11673 5
4301 9665 5
4301 3796 5
4301 8549 5
4301 3085 5
4301 4409 2
4301 9103 5
4301 4935 5
4301 9563 1
4301 2010 3
4301 8946 5
4301 5226 4
4301 4643 3
4301 4642 5
4301 4917 3
4301 2700 3
4301 858 5
4301 11357 4
4301 10227 5
4301 3751 5
4302 10118 5
4302 4834 5
4302 10330 5
4302 1444 5
4302 4897 5
4302 9877 3
4302 10478 5
4302 5368 5
4302 40 5
4302 1067 5
4302 4019 5
4302 2262 5
4302 4634 5
4302 1060 5
4302 1002 5
4302 2702 5
4302 8432 5
4302 1059 5
4302 3913 5
4302 10459 5
4302 7588 5
4302 3421 5
4302 11648 5
4302 1049 5
4302 8722 5
4302 3796 5
4302 857 5
4302 9220 2
4302 993 5
4302 990 5
4302 327 5
4302 9345 5
4302 10895 4
4302 9137 5
4302 1032 5
4302 1048 5
4302 3422 5
4302 9745 2
4302 4965 5
4303 7760 1
4303 1515 5
4303 3768 1
4303 3801 1
4303 9210 1
4303 1042 5
4303 4135 5
4304 6865 4
4304 10021 4
4304 5474 5
4304 9447 3
4304 5048 2
4304 5492 5
4304 992 3
4304 5537 5
4304 9617 4
4304 1462 4
4304 10825 5
4304 3905 4
4304 7976 5
4304 10388 4
4304 1404 4
4304 994 4
4304 3744 5
4304 8248 5
4304 1450 5
4304 2749 3
4305 2854 5
4305 11668 1
4305 4971 3
4305 4314 4
4306 3282 4
4306 3750 3
4306 10031 5
4306 10494 4
4306 1607 4
4306 11048 4
4306 8957 5
4306 8634 4
4306 4784 5
4306 4399 4
4306 1003 4
4306 327 3
4306 2005 5
4306 4878 4
4306 10021 4
4306 3731 4
4306 3783 4
4306 3444 4
4306 4049 3
4306 934 5
4306 184 1
4306 5781 4
4306 9866 3
4306 10996 5
4306 5489 3
4307 9937 5
4307 4238 4
4307 10635 3
4307 10117 5
4307 10541 5
4307 8785 5
4307 10081 4
4307 1921 4
4307 1779 4
4307 10753 4
4308 1921 5
4308 4925 4
4308 8313 5
4308 10585 5
4309 4627 5
4309 4197 5
4309 5716 5
4310 8993 1
4310 2453 5
4310 3294 1
4310 4568 2
4310 3385 4
4310 3617 5
4310 5220 4
4310 6332 5
4310 977 4
4311 323 5
4311 2305 5
4311 222 5
4311 1316 5
4311 857 4
4311 1360 5
4312 9428 5
4312 1395 4
4312 310 5
4312 3000 5
4312 1699 5
4312 288 3
4312 5061 5
4312 740 3
4312 309 3
4312 1718 5
4312 5384 5
4312 3255 5
4313 4262 5
4313 3000 5
4313 5951 5
4313 728 4
4313 11350 5
4313 1982 5
4313 3741 5
4313 7470 5
4314 196 1
4314 323 1
4314 843 5
4314 753 5
4314 8296 4
4314 1385 3
4314 1743 4
4314 5979 5
4314 258 1
4314 1997 5
4314 2718 4
4314 5806 5
4314 1419 1
4314 24 4
4314 4886 5
4314 4874 4
4314 113 5
4314 1332 5
4314 2363 4
4314 1274 5
4314 9219 5
4314 3856 3
4314 10752 5
4314 4965 5
4314 5548 4
4315 9144 5
4315 6372 3
4315 11275 5
4315 258 5
4315 2697 4
4315 3606 4
4315 9745 4
4315 2194 4
4315 3861 5
4315 11653 5
4315 7349 4
4315 1429 5
4315 7712 5
4315 1510 5
4315 9889 4
4315 11019 5
4315 3596 4
4315 842 5
4315 9544 4
4315 6548 5
4315 9533 4
4315 6480 5
4315 4488 5
4315 9137 5
4315 11173 5
4315 867 4
4315 9532 5
4315 9136 5
4316 837 3
4316 5644 4
4316 1682 3
4316 780 4
4316 1274 3
4317 5831 4
4317 9094 3
4317 11127 2
4318 1767 5
4318 1414 1
4318 728 5
4318 9573 5
4318 3763 5
4318 1332 4
4319 4816 5
4319 3052 4
4319 1332 4
4319 3125 5
4319 5513 5
4319 1503 5
4319 759 5
4319 722 5
4319 857 4
4319 909 1
4319 2745 5
4319 7140 5
4319 4603 5
4319 1277 5
4319 7153 5
4320 9223 4
4320 1387 5
4320 10045 3
4320 4533 5
4320 7112 1
4320 8571 2
4320 10745 2
4320 780 3
4320 1403 2
4320 196 3
4320 5041 5
4320 5520 5
4320 1403 1
4320 3252 5
4320 1275 1
4320 6141 4
4321 5627 2
4321 1607 1
4321 4044 3
4321 8453 4
4322 4445 5
4322 4296 5
4322 185 5
4323 6141 5
4323 3505 5
4323 10011 5
4323 9491 4
4323 5520 5
4324 6649 5
4324 3728 5
4324 1361 4
4324 4919 5
4324 7305 3
4325 7551 5
4325 4441 5
4325 5179 5
4325 5675 5
4325 7833 5
4325 305 3
4325 710 5
4325 70 4
4325 11381 5
4325 740 3
4325 699 5
4325 3476 5
4325 4309 5
4325 1403 1
4325 4658 5
4325 4610 5
4325 7555 5
4326 9140 5
4326 11365 4
4326 3913 5
4326 5371 5
4326 5468 5
4326 11029 5
4326 10032 4
4326 5042 4
4326 638 5
4326 6041 5
4326 4965 5
4326 6550 5
4326 3275 5
4326 7865 5
4326 8493 3
4326 10321 5
4326 11429 5
4326 6019 5
4326 4135 5
4326 845 4
4326 5495 4
4326 9493 5
4327 1403 1
4327 196 5
4327 737 4
4327 4071 4
4327 684 4
4327 10552 5
4327 312 5
4327 706 5
4327 656 3
4327 728 3
4327 5837 4
4327 3525 5
4327 5069 5
4327 43 5
4327 9533 5
4327 5087 4
4328 1515 1
4328 3084 3
4328 4634 3
4328 3449 5
4329 276 5
4329 309 5
4329 9729 5
4329 3359 4
4329 1949 5
4329 8151 5
4329 3435 5
4330 1004 5
4330 5639 5
4330 4520 5
4330 8817 5
4330 891 5
4330 8631 5
4330 5135 2
4331 276 5
4331 323 4
4331 2048 4
4331 2925 4
4331 694 5
4331 3331 5
4331 2975 5
4331 2910 5
4331 174 5
4331 313 3
4331 2655 5
4331 5639 5
4331 7930 4
4331 217 3
4331 3084 4
4331 5486 4
4331 456 5
4331 4359 4
4331 7946 5
4331 8041 4
4331 1923 4
4331 4818 3
4331 8754 5
4331 4541 5
4332 5285 4
4332 5034 4
4332 1001 3
4332 2499 3
4332 334 4
4332 997 5
4333 728 3
4333 829 4
4333 196 5
4333 7719 4
4333 8924 4
4333 656 3
4333 1041 3
4333 884 4
4334 7449 4
4334 5486 4
4334 4987 4
4334 1833 4
4334 10941 5
4335 9469 4
4335 5592 5
4335 6049 5
4335 5026 4
4335 11629 4
4335 3439 5
4336 6581 5
4336 9524 5
4336 1754 5
4336 75 4
4336 7524 4
4336 4242 4
4337 313 5
4337 8453 5
4337 8800 5
4337 7246 5
4337 10806 4
4337 1028 5
4337 1329 4
4338 6552 5
4338 650 5
4338 8359 5
4338 11272 5
4338 695 5
4339 4491 5
4339 3057 5
4339 3329 5
4339 5306 5
4339 313 5
4339 8892 5
4339 5797 5
4339 196 4
4339 276 5
4339 5791 5
4339 4792 3
4339 8762 5
4339 4558 5
4339 762 5
4339 9426 5
4339 772 3
4339 6562 5
4339 9714 4
4339 3505 5
4339 11286 5
4339 8586 4
4339 8091 5
4339 4949 5
4339 1501 5
4339 3596 5
4339 3870 5
4339 11004 5
4339 5319 5
4339 8372 5
4339 4588 1
4339 3606 5
4339 5438 5
4339 909 1
4339 10196 5
4339 3446 5
4339 1407 5
4339 11504 4
4339 7760 5
4339 10945 4
4339 2168 5
4339 3952 5
4339 9196 3
4339 3420 5
4339 4033 5
4339 3056 5
4339 3863 4
4339 3950 5
4339 10795 5
4339 5468 5
4339 5460 5
4340 1075 3
4340 10252 5
4340 11319 3
4340 857 5
4340 3949 3
4340 9696 5
4340 10272 5
4341 4818 5
4341 4548 4
4341 4954 3
4341 1332 5
4341 3344 5
4341 974 3
4341 3805 2
4341 5704 5
4341 3834 4
4341 11429 4
4341 4558 5
4341 10469 5
4341 9851 5
4341 3155 5
4341 10273 5
4341 3940 5
4341 10867 5
4341 5493 3
4341 3953 5
4341 5355 4
4341 1429 5
4341 904 2
4341 9488 2
4341 5200 5
4341 10864 3
4341 2670 5
4341 9393 5
4341 10920 4
4341 979 4
4341 1498 4
4341 9838 5
4341 6932 4
4341 4634 4
4341 4785 4
4341 7683 4
4341 9981 4
4341 4526 4
4341 999 3
4341 4625 4
4341 9087 3
4341 3797 5
4341 3623 4
4341 8349 5
4341 3718 4
4341 1357 3
4341 11271 4
4341 5327 4
4341 6380 2
4341 1003 2
4341 2095 5
4341 1083 4
4341 3782 5
4341 5239 1
4341 9827 5
4341 10247 2
4341 10727 3
4341 934 5
4341 9395 5
4341 5531 5
4341 11400 5
4341 5464 2
4341 10753 4
4341 9741 2
4341 3874 3
4341 3762 5
4341 1003 4
4341 3904 4
4341 5130 5
4341 9459 4
4341 5492 3
4341 3881 2
4341 3208 4
4341 10634 3
4341 4135 4
4341 9671 4
4341 11283 5
4342 4917 4
4342 9833 5
4342 239 4
4342 6774 5
4342 5733 4
4342 5471 5
4342 9443 4
4342 10992 5
4342 846 5
4342 6618 5
4342 934 5
4342 1905 5
4342 5370 5
4342 1510 5
4342 7475 5
4342 1329 5
4342 6141 5
4342 10753 5
4342 1959 5
4342 10563 5
4342 9153 5
4342 2690 4
4342 1077 5
4342 5529 5
4342 1099 4
4342 7188 5
4342 4787 5
4342 6039 5
4342 2616 5
4342 3756 4
4342 3824 3
4342 995 5
4342 10544 3
4342 3621 4
4342 6638 4
4342 3749 5
4342 4965 5
4342 860 5
4342 11603 3
4342 11325 5
4342 1509 3
4343 4203 5
4343 5447 5
4343 917 5
4343 9848 5
4343 11649 3
4343 3891 4
4343 1526 5
4343 2095 5
4343 1506 5
4343 5368 5
4343 11147 5
4343 4590 5
4343 9488 5
4344 1329 4
4344 7098 5
4344 2745 5
4344 3796 5
4344 10559 5
4344 1985 3
4344 8747 2
4344 742 3
4344 8351 4
4344 4815 3
4344 5597 5
4344 2719 5
4344 3621 4
4344 4879 4
4344 8284 4
4344 6994 5
4344 3748 4
4344 1481 2
4344 3577 3
4344 830 3
4345 10026 5
4345 8761 5
4345 5293 1
4345 1365 5
4345 1357 5
4345 3884 4
4345 9210 1
4345 5550 4
4345 3717 5
4345 4673 1
4345 2827 5
4345 9623 5
4346 9458 4
4346 7374 5
4346 9322 5
4346 5545 5
4346 10272 5
4346 857 5
4347 3580 5
4347 979 4
4347 5239 5
4347 4299 3
4347 9671 4
4347 9485 4
4347 10031 5
4347 1870 1
4347 1029 5
4347 1501 3
4347 747 3
4347 913 5
4347 3777 1
4347 897 3
4347 928 4
4347 895 5
4347 7920 5
4347 1521 1
4347 10227 1
4347 3869 4
4348 11353 5
4348 309 4
4348 9145 5
4348 1755 5
4348 104 4
4348 9485 1
4348 3897 4
4348 2095 5
4348 2715 5
4348 832 4
4348 5419 3
4348 288 4
4348 732 4
4348 1275 4
4348 679 5
4348 4044 3
4348 1395 4
4348 5370 4
4348 772 5
4348 829 5
4348 792 5
4348 762 5
4348 4792 5
4348 9544 4
4348 6936 3
4348 759 5
4348 3594 4
4348 276 4
4348 323 4
4348 313 5
4348 3123 5
4348 211 4
4348 5005 4
4348 312 4
4348 740 5
4348 5330 4
4348 5002 4
4348 2667 3
4349 753 5
4349 780 4
4349 4487 3
4349 1412 4
4349 6639 4
4349 8711 4
4349 5768 2
4349 2989 1
4349 4834 5
4349 9874 3
4349 7679 4
4349 139 5
4349 8244 5
4349 11274 3
4349 1335 4
4349 2245 5
4350 11421 1
4350 739 1
4350 8762 5
4350 3944 4
4350 832 2
4350 5640 1
4351 4248 4
4351 2552 5
4351 3146 5
4351 104 5
4351 4936 4
4351 3979 5
4351 3696 3
4351 8286 4
4351 832 4
4351 710 5
4351 3959 5
4351 288 4
4351 3728 5
4351 4258 4
4351 1408 5
4351 4829 4
4351 7938 5
4351 323 4
4351 1902 5
4351 313 5
4351 1403 4
4351 3667 5
4351 1637 5
4352 5751 1
4352 10565 4
4352 1939 5
4352 1335 2
4352 3556 5
4352 4297 4
4352 7630 5
4352 751 2
4352 240 3
4352 4821 4
4352 3601 2
4352 5002 4
4352 296 5
4353 828 5
4353 11490 5
4353 1506 5
4354 728 4
4354 309 3
4354 1268 4
4355 2005 5
4355 1876 5
4355 154 5
4355 2701 5
4355 1070 5
4356 735 5
4356 712 5
4356 842 5
4356 732 5
4356 5279 2
4356 6461 3
4356 5620 4
4356 104 2
4356 11558 5
4356 9307 5
4356 4297 5
4356 258 5
4356 10016 5
4356 7887 5
4356 6581 4
4356 4149 5
4356 312 5
4356 313 4
4356 8111 5
4356 8198 5
4356 5041 2
4356 3230 4
4356 7773 5
4356 5220 5
4357 762 2
4357 8386 5
4357 1355 4
4357 196 1
4357 9563 2
4357 829 1
4357 323 5
4357 1321 3
4357 3316 5
4357 211 5
4357 6907 5
4357 288 5
4357 704 5
4357 2048 5
4357 3439 4
4357 1275 1
4357 4681 2
4357 309 5
4357 3313 5
4357 5518 5
4357 4098 5
4357 824 3
4357 1422 1
4357 3449 3
4357 7561 4
4357 6515 5
4357 258 5
4357 3298 4
4357 827 5
4357 9172 4
4357 4634 4
4357 153 5
4357 4709 4
4357 3901 5
4357 5822 2
4357 1029 5
4357 8286 4
4358 8596 5
4358 728 3
4358 5015 5
4358 3602 5
4358 309 3
4358 8034 5
4358 9323 1
4358 2714 5
4358 4610 4
4358 4930 3
4358 7555 5
4358 6141 5
4359 5783 3
4359 222 5
4359 1274 5
4359 1939 5
4359 832 5
4359 1629 5
4359 1316 5
4359 312 3
4359 320 5
4359 4117 5
4359 5002 4
4360 5901 5
4360 5220 4
4360 1029 5
4361 59 5
4361 2996 5
4361 196 4
4361 3263 5
4361 1939 5
4361 1412 5
4361 288 3
4361 312 5
4362 280 2
4362 3194 5
4362 8198 4
4363 5164 4
4363 9108 1
4363 7712 3
4363 309 4
4363 196 4
4363 2701 4
4363 5570 4
4363 3861 3
4363 9834 4
4363 5837 4
4363 5468 5
4363 9848 4
4363 4417 5
4363 5355 5
4363 6480 4
4363 9144 4
4364 840 5
4364 1403 1
4364 2555 3
4364 2412 5
4364 5015 3
4364 9172 4
4365 728 5
4365 4868 5
4365 4802 5
4366 862 5
4366 1518 5
4366 934 5
4367 2624 5
4367 224 5
4367 3146 5
4367 3856 4
4367 5359 5
4367 900 5
4367 3952 5
4367 11062 5
4367 990 5
4367 9135 5
4367 11439 5
4367 10439 5
4367 10954 4
4367 9992 4
4367 8429 2
4367 3943 5
4367 758 4
4367 7594 4
4367 2019 4
4367 906 5
4367 3830 4
4367 5307 5
4367 10058 5
4367 11369 5
4367 10867 5
4367 11368 4
4367 3796 5
4367 934 5
4367 11674 5
4367 9671 4
4367 3950 4
4367 10032 3
4367 5377 4
4367 5497 5
4367 3808 4
4367 8336 5
4367 7331 4
4367 5355 4
4367 10917 4
4367 9877 3
4367 9845 5
4367 857 5
4367 1526 5
4368 7510 5
4368 2637 5
4368 71 5
4368 9039 5
4368 6698 5
4368 3891 4
4368 10122 2
4368 10615 5
4368 8063 5
4368 814 4
4368 4790 4
4368 7507 5
4368 11675 4
4368 2701 3
4368 3782 5
4368 8277 3
4368 1349 4
4368 11313 2
4368 8949 3
4368 1375 1
4368 6618 4
4368 6770 4
4368 1097 5
4368 11217 5
4368 1522 4
4369 8743 5
4369 313 5
4369 728 5
4369 312 4
4369 323 5
4369 1456 1
4369 6666 4
4369 1458 5
4369 726 5
4369 5572 5
4369 9638 5
4369 1403 3
4369 741 5
4369 5240 2
4369 309 5
4369 712 5
4369 3849 2
4370 7253 5
4370 288 4
4370 1620 5
4370 177 5
4370 1395 5
4370 309 5
4370 8958 4
4371 10320 5
4371 4355 5
4371 8802 2
4371 9699 4
4371 4416 5
4371 4866 5
4371 1316 5
4371 4117 5
4372 514 5
4372 7405 5
4372 9211 5
4372 323 5
4372 10476 1
4372 712 5
4372 739 3
4372 3607 4
4372 723 4
4372 10187 4
4372 4165 4
4372 309 5
4372 4065 5
4372 1382 5
4372 756 3
4372 2730 5
4372 2727 5
4372 2904 5
4372 5800 5
4372 10515 4
4372 5572 5
4372 3596 5
4372 10038 3
4372 3834 5
4372 1241 5
4372 4062 5
4372 4411 4
4372 10954 5
4373 6622 4
4373 9610 5
4373 3446 3
4374 9362 5
4374 1276 4
4374 2044 5
4374 3964 4
4374 7165 5
4374 7632 4
4374 1735 4
4374 4365 3
4374 2744 5
4374 2947 5
4374 24 5
4374 4203 4
4374 10694 4
4375 5996 4
4375 1764 5
4375 9292 5
4376 4192 5
4376 3263 5
4376 312 5
4377 323 5
4377 712 5
4377 309 5
4377 9269 5
4377 222 4
4377 1360 4
4377 1403 1
4378 9413 5
4378 4274 4
4378 4280 5
4378 4467 5
4378 4496 5
4378 3000 5
4378 2996 5
4378 4420 4
4379 3256 5
4379 5925 5
4379 10864 4
4380 258 5
4380 278 1
4380 3720 5
4380 7232 4
4380 5150 4
4380 896 1
4380 4045 4
4380 6399 4
4380 309 5
4380 2091 3
4380 288 5
4380 4933 5
4380 7568 5
4380 790 5
4380 4333 4
4380 5997 4
4380 5441 2
4381 5513 5
4381 728 3
4381 313 4
4382 7415 1
4382 4138 5
4382 5043 5
4382 2230 5
4383 5206 2
4383 8129 5
4383 9030 4
4383 8055 4
4383 3960 3
4383 4159 5
4383 8597 4
4383 1403 1
4383 694 5
4384 4323 4
4384 4129 4
4384 1403 1
4384 4215 5
4384 1263 5
4384 3084 4
4384 832 4
4384 919 5
4385 5331 5
4385 10269 5
4385 9808 4
4385 7548 3
4385 9726 4
4385 6374 4
4385 11270 4
4386 4007 5
4386 4040 2
4386 112 4
4386 2904 5
4386 5041 3
4386 2701 5
4386 3716 5
4386 5006 4
4386 5466 3
4387 8739 5
4387 5218 5
4387 1604 3
4387 6560 4
4387 8380 5
4387 3720 3
4387 9464 4
4387 5054 1
4388 8804 4
4388 1921 4
4388 8013 4
4388 810 5
4388 9539 4
4388 4933 4
4388 1320 4
4388 4244 5
4388 9152 4
4388 589 4
4388 4928 5
4388 4909 2
4388 953 5
4388 5004 4
4388 9292 5
4388 7560 5
4388 5538 5
4388 6538 4
4389 4413 5
4389 10083 4
4389 9126 2
4389 9322 3
4389 2461 4
4390 5370 5
4390 2100 5
4390 9056 4
4390 313 5
4390 4023 5
4390 699 5
4390 4572 5
4390 27 4
4390 4243 3
4390 4692 5
4390 104 1
4390 1393 5
4390 9978 5
4390 5140 3
4390 323 4
4390 826 4
4390 3084 5
4390 2461 5
4390 1923 5
4390 9506 4
4390 10047 4
4390 2706 1
4390 2244 4
4390 5330 5
4390 2754 5
4390 8778 5
4391 1004 3
4391 5249 4
4391 1607 1
4391 6577 5
4391 3922 4
4391 739 5
4391 9696 5
4391 309 5
4391 5036 3
4391 10355 5
4391 5409 5
4391 9580 5
4392 1754 5
4392 1070 5
4392 5800 5
4392 4114 5
4392 862 5
4392 9714 5
4392 4551 4
4392 5428 5
4392 4782 5
4393 313 5
4393 5766 5
4393 843 3
4393 10278 4
4393 589 5
4393 5788 4
4393 309 3
4394 251 5
4394 728 5
4394 780 5
4394 574 5
4394 309 5
4394 3354 3
4394 10203 5
4394 1274 5
4394 1260 5
4394 4681 5
4394 4277 3
4394 753 5
4395 1515 1
4395 6259 5
4395 3686 1
4396 2489 4
4396 8986 4
4396 3579 5
4396 1280 5
4396 8639 4
4396 7319 5
4396 4431 5
4397 1285 4
4397 5206 4
4397 10543 4
4397 1365 5
4397 9559 4
4397 10453 4
4397 11676 4
4397 1340 4
4397 4617 5
4397 5354 4
4398 3884 5
4398 10294 5
4398 4591 5
4398 5804 5
4398 10995 5
4398 3375 5
4398 3478 5
4398 5819 5
4398 5848 5
4398 9491 5
4398 4162 4
4398 11677 3
4399 5848 4
4399 4383 3
4399 3480 4
4400 10376 5
4400 4627 5
4400 3626 5
4400 832 3
4400 4603 5
4400 2585 5
4400 759 5
4400 8296 5
4400 10198 5
4400 3883 5
4400 306 4
4400 6374 5
4400 9531 5
4401 4587 5
4401 8091 5
4401 6141 5
4401 4155 5
4401 10659 3
4401 9259 5
4401 9494 4
4401 5052 4
4401 11272 4
4401 9837 5
4402 5631 3
4402 9323 4
4402 6049 5
4402 1028 5
4403 104 1
4403 2842 4
4403 309 5
4403 1902 5
4403 5249 4
4403 5617 4
4403 3127 4
4403 1779 4
4403 1754 3
4403 6515 5
4403 9371 5
4403 2936 4
4403 3046 4
4403 4840 3
4403 2634 5
4403 4952 4
4404 9582 5
4404 7465 5
4404 10173 5
4404 5487 5
4405 728 3
4405 723 5
4405 9092 4
4405 9883 4
4405 10702 4
4406 5433 3
4406 832 1
4406 5419 5
4406 4903 4
4406 1277 5
4406 728 3
4406 706 1
4406 1300 2
4406 196 4
4406 829 5
4406 47 5
4407 8027 5
4407 11230 5
4407 3633 5
4408 1275 1
4408 574 1
4408 10559 4
4408 1313 1
4409 312 5
4409 3834 3
4409 2333 5
4409 10940 3
4409 5735 5
4409 8474 5
4409 2714 5
4409 9371 4
4409 4551 2
4409 2634 4
4409 7480 4
4409 1416 5
4409 6456 4
4409 1637 5
4410 1350 4
4410 2724 4
4410 211 5
4410 3817 4
4410 3184 5
4410 10338 4
4411 706 3
4411 2461 4
4411 780 3
4411 5327 5
4411 1902 5
4411 9395 5
4411 10105 4
4411 309 5
4411 276 5
4411 313 3
4411 4930 4
4411 3228 5
4411 4972 5
4412 4951 4
4412 10248 5
4412 11173 5
4412 3193 4
4412 3892 5
4412 9144 5
4412 5458 5
4412 10011 5
4412 3478 5
4412 5428 5
4412 11177 4
4412 5051 4
4412 8091 5
4412 9145 5
4413 1926 5
4413 3995 1
4413 5537 5
4413 2091 4
4413 4117 5
4413 4618 5
4413 3993 5
4413 3493 5
4413 309 5
4413 710 1
4413 9621 5
4413 5811 5
4413 3337 1
4413 9548 5
4413 9075 4
4413 3507 4
4413 5737 5
4413 4645 4
4413 2736 4
4413 4295 4
4413 5600 5
4413 2833 5
4413 5692 2
4413 991 5
4413 4884 5
4413 9360 5
4413 5840 4
4413 8448 3
4413 1419 5
4414 9706 4
4414 10627 2
4414 5036 2
4414 5028 5
4414 6048 5
4414 1050 4
4414 9737 4
4414 5433 2
4414 211 3
4414 4203 4
4414 5249 5
4414 275 5
4414 6632 5
4415 9151 5
4415 5359 5
4415 735 4
4415 309 3
4415 5388 5
4415 4618 5
4415 3905 5
4415 11088 2
4415 4673 2
4415 8610 5
4415 3627 5
4416 3588 4
4416 3918 3
4416 7568 5
4416 2841 4
4416 7316 4
4416 9570 5
4417 934 4
4417 10121 5
4417 1002 5
4417 3478 5
4417 3825 5
4417 5392 5
4417 5368 5
4417 3352 4
4417 4203 4
4418 8923 5
4418 9603 5
4418 3852 5
4418 2262 4
4418 2726 5
4418 10458 3
4418 7208 5
4418 954 4
4418 1028 5
4419 11286 5
4419 925 4
4419 5558 4
4419 10750 4
4419 10870 4
4419 979 5
4419 3829 4
4419 5482 4
4419 10336 5
4419 2691 4
4419 7572 5
4419 10930 4
4419 11678 4
4419 5485 5
4419 7507 5
4419 4879 4
4419 3949 2
4419 9771 4
4419 10803 5
4419 1365 5
4419 11279 4
4419 1493 4
4419 9443 3
4419 10661 5
4419 5733 5
4419 3937 5
4420 8584 2
4420 4385 5
4420 664 5
4420 1629 5
4420 124 5
4420 3949 1
4420 11116 4
4420 10461 2
4420 1066 4
4420 5039 5
4420 4561 1
4421 857 4
4421 4054 5
4421 11437 4
4421 4917 1
4421 4286 5
4421 3954 3
4421 10289 2
4422 5036 4
4422 11017 5
4422 701 5
4422 6819 5
4422 10468 3
4422 2754 4
4422 2709 4
4422 857 4
4422 3126 1
4422 7426 4
4422 4253 2
4422 9620 3
4422 3267 3
4422 5694 4
4422 3138 4
4422 184 4
4422 3915 4
4422 11679 4
4422 5229 2
4422 5481 4
4422 3569 5
4422 10715 5
4422 1457 4
4422 5042 5
4422 1629 3
4422 5319 4
4422 5502 5
4422 1049 5
4422 981 4
4422 5643 4
4422 7579 5
4422 3739 5
4422 5833 4
4422 8504 4
4422 3787 5
4422 6376 2
4422 3680 3
4422 954 2
4422 10442 4
4422 2930 5
4422 5467 3
4422 6631 3
4422 994 3
4422 3826 1
4422 10710 5
4422 3870 4
4422 10645 4
4422 3852 4
4422 327 3
4422 1524 3
4422 11060 5
4422 1021 4
4422 3819 4
4422 3055 5
4422 11069 4
4422 2749 4
4422 1329 5
4422 10487 2
4422 11614 4
4423 5997 5
4423 3852 5
4423 1516 4
4423 994 4
4424 5833 3
4424 3209 2
4424 5520 5
4424 3252 3
4424 10554 3
4424 8925 4
4424 994 3
4424 11680 4
4424 5355 3
4424 4784 2
4424 3954 4
4424 10747 3
4424 1513 1
4424 5597 3
4424 3801 5
4424 5585 5
4424 1329 1
4424 2095 4
4424 1524 5
4424 845 3
4424 5741 5
4424 1021 5
4424 857 4
4424 3623 5
4425 3353 4
4425 11648 3
4425 11272 5
4425 3621 4
4425 8825 3
4425 10108 5
4426 10810 1
4426 1332 4
4426 2635 5
4427 699 5
4427 4445 5
4427 4080 5
4427 3999 5
4427 3017 5
4427 3431 4
4428 706 1
4428 309 5
4428 313 5
4428 292 5
4428 3879 5
4428 4529 5
4428 233 3
4428 4379 3
4428 4863 5
4428 5262 4
4428 4300 5
4428 3422 5
4429 4860 4
4429 8822 4
4429 9870 3
4429 4816 2
4429 9111 1
4429 4833 1
4429 10471 1
4430 6352 5
4430 128 5
4430 2933 5
4431 4919 4
4431 10744 5
4431 1292 4
4431 4673 1
4431 7800 5
4431 5217 5
4432 3530 5
4432 9505 5
4432 1332 5
4432 4965 5
4432 9500 4
4432 4712 2
4432 11416 5
4432 10649 5
4432 11001 5
4432 3590 5
4432 8362 4
4432 901 4
4432 9443 3
4432 3819 4
4432 11271 5
4432 4878 5
4432 3907 5
4432 10295 5
4432 4784 4
4432 3717 5
4432 4917 3
4432 4633 4
4432 4396 4
4432 11393 5
4432 4636 5
4432 10469 5
4432 3627 3
4432 7579 3
4432 11376 4
4432 5365 1
4432 3929 4
4433 1644 5
4433 11665 4
4433 3537 3
4433 3155 5
4434 8169 3
4434 312 4
4434 1274 5
4434 1275 2
4434 10606 5
4434 10868 5
4434 6702 5
4434 9664 1
4434 5839 4
4434 9710 2
4434 143 5
4434 5578 5
4434 7337 5
4434 5283 1
4435 997 5
4435 4203 4
4435 2715 5
4436 1787 5
4436 4774 4
4436 6823 5
4436 3444 5
4436 8725 4
4436 8975 5
4437 7561 5
4437 232 2
4437 4983 5
4437 312 3
4437 7632 1
4437 2677 4
4438 9960 4
4438 8981 4
4438 8099 4
4438 10191 5
4438 4504 4
4438 10320 4
4438 4800 5
4438 9413 1
4439 6102 4
4439 1329 5
4439 3173 5
4440 3796 5
4440 9752 5
4440 438 4
4440 10986 5
4440 580 5
4440 2648 5
4440 1985 4
4440 4216 5
4440 1084 5
4440 6019 5
4440 9332 4
4440 934 5
4441 4675 5
4441 640 1
4441 954 5
4441 768 5
4441 5504 2
4441 10462 5
4441 3562 5
4441 4726 4
4441 411 5
4441 909 5
4441 574 1
4441 747 5
4441 1477 4
4441 9159 5
4441 1086 5
4441 6392 5
4441 680 5
4441 10466 5
4441 1075 5
4442 934 4
4442 10380 5
4442 10608 5
4442 5737 5
4442 7323 5
4442 1515 1
4443 1084 3
4443 1395 5
4443 2251 2
4443 6336 3
4443 323 5
4443 3849 3
4443 3797 4
4443 622 4
4443 10609 5
4443 5243 2
4443 4717 5
4443 1474 5
4443 3758 5
4443 10692 5
4443 3595 2
4443 11235 5
4443 4597 5
4443 6654 1
4443 879 1
4443 640 1
4443 9096 3
4443 7519 4
4443 8434 5
4443 583 5
4443 10828 4
4443 9866 4
4443 5396 4
4444 717 5
4444 4274 5
4444 11454 3
4444 1457 5
4444 10676 1
4444 11066 4
4444 5668 4
4444 11015 4
4444 4935 5
4444 8246 5
4444 946 4
4444 9691 5
4444 2901 5
4444 3778 5
4444 1481 5
4444 2095 5
4444 7716 5
4444 9443 4
4444 4392 5
4444 9672 5
4444 2632 5
4444 3016 5
4444 6309 5
4444 4091 5
4444 4404 5
4444 4634 5
4444 4414 5
4444 5768 5
4444 924 5
4444 10767 5
4444 1041 5
4444 5265 3
4444 1465 4
4444 6004 5
4444 5997 5
4444 3819 5
4445 10275 4
4445 5571 4
4445 10280 4
4445 4314 5
4445 3810 5
4445 11065 5
4445 4971 4
4446 11396 3
4446 3106 5
4446 8642 5
4446 5003 5
4446 4400 1
4446 5545 3
4446 934 1
4446 1049 5
4446 9357 4
4446 3713 5
4446 4634 4
4446 2636 5
4446 6654 5
4446 5229 2
4446 9554 2
4446 4784 2
4447 914 5
4447 4294 5
4447 916 4
4447 4040 5
4447 7992 5
4447 10122 2
4447 3884 5
4447 5891 5
4447 902 5
4447 10081 5
4447 953 5
4447 6004 5
4447 5378 5
4447 8495 5
4447 895 5
4447 9568 5
4447 8682 5
4447 9443 4
4447 4277 4
4447 7259 5
4447 6253 4
4447 4094 5
4447 4510 5
4447 2999 5
4447 3108 5
4447 9094 5
4447 1462 5
4447 2908 5
4447 5664 4
4447 8146 3
4447 10516 5
4448 732 4
4448 3959 5
4448 814 5
4448 7564 5
4448 9120 5
4448 5409 5
4448 934 5
4448 4400 5
4448 1458 5
4448 5348 5
4448 3146 5
4448 5632 5
4448 4135 5
4448 3195 5
4448 857 4
4448 4787 4
4448 1062 5
4448 4908 4
4448 5597 5
4448 1876 5
4448 2901 5
4448 2916 5
4449 10780 3
4449 10845 4
4449 8313 5
4449 5733 4
4449 1104 4
4449 4635 5
4449 1349 4
4449 9691 4
4449 10411 4
4449 11040 5
4449 947 4
4449 3884 5
4449 2710 4
4449 1067 4
4449 3941 4
4449 934 5
4449 3055 5
4449 9674 4
4449 3949 3
4449 3687 5
4449 5296 4
4449 4634 4
4449 7664 5
4449 988 5
4449 10118 5
4449 10932 4
4449 10654 5
4450 8787 3
4450 4826 3
4450 9785 2
4450 10871 5
4450 8534 4
4450 3469 3
4450 9495 5
4451 934 5
4451 4673 1
4451 9395 5
4451 3743 5
4451 910 4
4451 1607 1
4451 10385 2
4451 3604 2
4451 4220 2
4451 9618 1
4451 1049 4
4451 10868 4
4451 10253 5
4451 4788 4
4451 9700 5
4451 8752 4
4451 10031 5
4451 3627 5
4451 9041 1
4451 9236 5
4452 3093 3
4452 1876 4
4452 5833 5
4452 5739 5
4452 5776 4
4452 11116 4
4453 10835 5
4453 9561 5
4453 3422 4
4454 1441 3
4454 1502 5
4454 9557 3
4454 1041 5
4454 10301 5
4454 1281 5
4454 9242 5
4454 10250 5
4454 9677 4
4454 3882 5
4454 377 5
4454 8592 2
4454 6392 5
4454 991 5
4454 4673 2
4454 11681 4
4454 10857 5
4454 1357 5
4454 979 5
4454 3883 5
4454 2095 5
4454 934 5
4454 10385 5
4454 5314 2
4454 10813 3
4454 4848 4
4454 3949 4
4454 11470 4
4454 10846 2
4454 5294 5
4454 4690 4
4454 3949 4
4454 8756 4
4454 10611 4
4455 4216 4
4455 5226 1
4455 1315 1
4455 985 5
4455 858 1
4455 965 4
4455 5877 5
4455 3329 5
4455 3883 5
4455 3717 5
4455 11376 3
4455 3446 4
4455 8672 4
4455 327 5
4455 3656 5
4455 7586 4
4455 8700 1
4455 947 4
4455 5071 4
4455 8982 4
4455 7834 5
4455 3447 1
4455 10091 4
4455 3787 5
4455 3781 4
4455 3094 5
4456 5112 5
4456 1406 4
4456 3881 5
4456 3829 5
4456 4203 5
4456 3778 2
4456 5435 5
4456 920 5
4456 4634 5
4456 1876 5
4456 3852 5
4456 992 5
4456 814 5
4456 900 5
4456 934 5
4456 9949 5
4456 2095 5
4456 946 1
4456 3796 5
4456 857 5
4456 3860 4
4456 3252 5
4456 3943 5
4456 9140 5
4456 5338 5
4456 9739 5
4456 4882 4
4456 3949 5
4456 5605 4
4456 7753 5
4457 5213 2
4457 10414 3
4457 2921 5
4457 1021 5
4457 9848 4
4457 947 2
4457 1514 5
4457 3606 5
4457 10995 5
4457 1731 4
4457 4464 4
4457 10936 5
4457 5585 5
4457 2413 5
4457 4634 5
4457 3627 1
4457 3953 5
4457 11674 4
4457 11188 2
4457 9851 5
4457 3860 5
4457 10435 5
4457 10583 5
4457 3863 4
4457 11177 5
4458 8565 5
4458 3335 4
4458 3951 5
4458 4012 4
4458 1960 5
4458 5257 2
4458 9798 5
4458 7208 5
4458 9467 4
4458 5000 5
4458 5024 5
4458 3686 4
4458 7208 5
4458 4345 5
4458 3152 5
4458 1515 3
4458 9368 5
4458 6626 5
4459 3944 2
4459 992 5
4459 4056 5
4459 1485 5
4459 7888 5
4459 9809 5
4459 8033 4
4459 5507 4
4459 4690 4
4459 10963 5
4459 631 5
4459 5429 4
4459 9551 3
4459 5737 2
4460 3597 4
4460 10081 4
4460 1478 5
4460 9700 1
4460 934 4
4460 5631 5
4460 1482 2
4460 5226 2
4460 900 5
4460 3873 5
4461 6662 5
4461 8317 5
4461 1084 4
4461 900 5
4461 10620 3
4461 3421 5
4461 6846 5
4461 1062 5
4461 1450 5
4461 2646 3
4461 377 5
4461 7148 5
4461 8846 5
4461 8284 5
4461 475 4
4461 4212 5
4461 1341 5
4461 4708 5
4461 9168 3
4461 3424 5
4461 6041 5
4461 8230 5
4461 4603 5
4461 9143 4
4461 4601 4
4461 3811 4
4461 9881 5
4461 3807 5
4461 2365 2
4461 5529 5
4461 5930 5
4461 2263 5
4461 9933 5
4461 1474 5
4461 3617 4
4461 3603 4
4461 934 5
4461 11271 4
4461 3773 5
4461 5228 5
4461 11374 4
4461 8328 5
4461 8916 5
4461 5317 5
4461 5833 5
4461 9969 5
4461 814 5
4462 8098 4
4462 3796 5
4462 5597 5
4462 7976 5
4462 10552 5
4462 4676 4
4462 3151 4
4462 9442 4
4462 4275 1
4462 901 3
4462 5003 5
4462 5325 1
4462 994 1
4462 3950 5
4462 857 5
4462 9133 4
4462 9671 4
4462 11488 5
4462 3913 4
4462 10768 4
4462 5395 4
4462 3927 5
4462 9133 1
4462 5400 5
4462 10523 5
4462 3290 5
4462 10981 5
4462 3261 4
4463 10286 4
4463 9700 4
4463 857 5
4463 11326 3
4463 11382 5
4463 11466 4
4463 3768 2
4463 3954 4
4463 1365 5
4463 3568 5
4463 4786 4
4463 5294 3
4463 3728 4
4463 5135 5
4464 857 5
4464 2614 5
4464 11430 5
4464 10258 5
4464 11003 4
4464 5356 5
4464 10161 5
4464 11511 5
4464 10615 4
4464 966 4
4464 9744 5
4464 9778 5
4464 10299 4
4464 5710 4
4464 6550 5
4464 10251 3
4464 1457 1
4464 5584 5
4464 5058 4
4464 10546 4
4464 9523 4
4464 9139 5
4464 9140 5
4465 4682 5
4465 5118 5
4465 9380 5
4465 5654 3
4465 11601 4
4465 10799 5
4465 184 4
4465 5733 2
4465 5466 5
4465 900 3
4465 979 5
4465 9236 1
4465 1524 5
4465 3717 5
4465 3832 5
4465 1450 5
4465 934 5
4465 9253 5
4465 5590 4
4465 5591 4
4465 5592 4
4465 9393 5
4465 10491 4
4465 8740 4
4465 8739 5
4465 9780 4
4465 9392 2
4465 10929 5
4465 9673 4
4465 2095 5
4465 1365 5
4465 3617 5
4465 3796 5
4465 812 5
4465 5755 5
4465 9820 5
4465 8922 4
4465 3768 5
4465 8726 3
4465 4965 5
4465 9137 5
4465 3208 3
4465 1515 5
4465 2701 5
4465 8033 4
4466 9342 4
4466 9326 5
4466 2557 5
4466 7519 4
4466 11391 5
4466 5466 5
4466 3089 4
4466 11118 4
4466 6520 5
4466 2329 3
4466 5364 5
4466 992 5
4466 3935 5
4466 9728 3
4466 1526 3
4466 3932 4
4466 7865 5
4466 1515 1
4466 7547 4
4466 1520 4
4466 3985 5
4466 3913 4
4466 10813 3
4466 3873 5
4466 5602 4
4466 3095 4
4466 4771 5
4466 2965 5
4466 6192 5
4467 1848 5
4467 8165 5
4467 751 4
4467 1395 5
4467 26 5
4467 8570 5
4467 5618 5
4467 862 5
4467 6675 5
4467 142 5
4467 1041 5
4467 974 4
4467 7899 5
4467 1690 5
4467 9799 5
4467 7770 5
4467 755 4
4467 6357 5
4467 9338 4
4467 7342 5
4467 881 5
4467 5021 5
4467 266 5
4467 3908 5
4467 7485 3
4467 3335 5
4467 5440 5
4467 9316 4
4467 3358 5
4467 2494 5
4467 7491 5
4467 6004 5
4467 5891 5
4467 10319 5
4467 8589 4
4467 5733 5
4467 124 5
4467 9597 5
4467 7992 5
4467 11438 5
4467 284 3
4467 317 5
4467 205 5
4467 4526 5
4467 56 5
4467 4244 5
4467 1455 5
4467 5924 5
4467 1928 5
4467 8294 5
4467 5274 5
4467 7909 5
4467 2010 5
4467 7594 5
4467 978 3
4467 891 5
4467 895 5
4467 1489 5
4467 11406 5
4467 589 4
4467 9475 5
4467 9665 5
4467 7589 4
4467 6923 5
4467 5641 1
4467 5664 4
4467 993 5
4467 10409 4
4467 276 5
4467 2847 5
4467 895 5
4467 2011 2
4467 11682 5
4467 979 5
4467 977 5
4467 1059 4
4467 3010 5
4467 8644 5
4467 947 5
4467 4427 5
4467 8601 5
4467 7581 5
4467 10761 5
4467 9717 5
4467 1398 5
4467 5222 5
4467 4131 5
4467 4394 5
4467 8332 4
4467 1037 5
4467 988 5
4467 9083 5
4467 906 5
4467 9096 5
4467 2994 5
4467 4863 5
4467 1060 5
4467 977 5
4467 3010 5
4467 10116 5
4467 3757 3
4467 10238 4
4467 1098 4
4467 4220 3
4467 7559 5
4467 9027 5
4467 4395 3
4467 4439 5
4467 949 5
4467 1042 4
4467 11449 5
4467 1067 5
4467 9741 5
4467 5537 5
4467 4935 5
4467 327 5
4467 6240 5
4467 970 1
4467 7043 5
4467 5226 5
4467 8755 5
4467 6397 4
4467 898 2
4467 3195 5
4467 9395 4
4467 2252 5
4467 3317 2
4467 8495 5
4467 4135 5
4468 3869 4
4468 2367 5
4468 2602 4
4468 3814 3
4468 11244 4
4468 2168 5
4468 3770 4
4468 3275 5
4468 4627 4
4468 1522 5
4468 4628 5
4468 3142 5
4468 1202 5
4468 934 5
4468 4748 5
4468 3811 4
4468 4776 4
4468 1031 5
4468 3803 4
4468 2712 4
4468 3614 4
4468 3851 5
4468 10692 4
4468 8848 5
4468 9253 5
4468 3796 5
4468 1450 3
4468 3784 4
4468 8830 4
4468 9458 2
4468 11305 4
4468 10755 4
4468 1257 5
4468 4597 5
4468 1496 2
4468 1520 4
4468 9131 4
4468 5877 5
4468 3606 5
4468 8327 5
4468 1060 4
4469 5229 5
4469 9517 5
4469 5435 5
4469 1559 5
4469 3913 5
4469 10492 5
4469 9741 4
4469 1052 4
4469 4673 1
4469 8499 2
4469 8033 3
4469 4833 2
4469 10127 3
4469 5312 4
4469 4826 4
4469 8280 3
4469 2174 5
4469 2689 5
4469 5741 5
4469 3946 5
4469 258 4
4469 8221 5
4469 4033 5
4469 9762 4
4469 3469 2
4469 10888 4
4469 4070 4
4469 2721 5
4469 6632 4
4469 4704 5
4469 9395 3
4469 3750 1
4469 3606 5
4469 4334 5
4469 11023 5
4470 6939 3
4470 10215 2
4470 1048 5
4470 6552 5
4470 4694 5
4470 9478 5
4470 1923 5
4470 9745 4
4470 1876 4
4470 3801 3
4470 6980 3
4470 10219 2
4470 9189 5
4470 3871 3
4470 3869 5
4470 3879 5
4470 11343 4
4470 284 2
4470 6309 4
4470 4625 3
4470 9253 5
4470 2689 4
4470 622 4
4470 10892 4
4470 2019 2
4470 4526 3
4470 1924 4
4470 10656 3
4470 2252 5
4470 1853 4
4470 10784 3
4470 4406 2
4470 9422 2
4470 7633 3
4470 10895 3
4470 256 5
4470 7608 5
4470 1521 4
4470 6377 1
4470 4408 4
4470 4399 5
4470 2618 2
4470 2710 4
4470 2711 5
4470 1465 4
4470 9527 5
4470 11415 2
4470 3626 5
4470 3044 5
4470 10237 4
4470 969 4
4470 9550 4
4470 3016 5
4470 2701 4
4470 3878 2
4470 1081 1
4470 10896 1
4470 11683 5
4470 11643 5
4470 9189 4
4470 966 5
4470 8362 1
4470 3108 4
4470 1509 1
4470 4414 4
4470 4404 5
4470 1041 3
4470 7716 2
4470 2558 5
4470 9741 5
4470 885 4
4470 4019 4
4470 10604 2
4470 9418 5
4470 10843 1
4471 3265 4
4471 5226 4
4471 5550 4
4471 5397 2
4471 934 4
4471 900 5
4471 979 5
4471 8742 4
4471 8447 5
4471 5653 4
4471 5660 4
4471 8288 5
4471 10489 1
4471 8751 1
4471 9983 5
4471 1322 5
4471 3787 5
4471 11658 5
4471 9869 4
4471 3937 1
4471 7511 4
4471 10921 5
4471 10033 4
4472 1047 5
4472 1509 5
4472 3937 3
4473 5220 3
4473 1733 5
4473 3954 5
4473 10483 2
4473 4816 5
4473 10046 5
4473 6141 5
4473 1361 3
4473 5002 3
4474 5416 5
4474 3158 4
4474 3446 5
4474 5052 3
4474 6130 4
4474 3046 4
4474 4792 4
4475 9682 3
4475 9967 5
4475 5224 5
4475 3610 5
4475 4926 2
4476 6137 1
4476 3720 5
4476 11211 1
4476 1032 5
4476 4924 5
4476 6055 3
4476 9591 5
4476 3658 5
4476 4341 4
4476 10018 4
4476 7803 2
4476 7601 5
4477 5079 5
4477 288 3
4477 732 5
4478 3133 4
4478 2907 5
4478 3141 4
4479 1515 3
4479 309 5
4479 9411 1
4480 9522 5
4480 7383 5
4480 10380 3
4480 4919 4
4480 4276 4
4480 10935 5
4480 10884 5
4481 565 5
4481 8273 5
4481 4243 2
4482 9474 5
4482 5430 5
4482 2135 4
4482 5433 2
4482 9389 4
4482 4499 5
4482 308 5
4482 3708 5
4482 5664 4
4482 11403 4
4482 6086 4
4482 3041 5
4482 3782 3
4482 1398 5
4482 9438 5
4482 7073 4
4483 5970 3
4483 3265 2
4483 4982 5
4483 4980 3
4483 713 1
4483 6676 5
4483 740 5
4483 1275 3
4483 10179 3
4484 5306 5
4484 9539 5
4484 5262 5
4484 4300 5
4485 8983 1
4485 5901 4
4485 258 1
4485 3263 5
4485 728 1
4485 8408 5
4485 4141 4
4486 3133 3
4486 3498 4
4486 1387 4
4486 5226 1
4486 732 5
4486 9419 3
4486 196 5
4486 4280 5
4486 10574 5
4486 4761 5
4486 4761 5
4487 3586 5
4487 3364 5
4487 4101 5
4487 5779 5
4487 5513 5
4487 3344 5
4487 9562 5
4487 723 5
4487 11599 5
4487 11684 3
4487 10834 5
4487 8225 5
4487 10050 5
4487 11362 5
4487 6388 5
4488 671 3
4488 609 5
4488 8252 5
4488 4187 5
4488 309 4
4488 7584 4
4488 9448 2
4488 4027 4
4488 2498 4
4488 4784 3
4488 4825 4
4488 10117 1
4488 271 4
4488 8074 4
4488 6834 4
4488 10973 1
4488 4551 5
4488 860 5
4488 862 5
4489 313 3
4489 288 3
4489 312 3
4489 857 5
4489 8219 5
4489 829 3
4489 10016 5
4489 3606 5
4489 728 4
4489 10075 5
4490 4012 3
4490 7712 4
4490 11273 5
4490 5850 5
4490 3018 5
4490 3593 5
4490 5848 5
4490 5330 5
4491 1082 5
4491 732 5
4491 3593 5
4491 1604 5
4491 7449 4
4491 3505 5
4492 3613 4
4492 1277 4
4492 9586 5
4492 3810 5
4492 7842 5
4492 7712 4
4492 3488 4
4492 10510 3
4492 5220 4
4492 5424 4
4492 10160 5
4492 576 3
4492 3417 4
4492 1462 4
4492 6939 2
4492 11532 5
4492 7160 4
4492 904 3
4492 2670 3
4492 3778 2
4492 3626 5
4492 1455 4
4492 5529 5
4492 9321 5
4492 10051 5
4492 11420 5
4492 4216 5
4492 4095 5
4492 4019 1
4492 9586 5
4492 9495 4
4492 981 2
4493 1524 5
4493 1524 5
4493 737 5
4494 4942 5
4494 7583 2
4494 8415 4
4494 3923 5
4495 4694 5
4495 2230 4
4495 8755 4
4496 2737 5
4496 1332 3
4496 9651 5
4496 10374 5
4496 3715 5
4497 7834 2
4497 2091 4
4497 2091 5
4497 979 4
4497 3985 5
4497 1052 5
4497 10857 5
4497 3155 5
4497 1493 4
4497 10933 5
4497 7734 2
4497 1364 4
4497 3913 4
4497 3623 4
4497 1521 4
4497 10541 5
4498 9996 5
4498 7662 5
4498 4955 3
4498 5599 5
4498 1638 4
4498 5772 4
4498 9161 4
4498 4241 5
4498 4080 4
4499 2940 4
4499 1338 5
4499 5418 1
4499 713 5
4499 1415 5
4499 780 5
4499 1998 5
4499 1421 5
4499 1409 1
4500 704 5
4500 211 5
4500 8225 5
4500 3123 3
4500 3882 5
4500 3883 5
4501 25 5
4501 309 4
4501 10447 4
4501 824 5
4501 323 4
4501 313 3
4502 6124 5
4502 1406 4
4502 2996 5
4502 2940 5
4502 7449 5
4502 8980 5
4502 210 5
4502 7576 5
4502 1484 5
4503 735 5
4503 4117 5
4503 4506 5
4503 9635 2
4503 4486 5
4503 8198 5
4503 2837 3
4504 974 4
4504 2938 4
4504 3617 4
4505 2504 5
4505 10320 4
4505 3351 5
4505 3227 4
4506 6191 3
4506 10298 4
4506 655 5
4506 3108 4
4506 5698 5
4507 8421 5
4507 452 5
4507 9270 5
4507 10007 4
4507 5339 5
4507 9191 5
4507 2732 5
4507 9360 5
4508 3145 5
4508 309 4
4508 1876 5
4508 1202 4
4508 7831 4
4509 726 5
4509 727 5
4509 728 5
4509 3834 5
4509 1682 4
4509 10038 5
4509 11 5
4509 9219 1
4509 1391 3
4509 1352 5
4510 11248 5
4510 8913 4
4510 8054 4
4510 5232 4
4510 4917 4
4510 2701 5
4510 4627 5
4510 2318 5
4511 7439 4
4511 6304 4
4511 75 4
4511 4075 4
4511 7750 5
4511 2002 5
4511 11424 4
4511 9330 4
4512 6019 5
4512 10003 4
4512 8428 5
4512 3123 4
4512 10384 5
4512 9094 1
4512 4049 4
4512 5023 5
4512 9490 4
4512 5499 5
4512 4135 4
4513 8448 5
4513 172 5
4513 4919 5
4513 10190 5
4513 4558 4
4513 10934 5
4513 6136 3
4513 4622 5
4513 8130 5
4513 95 5
4513 9855 5
4513 4033 5
4513 5520 5
4513 10962 5
4513 11531 5
4513 4473 5
4513 10198 5
4514 1908 2
4514 10109 5
4514 7112 5
4514 9586 5
4514 3606 4
4514 11685 2
4514 5475 5
4514 4998 5
4515 6374 4
4515 10242 4
4515 5226 1
4515 10429 5
4515 3627 2
4515 3427 5
4516 8377 5
4516 9760 5
4516 844 5
4517 25 5
4517 10173 5
4517 3188 5
4517 766 2
4517 6073 4
4517 773 4
4517 789 5
4517 8258 1
4517 211 3
4517 327 4
4517 5590 5
4517 1406 4
4517 4276 4
4517 7219 4
4517 10341 5
4517 7751 5
4517 3568 5
4517 5509 5
4517 1332 3
4517 4825 5
4517 857 4
4517 4634 4
4517 2257 5
4518 2111 5
4518 142 5
4518 9556 5
4518 4922 3
4518 11664 3
4518 6230 5
4518 287 5
4518 2751 3
4518 5561 5
4518 4758 1
4518 9174 5
4518 8594 5
4518 173 5
4518 3563 2
4518 115 5
4518 2698 5
4518 4454 4
4518 10119 5
4518 1332 4
4518 211 4
4518 4599 4
4518 2737 5
4518 3627 4
4518 5206 5
4518 8745 5
4518 2158 5
4518 4513 4
4518 8197 5
4518 8785 5
4518 1583 5
4518 9401 5
4518 3005 5
4518 1048 5
4518 5030 4
4518 3465 2
4518 4935 5
4519 5340 5
4519 5156 5
4519 11614 4
4519 1099 4
4520 10465 3
4520 694 5
4520 1326 4
4520 1408 5
4520 9534 4
4520 5156 5
4520 1506 5
4520 10591 4
4520 9243 4
4520 11686 4
4520 3748 5
4520 11195 5
4520 5548 5
4520 11621 4
4520 5553 4
4521 824 5
4521 4127 2
4521 836 4
4521 2847 5
4521 838 5
4521 7541 5
4521 9645 5
4522 4583 4
4522 5793 5
4522 3533 5
4522 211 5
4522 5156 5
4522 4581 4
4522 4919 5
4522 6654 5
4523 8043 5
4523 7750 5
4523 1771 5
4523 288 1
4523 5268 4
4523 3718 3
4523 313 1
4523 3893 5
4523 11056 4
4523 3322 5
4523 6651 2
4523 8448 5
4523 9700 4
4524 712 5
4524 11673 3
4524 766 3
4524 843 5
4524 9803 4
4524 3873 5
4524 3581 4
4525 10439 5
4525 7888 5
4525 10863 4
4525 7678 3
4525 7630 5
4525 4177 5
4525 280 5
4525 1427 5
4525 5538 4
4525 5278 5
4525 10170 4
4525 7693 2
4525 1052 5
4525 9447 2
4525 934 4
4526 196 5
4526 8952 5
4526 4026 5
4527 11104 5
4527 9798 4
4527 9728 4
4527 830 5
4527 4138 2
4527 10379 4
4527 8258 3
4527 5220 3
4527 1516 3
4527 4829 5
4527 6053 4
4527 10279 4
4527 266 3
4527 11486 4
4527 8183 1
4527 4408 2
4527 4275 2
4527 10094 1
4527 6706 4
4527 6332 4
4527 4386 1
4527 1957 5
4527 8087 3
4527 3446 4
4527 8749 4
4527 1515 1
4527 11042 5
4527 1733 5
4527 8198 5
4527 3949 2
4528 857 4
4528 1441 1
4528 2698 4
4528 9488 5
4528 4033 5
4529 309 5
4529 5156 5
4529 867 3
4529 5854 5
4529 5316 4
4529 6402 4
4529 1435 2
4529 5175 5
4529 10665 5
4529 4673 1
4529 4864 5
4529 5790 1
4529 899 5
4529 3126 5
4529 286 3
4529 3932 3
4529 988 2
4529 4847 2
4529 308 5
4529 287 5
4529 11359 4
4529 6984 5
4529 2158 5
4529 4823 3
4529 11498 5
4529 1439 5
4529 873 5
4529 11230 5
4529 11497 5
4529 92 5
4529 10627 5
4529 5365 5
4529 3601 4
4529 4856 4
4529 6380 2
4529 9031 5
4529 1457 4
4529 8118 5
4529 5739 5
4529 3893 5
4529 10472 2
4529 5464 4
4529 4054 4
4529 4717 5
4529 879 4
4529 6086 5
4529 10041 5
4529 1443 5
4529 11018 3
4529 4745 5
4529 3708 5
4529 1442 4
4529 857 5
4529 5228 5
4529 10950 4
4529 1501 5
4529 992 4
4529 10446 1
4529 4633 2
4529 1463 2
4529 1514 5
4529 8369 5
4529 9799 1
4529 5000 5
4529 2036 5
4529 4074 5
4529 327 5
4529 8730 3
4529 5299 5
4529 11687 5
4529 934 4
4529 5301 4
4529 4788 3
4529 6654 3
4529 1344 3
4529 9627 4
4529 4833 4
4529 10791 4
4529 3710 2
4529 6615 5
4529 3208 3
4529 10791 4
4529 5166 4
4529 5167 2
4529 4833 4
4529 9210 2
4529 5321 4
4529 1365 5
4529 3208 3
4529 966 5
4529 5300 1
4529 3906 5
4529 10860 5
4529 9802 3
4529 9623 4
4529 5288 5
4529 7374 2
4529 1329 2
4529 11647 4
4529 3208 5
4529 4675 1
4529 6039 5
4529 5374 1
4529 8495 3
4529 2095 4
4529 9210 2
4529 9893 2
4529 5318 4
4529 11687 5
4530 9319 3
4530 6075 5
4530 211 5
4530 3591 5
4530 8043 5
4530 10280 5
4530 4461 5
4530 8598 5
4530 909 1
4530 863 1
4530 3216 5
4530 6966 5
4530 3041 4
4530 5539 1
4530 810 5
4530 1101 3
4530 9515 4
4531 5417 4
4531 11347 5
4531 4473 5
4532 712 5
4532 309 5
4532 6939 1
4532 10937 5
4532 4690 5
4532 11481 1
4532 3834 5
4532 4696 5
4532 3606 5
4532 8281 5
4532 10373 5
4532 4203 5
4532 11531 5
4532 2093 1
4532 5409 5
4532 3666 5
4532 5520 5
4532 934 5
4532 4788 5
4532 9600 5
4532 3832 5
4532 3741 4
4532 10888 5
4532 925 5
4532 4791 5
4532 900 5
4532 4275 4
4532 6923 2
4532 4676 5
4532 923 5
4532 10327 5
4532 6844 5
4532 10700 5
4532 11458 5
4532 6694 5
4532 6443 4
4532 1003 5
4532 11039 5
4532 1002 5
4532 4927 5
4532 4673 2
4532 4784 5
4532 5089 3
4532 3447 2
4532 5776 5
4532 9677 1
4532 5226 2
4532 7834 5
4532 5355 5
4532 3913 4
4533 28 5
4533 288 1
4533 772 5
4533 4427 5
4533 4012 4
4533 3263 5
4533 276 3
4533 728 4
4533 3000 5
4533 832 1
4533 4465 5
4533 863 5
4534 3796 5
4534 10455 5
4534 3478 5
4534 4033 5
4535 10226 5
4535 10199 5
4535 4547 5
4535 2730 4
4535 9668 4
4535 2048 4
4535 1060 4
4535 3827 4
4535 2570 4
4535 9677 5
4535 2570 4
4535 4044 4
4535 8307 4
4535 974 4
4535 892 5
4535 9396 5
4535 5529 4
4535 8353 5
4535 477 5
4535 10894 4
4535 5000 4
4535 6682 5
4535 4682 5
4535 5404 4
4535 1049 4
4535 10853 4
4535 5851 5
4535 3275 5
4535 1526 4
4535 2010 4
4535 3576 4
4535 1469 5
4535 3782 5
4535 11341 4
4535 4935 5
4535 1607 1
4535 3849 1
4535 3272 4
4535 955 5
4535 9674 5
4535 8505 5
4535 1012 3
4535 8501 1
4535 4414 3
4535 3620 5
4535 9535 5
4535 3825 5
4535 5492 5
4535 10452 5
4535 1062 5
4535 2730 5
4535 466 5
4535 8488 5
4535 10200 5
4535 857 5
4535 3422 5
4535 3768 5
4535 2557 5
4535 3617 5
4535 3480 5
4535 5177 5
4535 9488 5
4535 8549 5
4536 3146 4
4536 1474 5
4536 1277 5
4536 4114 5
4536 4830 5
4536 5001 5
4536 7767 5
4536 3327 5
4536 2655 5
4536 4893 5
4536 1275 5
4536 323 5
4537 313 5
4537 4023 5
4537 8811 5
4537 4974 4
4537 4825 5
4537 6028 5
4537 309 5
4537 3146 5
4537 857 5
4537 4598 4
4538 4618 5
4538 4155 5
4538 2715 5
4538 4378 5
4538 5597 5
4538 2582 5
4538 5520 5
4539 1029 5
4539 9046 4
4539 4393 5
4539 4432 2
4539 3335 5
4540 312 3
4540 1403 1
4540 258 4
4540 1332 3
4540 3000 4
4540 832 5
4541 1374 5
4541 843 5
4541 1332 4
4541 1300 5
4541 1423 3
4541 3450 3
4541 1387 5
4541 5433 3
4542 313 4
4542 1775 3
4542 3570 3
4542 309 3
4542 1422 4
4542 728 4
4542 2808 5
4542 4255 3
4542 5234 2
4542 11333 3
4542 1332 4
4542 1419 3
4542 5034 5
4542 9048 5
4542 9474 4
4542 5753 2
4542 1386 4
4542 1361 5
4542 4090 5
4542 6662 5
4543 5733 5
4543 9111 4
4543 8594 5
4543 3743 5
4543 7554 5
4544 1332 5
4544 4728 4
4544 3450 5
4545 5364 2
4545 9359 5
4545 7191 4
4546 5209 5
4546 579 4
4546 10641 1
4546 228 5
4546 1403 1
4546 9322 5
4546 8087 1
4546 2936 3
4546 1377 3
4546 9736 5
4546 5240 1
4546 2220 5
4546 5579 3
4546 7546 2
4546 4212 2
4546 5040 5
4547 751 1
4547 824 4
4547 3606 5
4547 309 5
4547 1982 5
4547 5597 5
4547 3449 3
4547 9637 4
4547 3728 5
4548 1403 1
4548 880 5
4548 7235 4
4548 4901 4
4548 7667 2
4548 11283 4
4548 5018 4
4548 4934 4
4548 5116 5
4548 703 4
4548 2730 5
4548 9910 5
4548 3385 4
4548 5519 5
4548 1498 5
4548 1779 5
4549 5277 5
4549 997 5
4549 1501 5
4549 805 5
4549 1361 5
4550 6999 4
4550 4747 4
4550 4858 5
4550 11083 4
4550 4590 5
4550 6763 4
4550 7000 4
4550 3481 4
4550 3873 5
4550 4162 4
4551 6460 5
4551 9413 4
4551 6463 5
4551 11238 5
4551 312 5
4551 3000 5
4551 3084 1
4551 699 5
4551 177 4
4551 4355 5
4551 11644 5
4551 309 5
4551 3088 5
4551 1754 5
4551 8728 4
4551 3182 5
4551 4701 5
4551 1321 3
4551 3449 5
4551 9506 3
4551 7709 2
4551 5001 5
4551 5784 5
4551 4333 5
4551 4360 5
4551 5215 5
4551 11011 5
4551 9637 5
4552 4324 5
4552 305 5
4552 857 5
4552 7597 3
4553 4138 1
4553 3796 5
4553 2936 3
4553 10568 4
4553 8514 4
4553 10751 4
4553 4900 4
4553 2837 2
4553 4843 3
4553 2244 4
4553 10423 1
4553 7842 4
4554 8858 5
4554 305 1
4554 8316 5
4554 3449 3
4554 312 5
4554 7000 5
4554 7259 4
4554 979 4
4554 3109 4
4554 3888 1
4554 10130 5
4554 4684 5
4554 1515 2
4554 10452 4
4555 9986 1
4555 8093 5
4555 5040 5
4556 5797 4
4556 795 5
4556 7357 5
4556 802 2
4556 808 4
4556 7770 4
4556 2758 2
4556 4236 4
4556 11394 1
4556 11668 4
4556 6434 4
4556 8476 5
4556 5111 5
4556 5029 5
4556 10290 3
4556 1652 4
4556 1867 4
4557 889 1
4557 313 5
4557 104 5
4557 5706 5
4557 4112 5
4557 699 5
4557 5107 4
4557 1395 5
4557 5041 5
4557 196 5
4557 1274 5
4557 857 5
4557 312 5
4557 7842 5
4557 1982 3
4557 323 5
4557 900 5
4557 1387 1
4557 712 2
4557 309 5
4557 9367 5
4557 8765 5
4557 726 5
4557 6208 5
4557 11454 5
4557 9714 4
4557 5015 5
4557 252 4
4557 5052 5
4557 2938 5
4558 1754 5
4558 2461 5
4558 2671 4
4558 4243 4
4558 934 4
4559 5436 1
4559 2666 5
4559 2716 3
4559 1830 4
4559 4541 4
4559 500 1
4559 2241 4
4559 7461 4
4559 488 1
4559 1360 1
4559 864 4
4559 3878 4
4559 5529 5
4559 4156 5
4559 1768 4
4559 1363 5
4559 712 4
4560 960 5
4560 5087 1
4560 4930 4
4560 9633 2
4560 4509 5
4560 5563 5
4560 934 4
4561 309 4
4561 728 4
4561 5218 5
4561 4369 4
4561 8511 5
4562 148 5
4562 313 3
4562 2947 5
4562 4874 4
4562 11231 5
4562 3288 5
4562 1086 5
4562 1268 4
4562 9105 2
4562 4741 5
4562 10377 5
4562 3801 5
4562 8726 5
4562 9511 5
4562 934 4
4562 11483 1
4562 11345 4
4562 4784 5
4563 728 4
4563 5418 3
4563 1260 3
4563 1263 3
4563 304 4
4563 309 3
4563 3711 3
4563 1275 3
4563 753 2
4563 1682 5
4563 1403 2
4563 1408 2
4563 5030 2
4563 1982 3
4563 3122 3
4563 4280 3
4563 4528 5
4563 211 5
4563 1387 5
4563 3449 5
4564 9273 4
4564 7773 5
4564 5819 5
4564 309 5
4564 5002 4
4564 5004 4
4564 4694 4
4564 5023 4
4565 706 5
4565 1779 4
4565 10781 5
4565 309 3
4565 10823 5
4565 1722 4
4565 4590 5
4565 2745 5
4565 2095 5
4565 11251 5
4566 3019 4
4566 309 5
4566 1029 4
4567 712 5
4567 772 5
4567 313 5
4567 276 5
4567 312 5
4567 196 5
4567 762 1
4567 766 1
4567 728 1
4567 7310 3
4567 6374 4
4567 3375 5
4567 5337 5
4568 3956 5
4568 5150 4
4568 3275 5
4568 9663 3
4568 8428 5
4569 5418 3
4569 719 5
4569 9435 4
4570 8573 4
4570 311 5
4570 305 5
4570 2048 5
4570 4391 5
4570 309 5
4570 9318 5
4570 7842 5
4570 8152 5
4570 9968 4
4570 2715 5
4570 4582 4
4570 5035 4
4571 7555 2
4571 5085 4
4571 8816 5
4572 3173 5
4572 2936 3
4572 8602 2
4572 6707 4
4572 3446 3
4572 3768 4
4572 8565 5
4572 5751 5
4572 9623 3
4572 977 5
4572 3849 1
4573 891 5
4573 9468 5
4573 1403 1
4573 10593 5
4574 7706 4
4574 4049 1
4574 2824 5
4574 7956 4
4574 6106 5
4574 7709 4
4574 707 4
4574 2701 5
4575 8713 5
4575 10379 1
4575 810 5
4576 10972 5
4576 276 5
4576 759 5
4576 258 5
4576 323 5
4576 313 5
4576 704 5
4576 2139 5
4576 7149 5
4576 222 5
4576 3000 5
4576 8520 5
4576 4280 5
4576 4598 5
4576 7208 5
4576 11075 5
4576 306 5
4577 276 3
4577 728 3
4577 271 5
4577 2715 5
4577 4675 5
4577 9209 5
4577 6947 4
4577 9893 5
4578 1402 4
4578 309 4
4578 4726 3
4578 934 5
4578 1332 3
4578 3450 4
4579 2005 5
4579 3923 5
4579 5069 5
4579 8697 2
4580 9360 1
4580 5340 1
4580 164 5
4580 2655 1
4580 712 3
4580 7572 5
4580 1386 3
4580 1403 1
4580 6457 4
4580 10924 5
4580 1275 1
4580 5240 4
4581 4361 4
4581 712 5
4581 276 5
4581 1526 5
4581 3586 4
4581 704 5
4581 706 5
4581 211 5
4581 855 5
4581 8825 4
4581 3448 4
4581 6139 5
4581 6955 5
4582 5505 1
4582 1403 1
4582 2691 4
4582 4262 5
4582 772 5
4582 4056 5
4583 739 5
4583 1939 4
4583 3450 3
4583 4252 5
4583 5626 5
4583 934 3
4583 3606 5
4584 3252 4
4584 1241 5
4584 4788 5
4584 1438 5
4584 9212 1
4584 5779 5
4584 2963 5
4584 3910 5
4584 5428 5
4584 6515 5
4584 3352 5
4584 9637 5
4584 3126 2
4584 6141 3
4584 4417 5
4585 3762 5
4585 3617 5
4585 9235 5
4585 749 5
4585 521 3
4585 10227 4
4585 2656 4
4585 9913 5
4586 1460 5
4586 640 3
4586 10685 5
4587 9043 4
4587 5092 3
4587 8032 4
4587 11474 5
4588 6208 4
4588 276 4
4588 11263 4
4588 323 4
4588 1406 4
4589 4732 5
4589 884 5
4589 728 5
4589 3439 5
4589 4975 5
4589 934 4
4590 712 2
4590 832 1
4590 5617 5
4590 1403 1
4590 9710 3
4590 944 2
4590 3379 5
4590 10843 2
4590 3041 5
4590 4154 3
4590 8087 4
4590 2718 5
4591 7207 2
4591 2936 5
4591 753 5
4591 1329 2
4591 3263 5
4591 276 5
4591 313 5
4591 722 5
4591 1267 5
4591 11566 3
4591 712 5
4591 312 4
4591 759 5
4591 5048 5
4591 258 4
4591 1377 5
4591 104 5
4591 1386 4
4592 889 2
4592 5029 5
4592 3606 4
4592 2833 4
4592 3476 5
4592 7581 5
4592 5553 4
4593 4075 4
4593 10038 2
4593 247 5
4593 6954 5
4593 10011 5
4593 11286 4
4594 7417 5
4594 5644 1
4594 1884 1
4594 775 5
4594 312 5
4594 7337 5
4594 3435 5
4594 3323 5
4594 313 1
4594 2754 5
4594 1682 5
4594 9714 5
4594 323 5
4594 753 5
4594 1274 5
4594 759 5
4594 2453 5
4594 2931 5
4594 6453 5
4594 262 5
4594 4795 5
4594 3901 5
4595 11121 5
4595 288 2
4595 829 3
4595 712 5
4595 323 4
4595 766 4
4595 1395 5
4595 9095 3
4595 775 5
4595 824 5
4595 728 5
4595 759 5
4595 934 5
4595 4795 4
4595 9647 2
4595 8892 5
4596 912 4
4596 10758 5
4596 4667 5
4596 3335 4
4596 8531 4
4596 2230 4
4596 10047 5
4596 2634 4
4596 11344 4
4596 3958 4
4596 323 5
4596 747 5
4596 6385 5
4596 185 5
4596 4294 4
4596 105 5
4597 728 3
4597 1721 5
4597 3450 5
4597 7750 3
4597 8021 5
4597 5017 5
4597 11454 5
4597 1332 5
4597 849 3
4597 9411 5
4598 258 5
4598 276 5
4598 312 5
4598 196 5
4598 1332 5
4598 712 5
4598 753 5
4598 323 5
4598 913 5
4599 11556 5
4599 1332 5
4599 211 5
4599 9818 3
4600 722 5
4600 3123 5
4600 3880 5
4600 773 4
4600 1332 2
4600 9102 5
4601 4496 5
4601 5073 5
4601 211 3
4602 1894 5
4602 245 3
4602 2705 4
4602 2111 5
4602 7039 5
4602 4883 5
4602 309 5
4602 6076 4
4602 5646 3
4602 9443 4
4602 9294 2
4602 2701 5
4602 712 3
4602 7750 5
4602 1442 5
4603 1275 2
4603 1274 5
4603 1350 5
4603 766 3
4603 288 4
4603 1522 5
4603 735 4
4603 196 5
4603 211 5
4603 1419 2
4603 4280 4
4603 3563 2
4603 3123 3
4603 48 4
4603 9411 2
4604 5801 4
4604 9547 5
4604 3627 5
4604 9847 5
4604 6487 3
4604 1501 5
4604 3119 5
4604 3282 2
4604 728 5
4604 196 5
4604 10496 1
4604 5226 1
4604 738 5
4604 712 5
4604 323 3
4604 728 5
4604 10867 5
4604 5532 5
4604 11307 4
4604 9176 5
4604 943 4
4605 843 5
4605 2906 4
4605 740 5
4605 211 5
4605 4868 5
4606 728 4
4606 5233 4
4606 1768 4
4606 5787 4
4606 9710 4
4606 296 5
4606 6194 5
4606 2971 5
4606 7565 4
4607 5256 4
4607 4242 5
4607 313 5
4608 323 5
4608 312 3
4608 695 3
4608 3960 5
4609 4930 5
4609 1765 5
4609 6457 5
4610 3343 3
4610 609 4
4610 8480 5
4610 7230 5
4610 8992 5
4610 316 5
4610 77 4
4610 4513 5
4610 728 4
4611 1395 5
4611 5226 1
4611 713 3
4611 251 4
4611 4511 4
4611 843 4
4611 1262 5
4611 1332 4
4611 1982 5
4611 104 5
4611 196 2
4611 8287 4
4611 1049 4
4611 8954 4
4611 5847 3
4611 9612 4
4611 8615 4
4612 728 3
4612 4280 5
4612 1332 5
4612 5036 2
4613 1324 3
4613 309 3
4613 2655 1
4613 3166 3
4613 4543 4
4613 5122 1
4613 211 5
4613 1479 5
4613 4919 4
4613 7191 4
4613 10770 5
4614 5476 1
4614 9657 5
4614 1780 4
4614 975 2
4614 8495 3
4615 4567 4
4615 312 5
4615 4373 5
4615 3265 4
4615 4275 5
4615 1902 3
4615 4073 1
4616 1355 5
4616 11584 5
4616 6498 4
4617 1299 4
4617 4008 5
4617 2297 4
4617 8459 3
4617 1755 4
4617 8550 3
4617 842 5
4617 5761 4
4618 1287 5
4618 8858 5
4618 2778 5
4618 7612 2
4618 3475 4
4618 3298 3
4618 7736 5
4619 695 1
4619 650 5
4619 4489 4
4619 287 4
4619 11263 2
4619 979 4
4619 3314 5
4619 711 2
4619 789 5
4619 4096 5
4619 5159 4
4619 4759 4
4619 10609 5
4619 9597 5
4619 3867 4
4619 3569 5
4619 974 3
4619 6844 4
4619 3763 4
4619 3889 5
4619 934 4
4619 10031 5
4619 4393 4
4619 978 4
4619 4878 4
4619 6569 4
4619 5594 4
4619 11642 4
4619 5163 4
4619 1444 1
4619 5539 4
4619 4135 5
4620 488 5
4620 2925 3
4620 2090 3
4621 3429 3
4621 3029 4
4621 3478 5
4621 857 4
4621 11097 4
4621 11260 2
4621 3173 5
4621 9529 5
4621 5428 5
4621 4782 4
4622 8649 5
4622 10761 5
4622 7574 5
4622 6783 5
4623 759 5
4623 706 5
4623 10837 2
4623 1412 3
4623 312 5
4623 196 5
4623 104 5
4623 4339 5
4623 4378 5
4623 288 3
4623 323 5
4623 258 5
4623 313 5
4623 11303 5
4624 10084 4
4624 9899 5
4624 9498 5
4624 8514 5
4624 130 4
4624 3547 5
4624 1046 4
4624 1074 5
4624 7568 5
4624 8988 2
4624 4784 4
4624 845 4
4624 8954 4
4624 6770 4
4624 3884 5
4624 9992 1
4624 1003 3
4624 1049 5
4624 327 2
4624 919 5
4624 5312 5
4624 934 5
4625 9515 5
4625 2030 4
4625 5023 5
4625 5087 4
4625 10063 5
4625 11382 5
4625 4360 5
4625 8514 5
4625 8032 1
4625 3659 5
4625 3344 4
4625 8987 5
4625 7735 5
4625 8745 5
4625 774 5
4625 6857 4
4625 9697 5
4625 7380 5
4625 5417 4
4625 5257 5
4625 11367 5
4625 2091 5
4625 3715 2
4625 10752 4
4625 3230 5
4625 95 5
4625 11077 5
4626 10250 5
4626 7507 5
4626 6706 2
4626 1041 5
4626 10970 5
4626 7259 5
4626 4820 5
4626 3761 5
4626 991 5
4626 990 5
4626 10044 5
4626 1516 5
4627 10864 5
4627 6573 5
4627 10690 4
4627 6533 5
4627 1443 3
4627 3913 5
4627 1462 5
4627 3606 5
4627 1506 5
4627 1519 5
4627 11562 5
4627 794 5
4627 11363 5
4627 7161 5
4627 3044 5
4627 7978 5
4627 882 5
4627 4019 4
4627 717 5
4627 10607 5
4627 11382 5
4627 7222 5
4627 3915 5
4627 1753 5
4628 6141 5
4628 3252 4
4628 830 5
4628 9946 5
4628 3322 5
4628 8641 3
4628 3797 5
4628 7305 5
4628 3883 5
4628 3861 5
4628 3480 5
4628 4586 5
4628 10671 5
4628 5890 5
4628 905 5
4628 6152 5
4628 925 5
4628 4622 5
4628 5313 5
4628 9474 5
4628 5520 5
4628 4802 5
4628 2048 5
4628 5564 5
4628 2755 3
4628 812 5
4628 168 4
4628 4864 2
4628 10597 5
4628 5636 5
4628 4299 5
4628 1052 4
4628 1985 5
4628 3666 5
4628 5733 5
4628 574 1
4628 4203 5
4628 5239 5
4628 3708 5
4628 4932 1
4628 3063 3
4628 9579 3
4628 4394 5
4628 5451 5
4628 3608 4
4628 10637 5
4628 10397 5
4628 4048 1
4628 1476 1
4628 11241 5
4628 4698 3
4628 11336 4
4628 747 4
4628 1629 5
4628 1049 1
4628 10781 5
4628 4675 2
4628 896 4
4629 5409 5
4629 4491 4
4629 4281 5
4629 843 3
4629 3465 3
4630 3555 1
4630 4280 5
4630 728 3
4630 1332 5
4631 1657 5
4631 1867 5
4631 8229 5
4631 4117 5
4631 4023 5
4632 5226 5
4632 1411 5
4632 1097 4
4632 589 2
4632 8093 5
4632 3770 5
4632 1708 5
4632 1004 5
4632 4406 5
4632 6857 2
4632 4823 5
4632 1516 5
4632 6399 5
4632 1049 5
4632 1334 5
4632 7568 5
4632 3791 5
4632 3619 5
4632 5775 4
4632 10104 5
4632 5220 4
4632 2220 5
4632 8695 5
4632 3927 4
4632 5108 4
4632 5127 4
4632 1101 5
4632 1034 4
4632 3793 5
4632 3804 5
4632 4693 3
4633 987 3
4633 4785 4
4633 1049 4
4633 1487 5
4633 6688 2
4633 962 2
4633 994 5
4633 9669 5
4633 4358 5
4633 7902 4
4633 4673 2
4633 5000 1
4633 5825 4
4633 1493 5
4633 8314 4
4633 10120 4
4633 9319 5
4633 934 5
4633 3415 4
4633 2264 5
4633 3801 5
4633 11037 3
4633 5318 1
4633 9210 3
4633 1515 4
4633 10669 5
4633 9626 5
4633 4636 5
4633 10799 4
4633 9653 4
4633 6145 4
4633 1048 4
4633 5197 4
4633 4738 4
4633 9956 4
4633 6757 3
4633 9922 4
4633 1474 3
4633 3423 4
4633 4390 4
4633 5178 3
4633 9859 3
4633 1405 4
4633 2726 4
4633 3135 4
4633 10594 4
4633 10411 4
4633 10222 4
4633 6774 4
4633 3469 4
4633 11016 3
4633 4216 3
4633 8310 4
4633 862 5
4633 11324 4
4633 1559 4
4633 10068 4
4633 3820 4
4633 3829 4
4633 1515 4
4633 10816 5
4633 7192 5
4633 3881 4
4633 952 1
4633 1960 3
4633 7505 3
4633 11470 4
4633 10731 4
4633 8499 4
4633 10241 4
4633 966 4
4633 8322 4
4633 1461 2
4633 5318 2
4633 9617 1
4633 7373 1
4633 4628 5
4633 3851 5
4633 4275 5
4633 11462 4
4633 6634 4
4633 1282 4
4633 8292 5
4633 11680 4
4633 771 2
4633 11471 4
4633 6622 4
4633 306 5
4633 327 5
4633 10030 5
4633 327 4
4633 959 4
4633 7572 5
4633 3737 5
4633 6601 1
4633 1092 4
4633 3949 4
4633 8495 2
4633 860 4
4633 3953 3
4633 11688 1
4633 10211 4
4633 6523 5
4633 8745 5
4634 4816 1
4634 842 5
4634 11689 5
4634 3861 5
4634 9853 5
4634 11195 4
4634 1097 5
4634 6548 5
4634 11606 5
4634 9137 5
4634 4965 5
4634 7711 5
4634 5356 5
4634 11434 5
4634 11339 5
4634 11177 5
4634 3947 4
4634 5458 5
4634 2730 5
4634 6682 5
4634 2656 5
4634 7966 4
4634 3422 5
4634 8612 4
4634 8424 4
4634 11003 5
4634 11440 4
4634 9748 5
4635 592 5
4635 8900 5
4635 5712 5
4635 5916 5
4635 672 5
4635 11222 5
4635 6011 4
4636 104 5
4636 1939 5
4636 167 5
4636 827 5
4636 309 5
4637 4385 4
4637 10852 3
4637 4439 5
4637 1433 5
4637 10106 4
4637 1329 1
4637 9831 5
4637 4935 5
4637 1513 1
4637 4299 5
4637 7165 2
4637 7801 5
4637 9705 5
4637 1461 2
4637 3846 5
4637 9443 4
4637 6400 2
4637 5279 4
4637 3798 5
4637 9492 4
4637 3949 4
4637 978 3
4637 10385 3
4637 8495 5
4637 9992 3
4637 5048 3
4637 3944 4
4637 4675 3
4637 9874 5
4637 979 5
4637 1457 4
4637 5985 4
4637 946 1
4637 5406 4
4637 8491 4
4637 5951 4
4637 10855 4
4637 327 4
4637 11347 3
4637 184 2
4637 10771 4
4637 9623 4
4637 5314 4
4637 10309 5
4637 1439 4
4637 9411 2
4637 1607 4
4637 3686 4
4637 1049 5
4637 1501 4
4637 977 4
4637 239 3
4637 9804 5
4637 5467 3
4637 10179 5
4637 3768 4
4638 8791 5
4638 8753 5
4638 9892 5
4638 8443 5
4638 4496 4
4638 1402 3
4638 3322 2
4639 211 4
4639 8898 5
4639 722 5
4639 9752 4
4639 728 5
4640 312 5
4640 3702 5
4640 1408 5
4640 5577 4
4640 759 5
4640 1414 1
4640 1275 1
4640 751 2
4640 832 5
4640 258 5
4640 313 5
4640 1410 4
4640 9590 4
4640 9720 4
4640 5486 4
4640 9150 5
4640 8510 4
4640 9715 5
4640 896 4
4640 5012 4
4640 5830 5
4640 3910 5
4640 2007 2
4640 7422 5
4640 4794 5
4640 5787 2
4640 8514 4
4640 3922 5
4640 11479 4
4640 7568 5
4640 5111 4
4641 10092 5
4641 8660 5
4641 2145 5
4641 9406 5
4641 1894 5
4641 1467 5
4642 2582 4
4642 5241 5
4642 3837 5
4642 466 4
4642 5748 5
4642 377 4
4642 622 5
4643 7192 5
4643 5833 5
4643 288 5
4643 5806 2
4643 312 3
4643 2755 4
4643 9780 3
4643 9575 4
4643 3801 4
4643 2095 1
4643 9488 4
4643 6651 5
4643 6633 4
4644 5294 5
4644 7712 5
4644 10829 5
4644 1365 5
4644 3846 5
4644 9626 5
4644 9140 5
4644 5377 5
4644 11009 5
4644 812 5
4645 8087 4
4645 306 5
4645 5611 5
4645 5257 4
4645 1357 5
4645 9623 5
4645 1987 5
4645 4395 4
4645 3156 2
4645 10128 5
4645 3446 5
4646 10247 4
4646 10122 5
4646 3388 5
4646 10025 5
4646 10832 2
4647 11045 5
4647 2756 5
4647 11008 5
4648 2315 5
4648 1067 5
4648 934 5
4648 5441 5
4648 7773 3
4648 4012 3
4648 10145 5
4649 831 4
4649 9672 3
4649 1349 5
4649 5546 5
4649 2701 5
4649 5985 4
4649 2465 4
4649 9789 4
4649 8220 2
4649 7838 4
4649 946 3
4649 9977 3
4649 6764 2
4649 1020 4
4650 3263 5
4650 323 4
4650 1414 1
4650 309 3
4650 8892 5
4651 973 5
4651 63 4
4651 11391 4
4652 6156 5
4652 10263 5
4652 3263 5
4652 7859 5
4652 323 5
4652 744 4
4652 984 5
4652 4657 5
4652 8338 2
4652 1332 5
4652 362 5
4652 3359 2
4652 5277 4
4653 3564 5
4653 3878 2
4653 4552 5
4653 9698 3
4653 9161 5
4654 313 5
4654 1275 3
4654 4285 5
4654 164 5
4654 3000 5
4654 824 5
4654 208 5
4654 3310 5
4654 3993 5
4654 1263 5
4654 10020 1
4654 1314 5
4654 8029 5
4654 1955 5
4654 8660 3
4654 4193 5
4654 5430 4
4654 3379 5
4654 3035 4
4654 8516 5
4654 7254 4
4654 4385 2
4654 11088 1
4654 8514 5
4654 5041 5
4654 1285 5
4655 6700 5
4655 6980 4
4655 7907 5
4655 9651 5
4655 4940 4
4655 5013 4
4655 9017 3
4655 5331 4
4655 5234 4
4655 5271 1
4655 9009 5
4655 9626 5
4656 6815 3
4656 710 5
4656 8896 5
4656 864 5
4656 9942 4
4656 8130 4
4656 3702 4
4656 309 5
4656 5925 4
4656 3465 4
4656 7506 5
4656 4091 4
4656 5249 5
4656 9589 3
4656 11072 5
4657 10089 5
4657 9433 4
4657 6979 4
4657 153 5
4657 5836 5
4657 7176 4
4657 4280 4
4657 3575 2
4657 9287 1
4657 1327 5
4657 7803 5
4657 9174 5
4657 6253 4
4657 5269 4
4658 717 5
4658 9285 5
4658 4092 5
4658 5370 5
4658 3934 4
4659 6770 3
4659 9967 5
4659 3505 5
4660 2551 5
4660 6612 3
4660 11299 3
4660 5835 3
4660 2934 5
4660 1329 5
4660 2711 4
4660 2624 5
4660 2723 5
4660 2748 5
4660 10049 3
4660 2707 5
4660 3749 3
4660 2717 5
4661 312 5
4661 741 4
4661 309 5
4661 4243 5
4661 7888 4
4661 880 5
4661 7555 5
4662 7313 5
4662 4942 5
4662 9787 5
4662 5181 5
4662 4138 1
4662 5134 5
4662 10292 5
4662 8198 5
4662 744 5
4663 8550 5
4663 1346 3
4663 11517 5
4663 4792 3
4663 11602 5
4663 7450 5
4663 3184 4
4663 9558 4
4663 4044 5
4663 9623 5
4664 2678 5
4664 4900 4
4664 4256 3
4664 336 5
4665 10248 5
4665 3617 5
4665 5735 4
4666 9448 4
4666 5009 5
4666 3942 4
4667 153 3
4667 3902 5
4667 4726 4
4668 3469 5
4668 5888 5
4668 3712 5
4668 1827 5
4668 1950 5
4668 1001 3
4668 10020 1
4668 851 5
4668 2942 5
4668 642 5
4668 309 5
4668 755 1
4668 3465 4
4668 2960 5
4668 9642 1
4668 3838 5
4668 1076 4
4668 8820 5
4668 10013 5
4668 3658 4
4668 3765 3
4668 4726 4
4668 27 5
4668 11673 5
4668 3339 4
4669 704 5
4669 863 1
4669 211 4
4669 4397 5
4669 8661 5
4669 3166 4
4670 3898 4
4670 1949 5
4670 1720 1
4670 276 5
4670 3213 3
4670 766 4
4670 1510 5
4670 9214 4
4670 211 4
4670 857 5
4670 1998 1
4670 1241 5
4670 6141 5
4670 9330 5
4670 11402 5
4670 5458 5
4671 2995 3
4671 2405 4
4671 7652 4
4671 3265 5
4671 5511 4
4671 3530 4
4671 4675 5
4671 7567 5
4671 239 4
4671 2744 5
4671 9083 5
4671 3427 5
4672 759 5
4672 1275 5
4672 276 5
4672 1421 1
4672 2495 4
4672 7576 5
4672 1682 5
4672 1313 5
4672 313 5
4673 4866 4
4673 11178 5
4673 4336 4
4673 3149 4
4673 717 5
4673 6367 5
4674 3329 5
4674 7796 5
4674 6277 2
4674 3166 1
4674 5040 4
4674 2268 1
4674 4801 5
4674 8654 4
4674 4673 3
4674 934 4
4674 1515 4
4675 1347 5
4675 3000 5
4675 1848 5
4675 313 5
4675 1896 5
4675 10339 4
4675 7800 5
4675 4863 5
4676 4686 5
4676 309 2
4676 11442 5
4676 3419 5
4676 6377 4
4676 9682 3
4676 5667 4
4676 5814 5
4676 3985 5
4676 5016 2
4677 726 3
4677 681 5
4677 780 3
4677 4262 4
4677 728 5
4677 4944 1
4677 6692 4
4677 1029 5
4678 3445 5
4678 2151 5
4678 7764 1
4678 9009 4
4678 3015 3
4678 4127 4
4678 4141 5
4678 4438 5
4678 3146 5
4678 199 4
4678 3606 5
4678 3022 5
4678 5204 5
4678 4447 2
4678 10761 5
4678 8515 5
4678 8970 2
4678 5664 3
4678 3272 3
4678 953 5
4678 10953 2
4678 8531 5
4678 261 5
4678 5351 5
4678 3849 1
4678 977 5
4679 6965 5
4679 1343 5
4679 6988 5
4679 8717 3
4679 2759 4
4679 3986 4
4679 309 4
4679 3270 5
4679 5357 4
4679 10179 4
4679 9088 3
4679 158 5
4679 1408 5
4679 2038 5
4679 824 5
4679 10101 4
4679 4054 4
4679 9772 4
4679 11673 5
4679 3152 5
4680 766 4
4680 276 3
4680 1350 5
4680 1982 4
4680 211 5
4680 4105 5
4680 726 5
4680 3123 5
4680 728 5
4680 889 4
4680 5615 5
4681 1366 5
4681 867 5
4681 6385 3
4681 4546 5
4681 10580 5
4681 8739 4
4681 196 5
4681 1429 2
4681 3596 3
4681 4286 4
4681 3985 3
4681 11298 3
4682 52 5
4682 8931 5
4682 93 5
4682 171 5
4682 124 5
4682 10882 5
4683 2119 3
4683 7918 4
4683 5648 5
4683 4565 4
4683 937 4
4683 3694 5
4683 1450 4
4683 3435 4
4683 11125 5
4683 9604 4
4683 23 5
4683 906 5
4683 954 5
4683 6673 4
4683 4049 5
4683 1454 5
4683 10384 1
4683 1501 4
4683 4759 4
4683 10799 5
4683 8930 4
4683 298 5
4683 50 5
4683 4372 4
4683 9597 5
4683 9568 5
4683 8745 5
4684 5710 5
4684 2693 1
4684 6846 5
4684 3421 5
4684 10377 5
4684 5518 5
4684 2719 5
4684 10820 5
4684 9019 2
4684 10736 3
4684 5472 4
4684 3138 5
4684 363 4
4684 8835 4
4684 6777 4
4684 2616 5
4684 10032 3
4684 3275 3
4684 3059 5
4684 5300 4
4684 9547 5
4684 7319 5
4684 5495 5
4684 5468 5
4684 9911 5
4685 4627 2
4685 11631 3
4685 3778 2
4685 876 3
4685 767 3
4685 9551 3
4685 2722 2
4685 2916 3
4685 1061 3
4685 8281 4
4685 9159 3
4685 5867 4
4685 3870 3
4685 8843 5
4685 3600 4
4685 4787 2
4685 5042 3
4685 10789 3
4685 2707 4
4686 11113 1
4686 10780 1
4686 3107 5
4686 934 4
4686 9456 5
4686 10864 2
4686 2836 3
4686 10472 2
4686 9019 4
4686 9220 2
4686 4509 1
4686 239 5
4686 4111 5
4686 5246 5
4686 5448 5
4686 978 1
4686 5096 5
4686 5291 5
4686 10335 5
4686 589 3
4686 4135 2
4686 4044 3
4686 4419 5
4686 9609 2
4686 960 2
4686 810 5
4686 6182 5
4686 4056 4
4687 704 3
4687 312 3
4687 309 3
4687 706 3
4687 8713 4
4687 1643 3
4687 8924 4
4687 7207 5
4688 4463 5
4688 4953 5
4688 1349 4
4688 843 3
4688 3046 5
4688 260 3
4688 9852 4
4688 5213 3
4688 1048 4
4688 5933 5
4688 5438 5
4688 4464 4
4688 4964 3
4688 8360 4
4689 3319 4
4689 6240 5
4689 8531 3
4690 5836 5
4690 9395 5
4690 5327 5
4690 3846 3
4690 5281 4
4690 1346 4
4690 8746 5
4690 10046 4
4690 10572 4
4690 8740 4
4690 10667 5
4690 10244 4
4690 4033 5
4690 4600 5
4691 2506 3
4691 10538 5
4691 5800 5
4692 11380 5
4692 10089 1
4692 4904 5
4692 1377 3
4692 4314 5
4693 11221 5
4693 2946 3
4693 327 2
4693 5370 5
4694 2998 4
4694 488 5
4694 2590 5
4694 11663 5
4694 5329 4
4695 1313 5
4695 211 5
4695 3963 5
4695 305 4
4695 309 4
4696 7359 5
4696 5789 5
4696 4868 4
4696 195 5
4696 1864 4
4696 4486 5
4696 2968 4
4696 803 5
4696 1718 3
4696 5900 5
4696 7472 4
4696 4702 4
4696 230 3
4696 4336 5
4696 4514 4
4696 770 4
4696 2005 5
4696 3194 4
4696 6309 5
4697 4165 3
4697 3131 5
4697 4417 5
4698 1477 2
4698 10294 4
4698 4286 5
4699 5251 5
4699 258 4
4699 4192 5
4699 10666 4
4699 8926 5
4699 7450 5
4699 3586 5
4700 4058 4
4700 9371 4
4700 7617 5
4700 3238 5
4700 1644 2
4700 3166 5
4700 6030 4
4700 1477 1
4700 2257 5
4700 3265 1
4700 10753 5
4700 7101 4
4700 6666 5
4700 4917 3
4700 323 5
4700 184 5
4700 5815 5
4700 7264 4
4700 2969 3
4700 4791 4
4700 3619 4
4700 5836 5
4700 9459 5
4700 8293 5
4700 9670 3
4701 9391 5
4701 7399 2
4701 5850 5
4701 10846 1
4702 9733 4
4702 3288 5
4702 10002 3
4703 2095 3
4703 325 5
4703 1001 2
4704 217 4
4704 3000 5
4704 104 5
4705 4792 5
4705 4919 5
4705 1410 5
4705 2754 5
4705 3672 5
4705 4599 5
4705 9433 5
4706 323 1
4706 6401 4
4706 306 4
4706 258 1
4706 2705 4
4706 313 1
4706 10047 3
4706 5344 1
4706 728 3
4706 843 3
4706 4044 5
4706 169 5
4706 4988 3
4706 48 5
4706 11451 3
4706 1387 5
4706 1902 5
4706 1419 5
4706 1332 5
4706 327 3
4706 3782 4
4706 2686 5
4707 8843 5
4707 837 5
4707 565 3
4707 4212 5
4707 2617 2
4707 9132 3
4707 4071 4
4707 2236 2
4708 156 4
4708 8760 3
4708 3529 5
4708 5537 5
4708 3066 5
4708 9731 4
4708 4306 5
4708 1241 5
4708 9126 2
4708 1691 4
4708 1709 4
4708 792 3
4708 112 5
4708 3233 5
4708 699 5
4708 3293 5
4708 309 5
4708 3686 4
4708 1260 1
4708 1414 1
4708 3000 5
4708 211 4
4708 1262 5
4708 214 5
4708 4680 5
4708 9422 4
4709 1332 5
4709 2714 4
4709 4920 5
4709 10846 5
4709 4673 3
4709 4243 1
4710 9728 4
4710 8720 4
4710 9631 5
4710 9032 5
4711 1571 4
4711 7219 4
4711 6242 1
4711 8380 1
4711 6090 5
4711 7280 5
4711 1111 5
4711 5898 2
4711 7277 5
4711 7779 5
4711 1529 5
4711 6220 2
4711 7858 4
4711 6221 4
4711 7939 5
4711 2162 3
4711 6219 4
4711 7961 4
4711 6732 3
4711 591 4
4711 5896 4
4711 6286 5
4711 6502 5
4712 8057 5
4712 48 4
4712 5811 5
4712 3939 5
4712 638 5
4712 1049 5
4713 2137 5
4713 9192 3
4713 632 4
4713 8362 5
4713 323 4
4713 9858 4
4713 3252 5
4713 6875 5
4714 3274 5
4714 4023 5
4714 606 5
4714 2449 5
4714 8385 5
4714 2259 4
4714 1573 5
4714 5138 5
4714 6164 4
4714 6142 3
4714 4809 4
4715 9083 4
4715 7052 4
4715 10094 3
4715 10317 3
4715 3929 4
4715 3934 4
4715 4054 4
4715 3784 4
4715 2749 4
4715 4275 4
4715 9677 3
4715 11423 5
4715 1049 2
4715 10544 5
4715 10634 4
4715 10845 5
4715 4788 4
4715 5733 5
4715 771 4
4716 958 5
4716 4361 4
4716 6131 5
4716 4782 4
4716 6654 4
4716 7019 5
4716 5766 5
4716 5240 5
4716 6654 5
4716 7892 5
4716 5773 5
4716 5467 4
4716 1086 5
4716 7969 4
4716 1876 5
4716 7581 5
4716 8872 5
4716 2095 4
4716 411 5
4716 5480 5
4716 4632 3
4716 4630 5
4717 10123 5
4717 3577 4
4717 5733 4
4717 4547 5
4717 1501 1
4717 4965 5
4717 10477 4
4717 4275 4
4717 4634 4
4717 6019 5
4717 10727 1
4717 2467 4
4717 5445 4
4717 3810 5
4718 11658 4
4718 9957 5
4718 10189 5
4718 4430 2
4718 2716 2
4718 3596 4
4718 10921 2
4718 4632 4
4718 2589 3
4718 5525 3
4719 8234 1
4719 3892 5
4719 4345 2
4719 10628 1
4719 9739 4
4719 312 1
4719 4673 2
4719 964 2
4719 4848 1
4719 10890 5
4720 7955 4
4720 4005 4
4720 6577 4
4720 3801 4
4720 9738 4
4720 9739 2
4721 2465 5
4721 3868 4
4721 10755 4
4721 9500 3
4721 919 4
4721 8239 4
4721 4834 5
4721 1457 3
4721 10970 4
4721 10628 4
4721 1503 4
4721 857 5
4722 4726 5
4722 742 4
4722 4827 5
4722 10329 4
4722 10025 5
4722 923 3
4722 4337 3
4722 9187 5
4722 4086 5
4722 4376 5
4722 8463 5
4722 1450 4
4722 9357 5
4722 5564 5
4722 951 5
4722 3790 5
4722 3050 5
4722 10939 4
4722 934 5
4722 128 5
4722 10654 5
4722 3627 4
4722 5220 5
4722 9142 5
4722 845 4
4722 4676 4
4722 5358 4
4722 10397 5
4722 10412 5
4722 62 4
4722 8429 4
4722 9771 5
4722 7505 2
4722 10090 5
4722 9442 4
4722 4135 5
4722 9755 5
4722 906 5
4722 1067 5
4722 9539 4
4722 8198 5
4722 11458 5
4722 5321 4
4722 4003 5
4722 5397 5
4722 997 5
4723 10070 5
4723 11239 4
4723 9099 4
4723 6382 4
4723 11202 5
4723 3326 5
4723 11009 4
4723 3891 4
4723 8926 5
4723 2749 3
4723 11104 5
4723 4850 5
4724 7373 5
4724 3322 5
4724 10483 1
4724 8464 5
4724 6129 5
4724 3844 5
4724 3869 4
4724 4631 4
4724 10526 5
4724 3583 4
4724 10227 5
4724 1515 5
4724 5526 5
4724 4012 4
4724 5239 5
4724 3275 5
4724 3579 5
4724 466 4
4724 10840 1
4724 937 4
4724 8505 4
4724 952 5
4724 954 4
4724 5728 5
4724 1043 5
4724 10674 5
4724 10620 5
4724 4914 5
4724 3379 5
4724 8681 5
4724 9276 2
4724 1035 5
4724 5522 5
4724 876 4
4724 11151 5
4724 10655 5
4724 407 5
4724 6543 5
4724 6542 5
4724 3878 1
4724 3121 4
4724 4597 5
4724 3600 5
4724 3802 3
4724 1497 5
4724 4776 5
4724 3762 5
4724 10604 4
4724 5500 4
4724 2263 5
4724 2281 4
4724 3388 4
4724 4627 5
4724 1498 5
4724 3617 5
4724 10994 2
4724 2711 5
4724 9933 3
4724 9603 5
4724 341 2
4724 4216 1
4725 1303 2
4725 1494 1
4725 333 5
4725 3608 4
4725 4634 4
4725 1501 5
4725 862 5
4725 2987 2
4725 857 5
4725 5930 4
4725 1450 4
4725 8168 5
4725 9233 5
4725 11362 4
4725 7483 3
4725 10988 1
4725 3108 4
4725 5653 5
4725 11369 5
4725 5297 1
4725 3623 2
4725 7301 4
4726 997 4
4726 846 5
4726 1400 5
4726 810 4
4726 9996 4
4726 863 3
4726 1515 2
4726 269 4
4726 8493 4
4726 8543 3
4726 2916 4
4726 10803 4
4726 10223 5
4726 5294 4
4726 8872 4
4726 6163 5
4726 8939 4
4726 9991 4
4726 9994 4
4726 6774 5
4726 3149 4
4726 10795 2
4726 7824 5
4726 168 4
4726 3830 4
4726 5776 3
4726 93 4
4726 5288 4
4726 2923 4
4726 50 4
4726 239 3
4726 3753 4
4726 1049 3
4726 2152 2
4726 5198 4
4726 10123 3
4726 1457 4
4726 992 5
4726 5228 3
4726 3954 4
4726 6595 4
4726 4878 4
4726 5435 1
4726 900 5
4726 3949 2
4726 979 5
4726 962 5
4726 857 5
4727 3460 4
4727 1484 5
4727 4919 3
4727 11286 5
4727 943 5
4727 5611 3
4727 5854 5
4727 11087 4
4727 3621 4
4727 3055 5
4727 341 4
4727 10491 4
4727 4220 2
4727 979 4
4727 910 4
4727 4631 4
4727 5617 3
4727 3832 4
4727 4244 5
4727 4135 5
4727 3801 5
4727 5355 5
4727 10404 4
4727 4384 3
4728 4543 5
4728 8488 5
4728 239 4
4728 993 5
4728 5776 4
4728 10976 5
4728 3954 5
4728 4712 4
4728 988 5
4728 1097 2
4728 9848 5
4728 1022 5
4728 3447 5
4728 10378 5
4728 4022 4
4728 10032 4
4728 2252 5
4728 11445 5
4729 10202 5
4729 8498 4
4729 10831 4
4729 10436 5
4729 3929 4
4729 6562 5
4729 5853 4
4729 10010 5
4729 11690 5
4729 4917 2
4729 3884 4
4729 3422 5
4729 9491 5
4729 3933 4
4729 10476 5
4729 3623 5
4729 4786 3
4729 4636 5
4729 1365 5
4729 5058 4
4729 1093 2
4729 2648 5
4730 4526 4
4730 5526 4
4730 3903 5
4731 9371 4
4731 6829 4
4731 5428 5
4732 10056 5
4732 7855 5
4732 8572 4
4732 4155 4
4732 2934 5
4732 2686 5
4732 11571 5
4732 8428 5
4732 4645 3
4732 3288 5
4732 4998 5
4733 6466 5
4733 7200 4
4733 6417 5
4733 7818 4
4733 6301 4
4733 6340 5
4733 4178 5
4733 7826 5
4733 7626 5
4733 7074 5
4733 3979 5
4733 7916 3
4733 6743 5
4733 6814 5
4733 1864 5
4733 6001 5
4733 11089 5
4733 8419 5
4733 6296 4
4733 2239 5
4733 8177 5
4733 8116 5
4733 5956 5
4733 4091 5
4733 1137 5
4733 7810 5
4733 7304 5
4733 7811 5
4733 6349 4
4733 2053 5
4733 6974 5
4734 6857 5
4734 4327 4
4734 4329 5
4734 5857 5
4734 5134 5
4734 6565 5
4735 1597 5
4735 3163 5
4735 4458 3
4735 4576 5
4735 5672 5
4735 7234 4
4735 7012 5
4735 8364 5
4735 4574 5
4736 313 1
4736 309 5
4736 3166 5
4736 843 5
4736 276 5
4736 1757 4
4736 3861 5
4736 3556 5
4736 1632 5
4736 104 5
4736 2961 5
4736 5993 3
4736 1332 1
4736 11355 3
4736 1408 5
4736 5597 3
4736 1052 5
4736 9682 4
4736 1275 1
4736 211 5
4736 5828 2
4736 3884 5
4736 303 4
4736 233 4
4736 10018 5
4736 5058 1
4736 8118 4
4736 6573 4
4736 9760 2
4736 5371 4
4736 2613 2
4736 9586 5
4736 10385 3
4736 11458 4
4736 3582 4
4736 857 5
4736 845 3
4736 3801 3
4736 4771 4
4736 5498 5
4736 9237 4
4736 5617 3
4736 5126 4
4736 1067 4
4736 10719 5
4736 9855 5
4736 4636 5
4736 5191 5
4737 823 5
4737 5704 4
4737 10201 2
4737 3825 5
4737 2718 5
4738 5167 1
4738 10840 5
4738 10703 5
4738 3796 4
4738 4591 5
4738 10346 5
4738 4239 2
4738 979 5
4738 934 5
4738 10819 5
4738 900 5
4738 3422 5
4738 9458 5
4738 5891 5
4738 992 4
4738 10717 3
4738 1515 5
4738 3617 5
4738 1462 5
4738 466 5
4738 5323 1
4738 814 5
4738 944 3
4738 810 5
4738 8033 5
4738 3717 3
4738 8809 2
4738 1365 5
4738 4464 5
4738 3790 5
4738 5733 5
4738 9111 5
4738 1021 5
4738 3810 5
4738 10747 5
4739 5597 5
4739 5816 4
4739 3927 4
4739 3884 4
4739 10694 5
4739 9438 4
4739 1629 5
4739 3739 3
4739 3892 5
4739 931 4
4739 900 2
4739 7233 5
4739 5466 5
4739 991 4
4739 3913 3
4739 277 5
4739 9087 4
4739 4960 5
4739 9668 3
4739 4634 4
4740 5673 5
4740 6579 5
4740 8968 3
4740 2413 5
4740 9909 5
4740 7800 5
4741 11534 5
4741 11534 5
4741 7379 5
4741 3444 5
4742 1467 1
4742 8269 4
4742 8832 2
4742 6474 5
4742 3033 5
4742 4520 4
4742 3469 5
4742 6298 3
4742 2940 4
4742 3072 5
4743 2212 3
4743 5753 5
4743 4451 4
4743 4740 4
4743 11128 4
4743 6341 5
4743 7087 5
4743 11156 5
4743 4851 2
4743 4301 5
4743 2669 3
4743 76 4
4743 2784 3
4743 4513 5
4743 6456 5
4743 6741 5
4743 231 1
4743 2151 5
4743 249 4
4743 1678 5
4743 7311 4
4743 9169 5
4743 2550 5
4743 2253 5
4743 7609 4
4743 8209 4
4743 1437 5
4743 2744 5
4743 1577 3
4743 4226 3
4743 9374 5
4743 2003 5
4743 7825 5
4743 2478 5
4743 7598 4
4743 3241 4
4743 219 4
4743 7729 4
4743 6751 4
4743 6406 5
4743 3990 5
4743 7658 1
4743 7041 2
4743 1815 5
4743 1256 4
4743 1343 5
4743 4492 5
4744 10058 5
4744 1198 5
4744 11591 5
4744 7351 5
4744 1168 5
4744 1191 4
4744 991 5
4744 9257 4
4745 4129 5
4745 6279 5
4745 6474 3
4745 3474 5
4745 2785 3
4745 7985 4
4745 1177 4
4746 8608 4
4746 6019 5
4746 1173 5
4746 1826 5
4746 3692 4
4746 720 4
4747 1171 5
4747 3400 5
4747 2566 5
4748 3638 4
4748 8624 5
4748 7270 5
4748 8102 4
4748 2008 5
4748 7131 4
4748 5980 5
4749 5520 5
4749 9459 5
4749 5833 5
4749 3861 5
4749 6551 5
4749 1458 5
4749 900 5
4749 9210 4
4749 8612 5
4749 5547 5
4749 9140 5
4749 9139 5
4749 9137 5
4749 1469 5
4749 9142 5
4750 857 5
4750 4673 1
4750 3950 4
4750 3919 5
4751 5874 4
4751 2469 5
4751 2722 5
4751 2634 4
4751 8165 1
4751 6515 1
4751 1285 4
4751 1463 4
4751 3183 5
4752 189 4
4752 759 5
4752 312 5
4752 309 3
4752 9119 4
4752 772 4
4752 3414 4
4753 2446 5
4753 2664 5
4753 11025 5
4753 5482 5
4753 4307 4
4753 244 4
4753 5035 4
4753 1901 5
4754 7999 5
4754 1533 4
4754 7638 3
4754 6739 5
4754 7035 3
4754 11100 4
4755 2669 5
4755 6417 5
4755 7123 5
4755 2531 5
4755 4466 4
4755 1108 4
4755 5732 5
4755 3664 5
4756 11079 5
4756 6597 5
4756 4835 4
4757 8213 5
4757 1879 4
4757 2517 4
4757 421 5
4757 8049 4
4757 3810 4
4757 2344 4
4757 5897 4
4757 2453 5
4757 6759 5
4757 2443 5
4757 2479 5
4757 1847 5
4757 457 5
4757 9049 5
4757 7211 5
4757 11190 5
4758 13 3
4758 1067 3
4758 5974 5
4758 7162 4
4759 7296 5
4759 4698 4
4759 7617 4
4759 5869 5
4759 9955 3
4759 8447 5
4759 6831 5
4759 11135 2
4759 2687 4
4759 3660 5
4759 3264 5
4759 9757 5
4759 3458 3
4759 11216 2
4759 4044 5
4759 3226 3
4759 5444 5
4760 4023 5
4760 2455 5
4760 4475 4
4760 4947 5
4760 632 4
4760 1178 5
4760 7664 5
4760 824 5
4760 2891 5
4760 1274 5
4760 2474 5
4760 11159 5
4760 4724 5
4760 609 5
4760 1673 5
4760 830 5
4760 5717 5
4760 5984 5
4760 2648 5
4761 4824 5
4761 3246 4
4761 2957 4
4761 2091 5
4761 3224 4
4761 4805 5
4761 5879 5
4761 3569 5
4762 4579 5
4762 9145 4
4762 9222 5
4762 9356 4
4762 10240 4
4762 11377 4
4762 11194 4
4762 9855 4
4762 9847 4
4762 11474 4
4762 7965 5
4762 9854 5
4762 7760 4
4762 9196 4
4762 9840 4
4762 3235 4
4763 6655 5
4763 10915 5
4763 3717 4
4763 2701 5
4763 10043 5
4763 3717 4
4763 4676 4
4763 11292 5
4763 4825 4
4763 1349 4
4763 6562 5
4763 5397 4
4763 9626 4
4763 3919 5
4763 8737 3
4764 3643 5
4764 3169 4
4764 6194 5
4764 6284 4
4764 8466 4
4764 11246 3
4764 11514 5
4764 11552 4
4764 2619 5
4765 5444 4
4765 11553 5
4765 323 5
4765 5444 5
4765 104 1
4765 1332 3
4765 6839 5
4766 5226 5
4766 1052 5
4766 10833 4
4766 5166 2
4766 8362 5
4766 5497 5
4766 3952 5
4766 11215 5
4766 9220 5
4766 10888 5
4766 10397 5
4766 992 5
4766 3798 3
4766 9443 4
4766 8495 5
4766 5733 5
4766 5312 2
4766 947 3
4766 3680 3
4766 1515 5
4766 11464 4
4766 3913 5
4766 1344 5
4766 10755 4
4766 10680 2
4766 11460 4
4766 8683 4
4766 5606 5
4766 3947 5
4766 9853 5
4766 5373 2
4766 9855 4
4766 10890 5
4766 5299 5
4766 10593 4
4766 5498 5
4767 6093 5
4767 6259 5
4767 2263 5
4767 7813 5
4767 7093 5
4767 4539 5
4768 2123 5
4768 1620 3
4768 2149 5
4768 3394 5
4768 6076 3
4768 1569 5
4768 7598 3
4768 2061 2
4768 158 3
4768 6251 5
4768 2335 5
4768 3556 5
4768 2094 3
4768 6609 5
4768 182 5
4768 5441 2
4768 2462 4
4769 1124 5
4769 2525 5
4769 7345 5
4769 1177 5
4769 11593 4
4769 3181 5
4769 2074 4
4770 2580 4
4770 1741 4
4770 5882 5
4770 1657 4
4771 1660 5
4771 6059 5
4771 2651 5
4771 753 5
4771 3877 5
4771 5419 5
4771 3768 2
4771 1682 5
4771 211 5
4771 5438 5
4771 4454 5
4771 9724 5
4771 1342 1
4771 3842 4
4771 1767 5
4771 6208 5
4771 4113 5
4771 6644 4
4771 5703 5
4771 7399 5
4771 8360 5
4771 6830 5
4771 2395 5
4771 2590 4
4771 10296 5
4772 3585 5
4772 9054 3
4772 9773 2
4772 1458 5
4772 4559 4
4772 5541 5
4772 2729 4
4772 5572 5
4772 2741 4
4772 3934 5
4772 5828 5
4773 9851 5
4773 8349 5
4773 9547 5
4773 5606 5
4773 3762 5
4773 5460 5
4773 5468 5
4774 1365 5
4774 11547 4
4774 10910 5
4774 3913 5
4775 999 5
4775 2689 5
4775 966 5
4775 857 5
4775 327 5
4775 8197 1
4775 11691 5
4775 9577 2
4775 9780 5
4775 9853 5
4775 11317 5
4775 5300 3
4775 3801 5
4775 6791 5
4775 5464 5
4775 11369 5
4775 10768 4
4775 3913 5
4775 4135 5
4775 10952 3
4775 8402 5
4775 8194 5
4775 5998 5
4775 2831 2
4775 1021 5
4775 8652 1
4775 906 4
4775 5126 5
4775 8500 5
4775 8362 5
4775 10506 4
4775 2689 5
4775 11489 5
4776 7157 2
4776 7308 5
4776 2476 4
4776 442 5
4777 2366 4
4777 2714 4
4777 7384 5
4778 2491 4
4778 1564 3
4778 308 3
4778 6447 5
4778 3455 4
4778 1047 5
4778 1419 3
4778 3629 4
4778 1642 5
4778 9304 5
4778 5147 3
4778 865 5
4778 142 5
4778 2301 1
4778 866 4
4778 10260 5
4778 457 1
4778 6767 5
4778 5586 5
4778 8992 5
4778 11432 3
4778 2637 1
4778 1122 4
4778 3047 5
4778 7022 2
4778 1072 3
4778 2886 2
4778 7474 5
4778 7044 5
4778 9127 5
4778 3499 2
4778 3631 4
4778 6642 5
4778 11253 2
4778 13 3
4778 2043 4
4778 1551 5
4779 1621 3
4779 5874 4
4779 5761 5
4780 7184 5
4780 5672 5
4780 3256 5
4780 8017 5
4780 3175 5
4780 6268 5
4780 7133 5
4780 7347 5
4781 3748 2
4781 420 3
4781 417 3
4781 2120 3
4781 6883 3
4781 1444 1
4781 1139 2
4781 396 2
4781 6813 3
4781 4361 2
4781 2336 3
4781 4841 3
4781 4574 4
4781 2348 2
4781 2446 3
4781 6442 4
4781 5911 4
4781 2471 4
4781 3579 5
4781 4248 3
4781 4836 4
4781 5722 3
4781 2308 4
4781 2558 3
4781 4820 5
4781 8451 3
4781 4021 4
4781 2907 5
4781 2126 3
4781 8411 3
4781 1129 5
4781 457 4
4781 8326 5
4781 3626 5
4781 7282 5
4781 536 3
4781 2542 5
4781 6328 5
4781 1177 4
4782 1332 5
4782 934 3
4782 3782 5
4782 1605 4
4782 1129 5
4782 8080 3
4782 6375 4
4782 2476 5
4783 3309 3
4783 5031 1
4783 4117 4
4783 7308 5
4783 2592 4
4783 8752 4
4783 6793 5
4784 830 5
4784 2568 5
4784 6951 5
4785 5882 5
4785 7457 2
4785 3175 5
4785 1936 5
4785 1325 1
4785 1939 5
4785 2651 5
4785 309 5
4785 3263 5
4785 9394 5
4785 4950 5
4785 5692 4
4785 2374 2
4785 2755 1
4786 11099 5
4786 2651 5
4786 4073 4
4786 5684 3
4786 5596 4
4786 10776 1
4786 6651 4
4786 8614 4
4786 5969 5
4786 3254 5
4787 9641 5
4787 10103 4
4787 104 5
4787 7048 2
4787 753 5
4787 3450 1
4787 3449 5
4787 1419 1
4787 6019 5
4788 4801 5
4788 10092 2
4788 2119 5
4788 10859 5
4788 1408 5
4789 10836 5
4789 1516 4
4789 5026 4
4789 9214 3
4789 1441 3
4789 6719 5
4789 184 4
4789 842 4
4789 8508 5
4789 814 4
4789 5891 4
4789 3966 5
4789 1081 4
4789 1465 4
4789 10490 4
4789 4138 4
4789 10191 5
4789 4888 4
4789 4901 5
4789 9767 2
4789 954 5
4789 7560 4
4789 2881 4
4789 4800 5
4789 4299 4
4789 5766 5
4789 4942 5
4789 5226 4
4789 975 5
4789 8181 5
4789 9012 5
4789 327 5
4790 2461 5
4790 309 3
4790 4258 3
4790 6212 5
4790 4839 4
4790 8734 4
4790 3834 5
4790 873 5
4790 2620 1
4790 10422 5
4790 10034 4
4790 1429 2
4790 216 5
4790 3778 2
4790 10330 5
4791 5930 4
4791 4365 5
4791 934 4
4791 1067 2
4791 1497 5
4791 1465 1
4791 2095 5
4791 3778 3
4791 11239 5
4791 1097 4
4791 5605 4
4791 2257 5
4791 9236 5
4792 979 3
4792 10907 5
4792 4299 5
4792 3393 5
4792 4346 4
4792 4513 4
4792 5082 4
4792 11282 4
4792 1029 3
4792 923 3
4792 11447 5
4792 10122 2
4792 2632 5
4792 5839 4
4792 8718 5
4792 5226 5
4792 9438 4
4792 885 5
4792 277 5
4792 5263 5
4792 9758 5
4792 4399 5
4792 934 5
4792 4717 5
4792 4717 4
4792 284 4
4792 3944 2
4792 891 5
4792 9770 3
4792 1516 4
4792 4565 4
4792 9700 4
4792 977 4
4792 50 4
4792 8520 4
4792 1080 4
4792 1450 4
4792 10397 4
4792 8495 4
4792 6332 4
4792 3687 5
4792 5997 2
4793 3935 5
4793 5766 5
4793 10094 2
4793 10110 5
4794 2701 5
4794 925 5
4794 938 4
4794 4876 5
4794 9456 4
4794 8623 5
4794 7507 5
4794 9084 5
4794 5239 5
4794 9399 5
4794 844 1
4794 4077 5
4794 4829 4
4794 2906 5
4794 8176 5
4794 5429 5
4794 8737 5
4794 4690 4
4794 5574 5
4794 860 5
4795 6427 2
4795 5041 4
4795 9191 4
4795 1425 5
4795 867 5
4795 9648 3
4795 9396 3
4795 3156 4
4795 10853 4
4795 6923 2
4795 3619 2
4795 3797 3
4795 9740 2
4795 10653 4
4795 10838 5
4795 3716 5
4795 6576 5
4795 4490 2
4795 5127 5
4795 3954 4
4795 857 4
4795 972 4
4795 9411 2
4795 239 4
4795 484 2
4795 5092 4
4795 4402 4
4795 974 3
4795 5279 4
4795 3748 3
4795 3715 4
4795 11692 4
4795 10385 2
4795 10669 3
4795 5755 5
4795 2589 4
4795 1006 5
4795 10805 5
4795 1629 4
4795 10426 5
4795 8755 4
4795 9773 2
4795 2152 3
4795 1025 5
4795 4787 5
4795 10478 4
4795 8299 5
4795 8369 5
4795 10469 5
4795 5464 3
4795 4963 5
4795 3768 4
4795 5738 5
4795 2095 5
4795 1457 4
4795 10658 5
4795 5237 5
4795 10150 1
4795 9392 4
4795 3881 3
4795 9210 2
4795 5220 5
4795 5607 5
4795 3949 5
4795 3951 5
4795 2701 5
4795 7834 5
4795 4386 5
4795 4676 5
4795 946 4
4795 8220 5
4796 8362 2
4796 4558 4
4796 1675 4
4796 944 1
4796 3797 4
4796 3683 4
4796 8561 5
4796 4796 4
4796 1029 5
4796 9763 4
4796 790 5
4796 4239 1
4796 10117 3
4796 5306 4
4796 9491 4
4796 5684 4
4796 638 5
4796 4275 3
4796 4550 4
4796 2700 5
4796 4802 4
4796 4828 5
4796 9828 5
4796 8362 3
4796 4825 5
4796 7759 2
4796 7342 4
4796 5359 5
4796 4661 4
4796 3801 4
4796 1515 1
4796 8491 2
4797 7547 5
4797 7033 5
4797 4630 4
4797 7027 5
4797 1444 3
4797 3950 4
4797 4055 5
4797 10565 5
4798 6939 1
4798 5226 4
4798 2670 4
4798 3847 5
4798 1439 5
4799 2718 2
4799 4411 4
4799 4026 5
4799 3875 1
4799 3032 5
4799 3611 5
4799 3873 5
4799 10227 4
4799 3782 5
4799 3870 4
4799 4019 1
4799 932 4
4799 1522 3
4799 10854 5
4800 2713 5
4800 377 5
4800 7319 5
4800 11210 5
4800 7495 5
4801 2363 5
4801 580 5
4801 1876 3
4801 3773 5
4801 3772 5
4801 7920 1
4801 1462 4
4801 377 5
4802 4717 4
4802 11306 4
4802 9402 4
4803 732 1
4803 174 3
4803 258 2
4803 712 5
4803 740 4
4804 4834 4
4804 9911 3
4804 8234 3
4804 2746 4
4804 2712 4
4805 3937 5
4805 5537 5
4805 5576 5
4806 5979 5
4806 1439 4
4806 10707 5
4806 11373 5
4806 5779 5
4806 7160 5
4806 8234 5
4806 11002 5
4806 1021 5
4806 11369 4
4806 3913 5
4806 7203 4
4806 341 5
4806 2756 5
4806 10939 5
4806 1466 5
4806 1062 5
4806 3421 5
4806 5177 5
4806 5176 5
4806 11440 5
4806 1469 5
4806 10804 4
4806 3252 2
4806 521 5
4806 3385 2
4806 5501 4
4806 514 5
4806 10630 5
4806 2656 5
4806 2570 5
4806 3808 4
4806 3796 5
4806 5355 5
4806 3953 2
4806 11408 4
4806 5356 5
4806 10999 5
4806 10250 1
4806 5355 5
4806 10631 5
4806 11320 5
4806 10629 5
4806 1067 5
4806 2242 5
4806 3762 5
4806 3790 5
4806 9749 5
4806 10495 5
4806 9747 5
4806 11435 5
4806 11339 5
4806 8612 5
4806 5392 4
4806 11003 5
4806 10936 5
4806 9838 5
4806 10270 5
4806 9746 5
4806 9748 5
4806 5355 5
4807 4640 5
4807 2975 4
4807 5589 4
4808 4719 4
4808 8087 2
4808 1911 5
4808 6264 5
4808 9454 4
4808 8484 5
4808 9443 5
4808 5733 4
4809 4418 5
4809 728 4
4809 211 4
4810 4112 4
4810 3146 5
4810 954 5
4810 276 5
4810 313 4
4810 309 3
4811 879 3
4811 3822 3
4811 4072 1
4811 843 4
4811 5489 5
4811 699 4
4811 772 1
4811 313 4
4811 1939 5
4811 3082 3
4811 309 3
4811 3437 4
4811 9202 4
4811 4694 5
4811 7585 5
4811 4203 3
4812 4917 5
4812 2759 4
4812 2933 5
4812 7158 5
4813 3398 3
4813 9037 3
4813 258 1
4813 5251 3
4813 1035 5
4813 4255 4
4813 3307 3
4813 196 5
4813 9821 5
4813 526 5
4813 3144 4
4813 9914 5
4814 2979 1
4814 7761 5
4814 11298 5
4814 10306 5
4814 3265 1
4815 3369 4
4815 2643 4
4815 3173 5
4816 4158 5
4816 610 5
4816 2461 5
4816 3280 5
4816 4117 5
4816 4224 5
4817 3462 4
4817 3251 5
4817 10190 5
4817 11076 5
4818 323 5
4818 4750 5
4818 732 5
4818 2969 2
4818 1637 3
4818 9870 4
4818 459 4
4818 422 2
4818 2264 5
4818 2636 4
4818 2648 4
4818 500 5
4818 309 5
4818 10174 4
4818 8808 5
4818 383 4
4818 3878 5
4818 9909 3
4818 1241 5
4818 687 5
4818 2699 4
4819 4742 5
4819 1275 1
4819 4543 4
4819 323 5
4819 4143 4
4819 4280 5
4819 728 3
4819 3821 4
4819 1501 4
4819 1418 1
4819 9759 4
4819 5154 3
4819 9762 5
4819 4552 5
4819 9523 4
4819 5279 4
4819 2257 4
4820 4382 3
4820 4839 5
4820 452 4
4820 488 4
4820 4383 3
4820 10054 4
4820 9628 4
4820 4380 5
4820 720 2
4821 11206 5
4821 9769 5
4821 1332 4
4821 574 1
4821 1476 1
4821 889 3
4821 5112 5
4821 11239 4
4821 1080 4
4821 4414 1
4821 10425 1
4821 992 5
4821 9945 1
4821 9831 2
4821 1002 4
4821 8305 5
4821 814 5
4821 5597 3
4821 3852 2
4821 1513 1
4821 5318 5
4821 3770 4
4821 2616 5
4821 2639 5
4821 11693 4
4821 994 1
4821 11289 2
4821 8453 4
4821 11431 3
4821 5782 3
4821 8671 3
4821 11352 3
4821 10917 4
4821 10338 3
4821 10599 3
4821 11433 2
4821 11432 3
4821 3756 4
4821 4899 4
4821 6589 3
4821 4234 3
4821 6634 3
4821 6631 4
4821 3621 4
4821 5229 3
4821 6638 4
4821 2690 3
4821 6633 3
4821 8322 4
4821 5833 5
4821 1329 5
4821 5835 4
4821 3749 4
4821 6632 3
4821 10769 3
4821 10488 3
4821 7348 4
4821 5389 4
4821 11500 4
4821 1457 5
4821 5228 4
4821 3943 5
4821 10082 4
4821 1959 4
4821 10505 4
4821 10487 1
4821 6595 2
4821 5370 4
4821 10789 3
4821 6039 4
4821 2095 5
4821 7712 5
4821 10977 3
4821 10157 2
4821 10781 4
4821 1450 5
4821 1048 5
4821 9335 4
4821 3941 2
4821 10340 3
4821 10493 3
4821 3398 4
4821 10730 4
4821 6770 3
4821 10407 4
4821 9992 4
4821 910 4
4821 8362 4
4821 6845 5
4821 919 3
4821 5182 4
4821 3275 3
4821 4634 4
4821 638 4
4821 4787 5
4821 1365 5
4821 4439 5
4821 1493 4
4821 10032 3
4821 10397 3
4821 857 4
4821 3447 4
4821 4675 4
4821 3627 1
4821 6523 5
4821 10449 4
4821 11448 4
4821 10463 5
4821 3680 4
4821 10876 4
4821 936 4
4821 3839 4
4821 5127 4
4821 935 4
4821 3619 3
4821 11305 5
4821 4135 5
4821 11295 2
4821 5228 4
4821 6648 5
4821 4095 5
4821 8230 4
4821 11459 5
4821 9867 4
4821 11494 5
4821 10239 4
4821 8406 4
4821 1949 5
4821 11188 5
4821 10567 5
4821 4705 4
4821 10414 5
4821 6019 4
4821 1407 5
4821 2174 5
4821 8280 3
4821 10697 4
4821 7148 5
4821 5160 5
4821 3390 1
4821 1269 2
4821 2290 4
4821 377 3
4821 2384 4
4821 5933 4
4821 4776 5
4821 2726 5
4821 2730 4
4821 2656 4
4821 5932 3
4821 5509 4
4821 2965 5
4821 1478 5
4821 4396 5
4821 10375 4
4821 5210 4
4821 4334 5
4821 5584 2
4821 6696 4
4821 5460 5
4822 309 5
4822 1275 3
4822 1477 2
4823 1241 4
4823 9395 4
4823 3617 4
4823 638 5
4823 1466 1
4823 5052 5
4823 3252 5
4824 8070 5
4824 1599 5
4824 857 5
4824 309 1
4824 6060 5
4825 313 4
4825 3985 3
4825 4667 5
4825 5658 5
4825 8855 2
4825 4417 5
4826 1539 1
4826 728 3
4826 867 3
4827 4773 5
4827 2461 5
4827 10086 5
4827 4080 4
4828 3982 3
4828 1408 5
4828 5676 4
4828 217 4
4828 4232 4
4828 1343 5
4828 309 5
4829 2090 4
4829 775 4
4829 309 4
4830 11123 5
4830 11205 4
4830 4126 5
4830 2703 5
4831 11536 5
4831 3007 4
4831 5617 1
4831 11484 4
4831 9456 4
4831 10933 4
4831 7761 4
4832 699 5
4832 673 5
4832 8775 5
4832 9063 5
4832 9093 2
4832 3740 3
4833 897 2
4833 9894 4
4833 6607 4
4833 5711 4
4833 627 3
4834 4686 5
4834 3905 5
4834 7568 5
4834 3469 5
4834 9602 5
4834 3520 5
4834 6174 4
4834 5515 5
4834 4305 5
4834 6618 5
4834 11226 5
4834 5925 5
4834 3498 2
4834 4410 4
4834 4426 5
4834 8431 4
4834 3740 2
4834 6947 1
4834 5628 5
4834 4302 3
4834 8500 2
4834 4712 3
4834 3207 5
4834 4836 5
4834 6947 2
4834 7962 5
4834 7834 5
4834 4812 4
4834 3447 5
4835 3556 5
4835 1395 4
4835 6984 5
4835 1896 4
4835 728 4
4835 104 5
4835 780 4
4835 10294 5
4835 9033 5
4835 3450 3
4835 4043 4
4835 6376 2
4835 4072 3
4835 1387 3
4835 4244 5
4835 1332 3
4836 1718 3
4836 3230 3
4836 5830 5
4836 4423 4
4836 3920 4
4836 9016 4
4836 864 5
4836 5266 5
4836 4043 3
4836 4868 5
4836 810 5
4836 7098 5
4836 826 2
4836 2701 5
4836 3606 5
4836 5199 5
4837 1911 5
4837 1501 4
4837 6440 4
4837 309 3
4837 104 4
4837 5374 4
4837 9880 5
4837 1467 4
4837 7135 5
4837 891 1
4837 1268 4
4837 3810 4
4837 2395 5
4837 2461 3
4838 3156 3
4838 365 4
4838 10012 5
4838 4686 4
4838 4917 2
4838 5302 5
4838 5507 4
4838 4558 4
4839 5450 5
4839 3565 5
4839 1332 5
4839 3449 5
4839 5064 5
4839 4466 5
4839 4771 5
4840 11158 5
4840 4707 5
4840 1387 1
4841 843 3
4841 1377 2
4841 712 5
4841 5419 5
4841 1743 4
4841 829 5
4841 323 3
4841 1277 5
4841 234 5
4841 211 4
4841 1325 3
4841 10961 5
4841 8355 5
4841 2590 5
4842 2858 5
4842 1657 5
4842 5031 4
4842 4919 5
4842 8362 5
4842 717 5
4842 3869 4
4842 5597 5
4842 5083 5
4842 3717 5
4842 4351 5
4842 11538 5
4842 3750 5
4842 9207 5
4842 3867 1
4842 9773 5
4842 3156 1
4842 3801 5
4842 3627 1
4842 9635 5
4842 11032 5
4842 1071 5
4842 8202 2
4842 5351 5
4843 762 3
4843 5424 4
4843 4879 5
4843 3417 4
4843 2315 4
4843 7045 5
4843 11397 3
4843 312 1
4843 3252 5
4844 1349 2
4844 9975 4
4844 5671 4
4844 10664 4
4844 5710 4
4844 5046 4
4844 5046 4
4844 11230 4
4844 3048 4
4845 9198 5
4845 1314 5
4845 1682 3
4845 4496 5
4845 3123 5
4845 10897 5
4845 4636 5
4845 10776 4
4845 104 5
4845 1263 5
4845 1332 5
4845 8601 5
4845 1403 5
4845 934 5
4845 3596 5
4845 11177 4
4845 3777 2
4845 10779 3
4845 909 1
4845 3861 5
4845 3422 4
4845 3617 5
4845 184 5
4845 10529 5
4845 10694 5
4845 10732 3
4845 994 5
4845 10055 5
4845 900 5
4845 10435 5
4845 857 5
4845 5495 5
4845 3801 5
4845 10406 4
4845 56 5
4845 11491 3
4845 947 5
4845 9411 4
4845 10249 4
4845 9142 5
4845 4784 4
4845 4645 5
4845 11465 4
4845 9393 5
4845 9557 3
4845 11174 4
4845 3892 5
4845 5557 5
4845 3606 5
4846 792 5
4846 721 3
4846 829 5
4846 288 5
4846 196 5
4846 712 5
4846 323 5
4846 258 3
4846 313 4
4846 8983 5
4846 1515 2
4847 4706 5
4847 9207 4
4847 8041 4
4847 9566 4
4847 4113 5
4847 3315 5
4847 1998 3
4847 1275 2
4847 4752 5
4847 4960 5
4847 3104 5
4847 11094 5
4847 1408 5
4847 4805 4
4847 69 1
4847 148 1
4848 10870 3
4848 8859 4
4848 8763 5
4848 7745 4
4848 7112 4
4848 10637 5
4848 997 5
4848 10790 5
4848 5248 3
4848 979 4
4848 4386 4
4848 10771 5
4848 9763 5
4848 1390 5
4848 3590 5
4848 3687 4
4848 3816 5
4848 327 4
4848 9653 5
4848 3827 4
4848 4351 5
4848 10115 5
4848 4203 5
4848 4673 4
4848 2673 4
4848 11422 3
4848 7208 5
4848 5788 4
4848 10472 2
4848 4559 4
4848 3905 4
4848 3686 3
4848 10946 5
4848 1052 4
4848 10977 5
4848 1078 3
4848 5537 5
4848 3884 4
4848 6377 5
4848 10397 5
4848 9443 3
4848 8849 5
4848 9568 4
4848 5170 3
4848 1515 4
4848 11421 5
4848 4049 4
4848 5020 5
4848 3428 4
4848 814 5
4848 3085 5
4848 5733 4
4848 11117 3
4848 1515 5
4848 5400 5
4849 7432 5
4849 1022 5
4849 583 5
4849 830 5
4849 3852 5
4849 846 4
4849 6904 1
4849 733 5
4849 5409 4
4849 2252 5
4849 4018 3
4849 7492 5
4849 11335 4
4849 11027 4
4849 5586 5
4849 1037 5
4849 839 5
4849 860 5
4849 862 5
4849 5590 5
4849 941 5
4850 8602 1
4850 5167 1
4850 8495 5
4850 4391 4
4850 1042 5
4850 9670 4
4850 10780 4
4850 2194 4
4850 1003 4
4850 4917 1
4850 10965 4
4850 3199 5
4850 184 4
4850 1049 5
4850 8715 5
4850 8601 5
4850 5495 5
4850 955 5
4850 5380 4
4850 2091 4
4850 10287 5
4850 9212 1
4850 9610 5
4850 4558 4
4850 5312 4
4850 5351 5
4850 749 4
4850 904 2
4850 3774 4
4851 3687 4
4851 10481 5
4851 8642 5
4851 9461 4
4851 3750 1
4851 810 3
4851 925 5
4851 1467 5
4851 9944 5
4851 1049 4
4851 5012 5
4851 8514 5
4851 4108 5
4851 10284 3
4851 2701 4
4851 4690 4
4851 9399 5
4851 9207 3
4852 1518 4
4852 867 3
4852 5482 5
4852 1852 5
4852 6129 4
4852 7188 2
4852 2749 5
4852 9603 5
4852 3953 5
4852 3626 4
4852 909 1
4853 7470 2
4853 10701 5
4853 9242 4
4853 10469 4
4853 9395 5
4853 10129 5
4853 3606 5
4853 643 5
4853 9676 3
4853 10920 4
4853 1323 5
4853 326 5
4853 1458 3
4853 7918 3
4853 2404 3
4853 947 3
4853 9700 1
4853 10781 5
4853 3940 5
4853 3887 3
4853 9667 5
4853 7992 5
4853 10491 5
4853 8598 5
4853 3929 2
4853 1479 5
4853 10308 5
4853 5126 4
4853 1455 3
4853 10775 5
4853 11423 3
4853 10543 5
4853 10945 4
4853 1004 4
4853 703 3
4853 9347 5
4853 10031 4
4853 10540 4
4853 4054 2
4853 7328 4
4853 3739 4
4853 10062 4
4853 5325 5
4853 5563 5
4853 8087 3
4853 8572 4
4853 5571 5
4853 5000 5
4853 11512 4
4853 10813 4
4853 11026 4
4853 4561 4
4853 4286 5
4853 9435 4
4853 7373 4
4853 8007 5
4853 11406 4
4853 3761 4
4853 7504 4
4853 3773 5
4853 10231 4
4853 4212 4
4853 3579 5
4853 3796 5
4853 1450 5
4853 8740 4
4853 8362 4
4853 4633 1
4853 3927 3
4853 4683 5
4853 10774 5
4853 966 5
4853 9677 1
4853 4394 4
4853 3686 4
4853 8500 2
4853 8648 5
4853 978 3
4853 1493 5
4853 3446 5
4853 974 3
4853 3801 2
4853 10287 4
4853 4762 5
4853 11565 5
4853 3952 5
4853 11627 4
4853 994 3
4853 4277 1
4853 239 4
4853 4058 4
4853 10812 5
4853 2095 5
4853 966 5
4853 4878 4
4853 2885 5
4853 10735 5
4853 5768 4
4853 1021 1
4853 9677 1
4853 8931 5
4853 8930 5
4853 11063 2
4853 3161 5
4853 5776 5
4853 5435 5
4853 5327 4
4853 919 4
4853 10436 5
4853 10032 4
4853 8848 5
4853 11640 4
4853 1329 3
4853 6626 5
4853 9411 4
4853 1439 4
4853 992 3
4853 3881 4
4853 4917 1
4853 4917 1
4853 8468 5
4853 10265 4
4853 5409 5
4853 3884 5
4853 10476 5
4853 5226 5
4853 5058 1
4854 3252 5
4854 5520 5
4854 10995 5
4854 4694 5
4854 3715 5
4854 3478 5
4854 3953 5
4854 7712 5
4854 1429 5
4854 10322 4
4855 4993 4
4855 246 5
4855 574 1
4855 10370 5
4855 3932 5
4855 4543 4
4855 4588 1
4855 9399 5
4855 9454 2
4856 5811 5
4856 11054 1
4856 3666 4
4856 830 5
4856 2194 3
4856 10565 5
4856 3146 3
4856 3797 4
4856 5482 4
4856 5075 1
4856 8063 5
4856 6698 5
4856 1478 5
4856 7519 5
4856 3948 4
4856 3447 3
4856 3870 2
4856 9657 5
4856 1870 4
4856 3770 5
4856 3954 1
4856 9411 2
4856 1510 5
4856 1365 4
4856 6520 4
4856 906 5
4856 10590 4
4856 5205 5
4857 10654 5
4857 1067 5
4857 2620 1
4857 5104 5
4857 2582 5
4857 11382 4
4857 5787 5
4857 4090 5
4857 8652 2
4857 5619 5
4857 5808 5
4857 11610 4
4857 110 4
4857 3750 2
4857 3908 2
4857 10431 5
4857 3447 4
4857 4829 2
4857 2709 4
4857 8428 5
4857 10276 1
4857 1481 5
4858 6440 5
4858 5000 5
4858 4726 5
4858 10177 5
4858 323 5
4858 3156 2
4858 4275 5
4858 4048 1
4858 3888 1
4858 9053 1
4858 4044 4
4858 1479 5
4858 2701 5
4858 3927 3
4858 5400 5
4858 1515 1
4858 11279 5
4858 4917 3
4858 5622 5
4858 5733 5
4858 4690 4
4858 8857 5
4858 7468 1
4858 5537 5
4858 925 5
4858 900 5
4858 1067 5
4858 4791 3
4858 979 5
4858 10896 5
4858 10918 2
4858 5313 5
4858 810 5
4858 11694 5
4858 992 5
4858 10803 5
4858 11401 5
4858 3985 2
4858 1629 4
4858 5226 2
4858 3954 2
4858 10717 4
4858 5525 4
4858 9238 5
4858 6706 3
4858 10733 1
4858 4219 5
4858 11470 5
4858 1442 5
4858 4833 4
4858 3800 4
4858 11038 1
4858 4349 5
4858 5220 5
4858 3832 5
4858 10971 5
4858 934 5
4858 1450 1
4858 4877 3
4858 631 4
4858 3944 1
4858 11414 5
4858 8742 3
4858 5400 5
4858 10933 2
4859 1618 4
4859 184 4
4859 312 3
4859 1041 3
4859 10839 5
4859 10976 4
4859 5171 2
4859 9613 3
4859 1067 3
4859 954 5
4859 1081 3
4859 6770 1
4859 955 5
4859 10347 4
4859 924 5
4859 2045 2
4859 1075 4
4859 10875 2
4859 9832 4
4859 4018 2
4859 10913 4
4859 1044 3
4859 8314 4
4859 3287 4
4859 1802 5
4859 9065 4
4859 941 5
4859 7868 4
4859 583 4
4859 5376 4
4859 9271 5
4859 4021 5
4859 437 5
4859 10941 4
4860 934 3
4860 1364 5
4860 11230 3
4860 11635 2
4860 4878 4
4860 5625 2
4860 4288 4
4860 3156 5
4860 900 5
4860 3589 2
4860 10880 4
4860 3252 5
4860 3954 3
4860 5365 5
4860 3948 4
4860 3905 4
4860 10747 5
4860 3954 5
4860 5020 5
4860 10508 4
4860 3785 3
4860 5226 4
4860 11695 5
4860 5314 5
4861 7300 4
4861 9730 5
4861 8469 5
4861 3954 2
4861 2305 5
4861 3750 2
4861 3790 4
4861 9601 5
4861 1067 4
4861 670 4
4861 2919 5
4861 1067 4
4861 5171 1
4862 4509 2
4862 1203 5
4862 2756 5
4862 3774 4
4862 1067 2
4862 1481 4
4862 3777 5
4862 5781 5
4862 925 5
4862 1379 5
4862 885 4
4862 10118 5
4862 1451 5
4862 7992 5
4862 6077 3
4862 3108 5
4862 9949 5
4862 2701 4
4862 3954 4
4862 4897 4
4862 2695 3
4862 7979 5
4862 1457 2
4862 3606 4
4862 944 3
4862 1365 5
4862 946 5
4862 4083 5
4862 3615 4
4862 10267 3
4862 8637 5
4862 10866 5
4862 5997 4
4862 9944 5
4862 8718 5
4862 6577 5
4862 10805 5
4862 9650 4
4862 6116 5
4862 3927 4
4862 3913 5
4862 5228 5
4862 5220 4
4862 5071 5
4862 3744 5
4862 1034 5
4862 5229 5
4862 10093 2
4862 2966 5
4862 9866 5
4862 3446 5
4863 3863 5
4863 758 5
4863 5460 5
4863 2095 5
4863 3606 5
4863 3773 5
4863 5549 5
4863 10859 5
4863 857 5
4863 5166 1
4863 2329 5
4863 10122 3
4863 7977 5
4863 11008 5
4863 992 5
4863 10583 5
4863 1349 5
4863 3757 5
4864 4795 5
4864 2976 5
4864 932 5
4864 904 3
4864 4399 4
4864 1876 5
4864 5409 5
4864 11114 4
4864 4632 4
4864 3121 4
4864 3606 5
4864 10025 4
4864 3773 5
4864 3010 4
4864 885 5
4864 1469 4
4864 3770 5
4864 4135 4
4864 5313 5
4864 3611 5
4864 153 2
4864 4661 5
4864 1466 4
4864 2827 3
4864 3790 3
4864 9478 5
4864 4642 5
4864 5546 4
4864 4630 5
4865 1461 4
4865 3830 4
4865 5137 4
4865 108 4
4865 1047 5
4865 1080 5
4866 5579 4
4866 5829 4
4866 2722 2
4866 3108 4
4866 2734 3
4866 4820 5
4866 3761 5
4866 2558 5
4866 1466 5
4866 3773 5
4866 4627 1
4866 4337 3
4866 7142 4
4866 857 5
4866 3623 4
4866 1509 2
4866 5190 4
4866 11091 4
4866 8362 5
4866 3351 5
4866 4908 3
4866 3739 4
4866 7880 4
4866 965 5
4867 11384 5
4867 2624 5
4867 4358 4
4867 2695 4
4867 3869 3
4867 9189 4
4867 10615 5
4867 5930 1
4867 3870 3
4867 4949 5
4867 4785 3
4867 3393 3
4867 1241 5
4867 3583 4
4867 11045 5
4867 11411 3
4867 11509 4
4867 11489 4
4867 8242 5
4867 2363 5
4867 5611 4
4867 2373 2
4868 8617 3
4868 4172 4
4868 11696 5
4868 631 5
4868 10701 5
4868 9099 5
4868 3469 4
4868 6970 4
4868 944 4
4868 3194 5
4868 10113 4
4868 1349 4
4868 10836 5
4868 5676 4
4868 5695 5
4868 10714 4
4868 1515 2
4868 1629 4
4868 9735 4
4868 4400 5
4868 11407 5
4868 2916 5
4868 10966 1
4868 5361 5
4868 3315 5
4868 1870 4
4869 3954 4
4869 6393 5
4869 11645 4
4870 9467 5
4870 4559 5
4870 5305 4
4870 4058 5
4870 4055 5
4870 9370 5
4870 3879 5
4870 3884 5
4870 3768 5
4870 1928 5
4870 10031 5
4870 5602 2
4871 3267 5
4871 1028 5
4871 1452 5
4871 6775 5
4871 5578 5
4871 8075 4
4872 530 5
4872 3428 4
4872 4676 5
4872 9833 4
4872 3849 4
4872 9275 3
4872 9638 3
4872 857 5
4872 2715 5
4872 3879 1
4872 8249 5
4872 8262 5
4872 3047 5
4873 308 5
4873 8003 4
4873 4599 3
4873 8362 5
4873 10271 4
4874 312 5
4874 1375 5
4874 4699 5
4875 3267 3
4875 4259 5
4875 2230 4
4875 2654 2
4875 3600 5
4875 707 4
4875 6093 4
4875 1779 4
4876 5035 3
4876 832 5
4876 739 5
4876 5409 5
4876 2928 4
4876 10369 4
4876 2429 5
4876 8130 5
4876 8428 5
4876 1332 5
4877 9322 5
4877 3881 5
4877 994 5
4877 1093 5
4877 8512 5
4877 5997 4
4877 8759 5
4877 10397 5
4877 5733 5
4877 4829 2
4877 962 5
4877 3282 1
4877 4012 1
4878 7745 5
4878 988 5
4878 7992 4
4878 10265 5
4879 759 5
4879 1982 5
4879 211 5
4879 9485 4
4879 747 5
4879 1943 4
4879 258 1
4879 312 5
4879 4949 5
4879 5637 3
4879 3860 5
4880 10320 2
4880 5085 3
4880 11558 4
4880 837 5
4880 4324 1
4880 830 5
4880 7328 4
4880 9384 1
4880 9720 5
4880 3025 4
4880 4414 2
4880 2701 5
4880 3322 3
4880 842 5
4880 9644 4
4880 7930 5
4880 3922 5
4880 3907 5
4880 2252 5
4880 8847 5
4880 8660 4
4880 3688 5
4880 5768 5
4880 2881 5
4880 10369 5
4880 105 5
4880 5698 5
4880 10170 2
4880 4379 4
4880 10932 5
4880 3195 4
4880 5740 5
4880 1016 5
4880 3451 5
4880 908 3
4881 3683 4
4881 832 5
4881 1403 2
4882 2709 5
4882 4949 5
4882 4216 5
4882 4632 4
4882 2365 1
4882 3807 3
4882 2262 4
4882 466 5
4882 2987 3
4882 1202 4
4882 4272 3
4882 1088 5
4882 7148 4
4882 1062 4
4882 1791 5
4882 1497 4
4882 3603 4
4882 8283 5
4882 3054 5
4882 9949 5
4882 9952 3
4882 9952 5
4882 3612 5
4882 11028 1
4882 9465 4
4882 10949 4
4882 10261 2
4882 4074 2
4882 5318 2
4882 1461 2
4882 1297 4
4882 8869 4
4882 7869 4
4882 3423 3
4882 2375 4
4882 9936 4
4882 1424 5
4882 1483 5
4882 1488 5
4882 3752 5
4882 3852 4
4882 942 4
4882 11568 4
4882 6186 5
4882 10724 5
4882 2673 5
4882 6584 5
4882 10466 5
4882 9935 4
4882 3749 4
4882 1524 4
4882 11169 4
4882 2174 4
4882 1505 5
4882 1084 5
4882 2675 5
4882 5379 5
4882 3953 5
4882 9958 5
4882 2666 5
4882 2676 5
4882 1329 4
4882 4826 5
4882 5833 5
4882 2710 5
4882 8794 5
4882 8026 5
4882 1467 5
4882 5228 4
4882 3762 5
4882 3773 3
4882 9200 5
4882 10804 1
4882 3784 4
4882 8230 5
4882 3812 5
4882 7153 5
4882 3055 5
4882 9493 5
4883 10467 5
4883 8760 4
4883 882 5
4883 5605 4
4883 11571 5
4883 10565 5
4883 5375 5
4883 8232 5
4883 3801 5
4883 5222 4
4883 11160 5
4883 10502 5
4883 5402 5
4883 11123 5
4883 11506 4
4883 3804 5
4883 5401 5
4883 5401 5
4883 4949 5
4884 4396 5
4884 6845 5
4884 8598 5
4885 9303 5
4885 8489 5
4885 3864 3
4885 6141 5
4885 3480 5
4885 4616 5
4885 8249 5
4885 2206 5
4885 4164 5
4885 1398 5
4885 10295 3
4885 4938 3
4885 11697 3
4886 3478 5
4886 3562 5
4886 10197 5
4886 9561 4
4886 9459 5
4887 5852 5
4887 3801 5
4887 4315 5
4887 10577 5
4887 10615 5
4887 8242 5
4887 10225 4
4887 8234 3
4887 3792 4
4887 4853 4
4887 9491 5
4888 11345 4
4888 8170 4
4888 9859 5
4888 10533 3
4888 10049 5
4888 11146 4
4888 10043 5
4888 3117 5
4888 5310 4
4888 3623 4
4888 8836 5
4888 4852 2
4888 5514 3
4888 9800 3
4888 11559 2
4889 4746 4
4889 5570 5
4889 5430 5
4889 6269 5
4889 10645 5
4889 3562 5
4889 808 5
4889 4791 4
4889 7197 5
4889 717 5
4889 11328 5
4889 9696 5
4889 7845 5
4889 744 5
4889 2318 5
4889 4274 3
4889 10288 4
4890 10829 5
4890 4203 5
4890 3252 5
4890 3778 2
4890 2398 5
4890 10227 5
4891 909 1
4891 4054 4
4891 11436 4
4891 9288 4
4891 4189 5
4891 2018 4
4891 9243 3
4891 5310 5
4891 3869 4
4891 3796 5
4891 2704 5
4891 3748 5
4891 8133 5
4891 974 3
4891 269 5
4891 3913 5
4891 4787 5
4891 9098 5
4891 2749 5
4891 10225 5
4891 11516 5
4891 4400 2
4892 807 3
4892 5025 5
4892 766 5
4892 11508 4
4892 4473 4
4892 10486 3
4892 11022 5
4892 9860 5
4892 5396 5
4892 10156 4
4892 3576 4
4892 5708 4
4892 4602 3
4892 11620 1
4892 3166 4
4892 3596 5
4892 9560 4
4892 7382 5
4892 25 5
4892 5122 1
4892 5749 5
4892 11322 4
4892 5314 4
4892 10704 5
4892 11388 2
4892 5466 4
4892 8242 3
4892 6614 4
4892 3778 2
4892 10667 5
4892 4189 4
4892 992 3
4892 10485 2
4892 3146 5
4892 2670 3
4892 10800 4
4892 6391 4
4892 9098 2
4892 4829 4
4892 5391 4
4892 9862 5
4892 861 3
4892 11387 3
4892 5403 3
4892 9903 3
4892 8232 4
4892 5342 4
4892 10427 4
4892 10432 5
4892 10476 5
4892 947 3
4892 5347 1
4892 5223 5
4892 5393 4
4892 934 4
4892 10571 1
4892 1357 4
4892 10945 4
4892 10765 5
4892 5463 5
4892 3801 5
4892 3929 4
4892 10543 4
4892 8499 3
4892 3929 4
4892 8349 5
4892 11465 5
4892 9491 5
4892 3478 5
4892 10969 5
4892 3619 3
4892 8500 5
4892 2722 4
4892 11695 5
4892 5338 4
4892 1285 4
4892 11495 5
4892 6652 2
4892 1060 4
4892 8943 5
4892 729 5
4892 8561 5
4892 8560 5
4892 4304 5
4892 2704 4
4892 11315 4
4892 11616 4
4892 2742 4
4892 2741 4
4892 2743 5
4892 11380 4
4892 5742 4
4892 11358 3
4892 2608 4
4892 9862 5
4892 11411 5
4892 11509 5
4892 8567 4
4892 10376 5
4892 5379 5
4892 8402 4
4892 2731 5
4892 2920 5
4892 7153 5
4892 7139 5
4892 4603 5
4892 4593 5
4892 11698 5
4892 7140 1
4892 1065 4
4892 10809 5
4892 8237 4
4892 10165 5
4892 10168 5
4892 10258 5
4892 4095 5
4892 7867 3
4892 7867 3
4892 11699 5
4892 3626 5
4892 11633 5
4892 8216 5
4892 9045 5
4892 10546 5
4892 10626 5
4892 4601 4
4892 5849 4
4892 10610 5
4892 10498 5
4892 3309 5
4892 10615 1
4892 9773 2
4892 10670 5
4892 943 3
4893 9396 3
4893 4682 5
4893 10317 3
4893 10155 5
4893 3478 5
4893 3702 4
4893 4690 4
4893 1870 3
4893 2642 2
4893 10113 3
4893 4275 5
4893 1241 5
4893 882 5
4893 11559 4
4893 4876 4
4893 7920 2
4893 10550 4
4893 4033 4
4893 8942 5
4893 2152 3
4894 7568 5
4894 10899 5
4894 7861 5
4894 10222 5
4895 3156 4
4895 4559 4
4895 9503 4
4895 11313 4
4895 8881 2
4895 1870 5
4895 4682 5
4895 4684 5
4895 5549 4
4895 5294 2
4895 900 5
4895 4044 5
4895 10721 4
4895 5621 3
4895 4305 4
4895 3890 5
4895 1515 5
4895 5832 4
4895 3583 3
4895 4787 5
4895 3801 5
4895 10755 5
4895 10392 5
4895 5912 3
4895 1357 5
4895 1515 5
4895 11688 1
4895 8362 4
4895 11008 5
4895 4833 5
4895 8549 5
4895 7374 5
4895 3782 5
4895 3208 4
4895 6562 5
4895 11063 4
4895 10793 1
4895 934 5
4895 947 3
4895 8500 5
4895 966 3
4895 3645 4
4895 10653 5
4895 3881 3
4895 3798 3
4895 906 5
4895 9491 4
4895 4561 5
4895 892 3
4895 3944 4
4895 6562 5
4895 5366 4
4895 9561 5
4895 10486 5
4895 3795 5
4895 8432 5
4895 3839 5
4895 936 4
4895 935 5
4895 3619 1
4895 3617 5
4895 2220 3
4895 2648 4
4895 5656 5
4895 9856 5
4895 5131 4
4895 1559 4
4895 8033 5
4895 10500 4
4895 10680 5
4895 10497 5
4895 5402 5
4895 9824 4
4895 10512 5
4895 1344 5
4895 9829 3
4895 10434 1
4895 10504 4
4895 5401 5
4895 1426 4
4895 2722 4
4895 3953 4
4895 11470 3
4895 4054 2
4895 3768 4
4895 3606 5
4895 10058 5
4895 4585 5
4895 9857 3
4895 5343 5
4895 3422 5
4895 5464 4
4895 5506 5
4895 5633 5
4895 10502 5
4895 11700 4
4895 5058 3
4895 8054 4
4895 3252 4
4895 1520 5
4896 11093 5
4896 6426 4
4896 5846 4
4896 5466 4
4896 1457 5
4896 4473 4
4896 10058 5
4896 934 4
4896 10168 5
4896 991 4
4896 3816 4
4896 5579 3
4897 9632 5
4897 5359 5
4897 9418 5
4897 1067 4
4897 10402 4
4897 10200 5
4897 9827 5
4897 5510 5
4897 8742 3
4897 10599 4
4897 3127 5
4897 9648 5
4897 3929 3
4898 8758 4
4898 934 4
4898 3754 4
4898 5366 4
4899 5006 5
4899 8906 4
4899 5257 4
4899 1365 5
4899 2673 5
4899 10289 1
4899 2722 4
4900 3450 3
4900 1332 3
4900 7218 5
4900 793 5
4900 6106 4
4900 3063 2
4900 1029 5
4900 168 5
4900 3182 5
4900 805 5
4901 2749 3
4901 5466 5
4901 3946 4
4901 3832 5
4901 10894 5
4901 9780 5
4901 11193 4
4902 4784 4
4902 4634 3
4902 3947 4
4902 5497 5
4902 10593 4
4902 5833 4
4902 1329 5
4902 5370 2
4902 5597 5
4902 10590 3
4902 10747 4
4902 3869 5
4902 857 5
4902 8236 5
4902 1021 5
4902 981 5
4902 3953 4
4903 26 1
4903 3801 5
4903 934 5
4903 3869 5
4903 10227 5
4903 845 4
4903 8681 4
4903 5605 4
4903 5496 5
4903 5377 4
4903 5458 5
4903 5497 3
4903 6961 3
4903 5356 5
4903 11339 4
4903 5460 5
4903 5392 4
4903 5130 5
4904 2916 4
4904 4961 4
4904 5205 5
4904 1468 4
4904 1516 5
4904 5611 4
4904 5404 3
4904 3226 4
4904 655 5
4904 1928 5
4905 994 3
4905 934 5
4905 963 5
4905 966 4
4905 10029 5
4905 11157 3
4905 2662 5
4905 2558 5
4905 5355 5
4905 3950 4
4905 2700 5
4905 9491 5
4905 2305 4
4905 5058 4
4905 5392 3
4905 3801 4
4905 7969 5
4905 10777 5
4905 4776 5
4905 548 4
4905 10629 5
4905 2252 5
4906 3869 4
4906 3870 4
4906 10747 4
4906 2093 5
4906 5579 5
4906 1518 2
4906 5776 2
4906 3949 4
4907 1519 5
4907 10155 5
4907 729 3
4907 7546 2
4907 3866 4
4907 1106 5
4907 4545 4
4907 814 5
4907 3867 2
4907 11504 5
4907 3739 5
4907 3826 1
4907 1083 4
4907 5867 5
4907 3772 5
4907 7098 5
4907 3869 5
4907 934 5
4907 8096 5
4907 4787 5
4907 934 4
4907 395 4
4907 3144 5
4907 3446 3
4907 1928 4
4907 978 5
4907 1241 4
4907 3615 3
4907 377 5
4907 2590 5
4907 6662 5
4907 5529 5
4907 3870 2
4907 3782 3
4907 11045 5
4908 1466 5
4908 1062 5
4908 6413 5
4908 4842 5
4908 1082 4
4908 3422 5
4908 3680 5
4908 3621 4
4908 2010 4
4908 5742 4
4908 11380 5
4908 10968 3
4908 10051 3
4908 3590 5
4908 2738 5
4908 9903 5
4908 5833 4
4908 2690 5
4908 5228 5
4908 4965 5
4908 3943 5
4908 11686 5
4908 9137 5
4908 9140 4
4908 10270 5
4908 2749 5
4909 1457 4
4909 1034 4
4909 841 3
4910 2927 5
4910 2252 5
4910 11441 5
4910 9778 5
4910 485 3
4910 10239 3
4910 3762 4
4910 11415 4
4910 10966 4
4910 903 4
4910 3826 5
4910 1097 2
4910 2373 4
4910 10876 3
4910 9142 5
4910 4595 4
4910 7633 5
4910 8635 4
4910 5183 2
4910 7920 4
4910 10645 5
4910 143 4
4910 11493 4
4910 2318 5
4910 2398 4
4910 9920 3
4910 10842 4
4910 2281 4
4910 2365 1
4910 3807 3
4910 3853 5
4910 8285 1
4910 11016 2
4910 3032 4
4910 10901 1
4910 11507 1
4910 10735 3
4910 10232 5
4910 1474 5
4910 1084 1
4910 465 4
4910 10169 1
4910 4530 3
4910 1341 4
4910 638 5
4910 4627 5
4910 1270 4
4910 1407 5
4910 2174 5
4910 8455 5
4910 3605 5
4910 11198 5
4910 9131 5
4910 2570 4
4910 2404 1
4910 2329 5
4910 9933 5
4910 377 5
4910 2381 2
4910 2384 3
4910 2403 4
4910 2401 4
4910 1308 4
4910 5702 5
4910 3423 5
4910 6129 4
4910 1488 4
4910 2320 4
4910 9390 5
4910 2323 5
4910 11475 2
4910 521 2
4910 2726 4
4910 9881 4
4910 3811 4
4910 3810 5
4910 459 4
4910 4022 4
4910 3806 4
4910 3808 4
4910 2987 1
4910 3389 5
4910 7976 5
4910 2990 4
4910 2991 3
4910 2992 4
4910 422 4
4910 7978 3
4910 7979 5
4910 4216 5
4910 2730 5
4910 9886 3
4910 9887 4
4910 1329 5
4910 9773 4
4910 2618 5
4910 8922 4
4910 2710 3
4910 2711 5
4910 2752 4
4910 11358 4
4910 2731 5
4910 9979 4
4910 1065 5
4910 11022 5
4910 11569 5
4910 8567 5
4910 9862 5
4910 9860 4
4910 8916 4
4910 8328 5
4910 11374 5
4910 3424 4
4910 5317 4
4910 11411 5
4910 9397 4
4910 9850 4
4910 4003 3
4910 8428 5
4910 7301 5
4910 991 4
4910 11686 5
4910 9744 4
4910 6551 5
4910 9137 5
4910 9139 5
4910 3617 5
4910 3790 5
4910 10891 5
4910 4597 5
4910 8805 3
4910 7505 2
4910 5293 1
4910 1067 2
4911 3827 4
4911 3790 3
4911 1041 5
4911 10395 5
4911 4026 4
4911 2689 4
4911 857 5
4911 4634 5
4911 2550 4
4911 939 4
4911 10170 5
4911 963 4
4911 4787 4
4911 9712 3
4911 1365 5
4911 6309 5
4911 11317 4
4911 3871 3
4911 3812 4
4911 2648 3
4911 3329 5
4911 11610 4
4911 1493 5
4911 10227 4
4911 1192 3
4911 4834 5
4911 3583 5
4911 4650 4
4911 8802 4
4911 1509 4
4911 8504 5
4911 8470 5
4911 514 2
4911 4200 4
4911 8871 4
4911 4216 4
4911 1498 4
4911 2174 5
4911 5138 5
4911 5076 5
4911 6035 4
4911 1870 4
4911 2701 4
4911 10096 3
4911 10952 2
4911 5645 4
4911 9493 4
4911 8808 4
4911 1496 4
4911 1060 5
4911 4261 4
4911 5205 5
4911 7208 4
4911 4543 5
4911 1067 4
4912 6068 5
4912 327 3
4912 8802 4
4912 7801 4
4912 1052 5
4912 6332 4
4912 10203 5
4913 1029 5
4913 124 5
4913 1442 2
4913 7219 2
4913 4244 5
4913 895 5
4913 1513 1
4913 8176 5
4913 1516 4
4913 184 3
4913 8745 5
4914 569 3
4914 5018 2
4914 3032 5
4914 576 4
4914 737 5
4914 1425 2
4914 4634 3
4914 4849 3
4914 3797 4
4914 9054 4
4914 5301 5
4914 3451 4
4914 10725 5
4914 10942 2
4914 10571 2
4914 3041 5
4914 4019 4
4914 4834 5
4914 9694 4
4914 3985 4
4914 4149 4
4914 3138 3
4914 1002 5
4914 11611 4
4914 3583 5
4914 5579 4
4914 10711 5
4914 11651 4
4914 11651 5
4914 9331 4
4914 8062 5
4914 10348 4
4915 3831 5
4915 5220 4
4915 5781 5
4915 9207 1
4916 1029 5
4916 3563 3
4916 8657 5
4916 10180 4
4916 5182 4
4916 7918 3
4916 960 2
4916 7207 2
4916 8809 2
4916 895 5
4916 10595 3
4916 916 5
4916 10284 5
4916 5985 5
4916 4300 4
4916 1501 1
4916 3908 2
4916 6966 4
4916 5318 1
4916 934 4
4916 612 3
4916 11701 5
4917 1357 5
4917 4456 4
4917 10957 4
4917 9287 5
4917 10461 1
4917 3568 4
4917 363 5
4917 4829 1
4917 588 5
4917 9210 1
4917 638 5
4917 9601 4
4917 3606 5
4918 704 5
4918 759 5
4918 313 5
4918 5513 5
4918 3531 5
4918 3694 5
4919 10146 5
4919 11563 5
4919 3539 2
4919 196 3
4919 258 3
4919 10269 2
4919 5997 4
4919 699 5
4919 3084 4
4919 2647 4
4919 1516 5
4919 2758 4
4919 312 2
4919 1316 5
4920 3985 4
4920 9786 5
4920 95 5
4921 610 5
4921 1275 1
4921 4820 4
4921 757 5
4921 5620 1
4921 309 4
4921 2678 5
4921 5513 5
4921 837 5
4921 5644 1
4921 723 4
4921 5296 5
4921 11350 4
4921 3606 5
4921 756 4
4922 1395 4
4922 2979 5
4922 1332 5
4922 211 5
4922 6911 3
4922 1515 1
4923 7527 4
4923 276 1
4923 9651 4
4923 2499 4
4923 7568 5
4923 3462 4
4923 7194 4
4923 3686 4
4923 8288 5
4924 4496 5
4924 772 5
4924 9995 5
4925 11545 4
4925 722 5
4925 2751 5
4925 9713 5
4925 211 5
4925 836 1
4925 6562 5
4925 196 1
4925 5158 5
4925 9949 5
4925 10825 4
4925 10374 5
4925 4919 5
4925 6664 2
4925 9330 4
4925 4203 4
4926 728 3
4926 3834 4
4926 2244 5
4926 1054 2
4926 2633 5
4926 5744 5
4926 5742 3
4926 3774 5
4927 9198 5
4927 9796 5
4927 1945 5
4927 2690 5
4927 9623 4
4927 6259 5
4927 313 1
4927 10424 2
4927 1420 1
4927 288 2
4927 832 3
4927 3101 5
4927 3445 5
4927 934 4
4927 3298 2
4927 9218 4
4927 2062 3
4927 3450 3
4927 8113 5
4927 3453 5
4927 4897 4
4927 7034 5
4928 9380 5
4928 5745 4
4928 5112 5
4928 10032 4
4928 3881 5
4928 3953 5
4928 1523 1
4928 5318 5
4928 2999 5
4928 622 2
4928 2893 1
4928 3796 5
4928 9490 3
4928 10995 2
4928 9557 2
4928 3884 5
4928 5417 4
4928 3913 4
4928 3950 4
4928 4136 3
4928 3619 3
4928 3750 4
4928 5325 4
4928 1021 5
4928 4673 4
4928 5546 2
4928 3275 5
4928 4632 3
4928 4135 5
4929 6137 5
4929 2669 5
4929 1765 5
4929 9637 5
4929 9351 3
4929 4513 4
4930 832 3
4930 5733 4
4930 8421 5
4930 3913 5
4930 710 1
4930 3710 4
4930 2713 5
4930 4925 5
4930 4019 3
4930 3810 5
4930 2712 5
4930 3762 5
4930 3275 5
4930 2652 5
4930 5522 5
4930 341 5
4930 7319 5
4930 5529 5
4930 3773 5
4930 3860 5
4930 10205 3
4930 2704 5
4930 6682 3
4930 5466 5
4930 2174 5
4931 8409 5
4931 8342 5
4931 8262 5
4931 3895 5
4931 3046 4
4932 10218 5
4932 3575 5
4932 184 4
4932 4720 4
4932 10179 4
4932 4056 5
4932 5539 5
4933 312 3
4933 276 5
4933 196 5
4933 915 5
4933 824 5
4933 10356 5
4933 9269 5
4933 1272 5
4933 10278 1
4933 11551 5
4933 3035 4
4933 10838 5
4934 11696 4
4934 3160 4
4934 4616 3
4934 5587 3
4934 8334 3
4934 3480 5
4934 3891 4
4934 9560 4
4934 11242 4
4934 11150 2
4934 3373 4
4934 9494 5
4934 11174 5
4934 11655 3
4934 9569 4
4934 11259 3
4934 10541 3
4934 5337 5
4934 8334 2
4934 10927 3
4934 10550 4
4934 5821 3
4934 8873 5
4934 10198 5
4934 4191 4
4934 10574 4
4934 9394 4
4934 9336 3
4934 1450 5
4934 5358 5
4935 9923 5
4935 3773 5
4935 7851 5
4935 1329 5
4935 6631 4
4935 3788 5
4935 1509 4
4935 3583 4
4935 7579 4
4935 10619 5
4935 5794 5
4935 3444 5
4935 10746 5
4935 11057 5
4935 10058 5
4935 11383 5
4935 3949 2
4935 11487 5
4936 1634 5
4936 8017 4
4936 5353 3
4936 5595 4
4936 3183 4
4936 2592 4
4937 7242 4
4937 4555 4
4937 3654 5
4937 2232 3
4937 4907 5
4937 11527 4
4937 10134 4
4937 3552 5
4937 8885 2
4937 4336 4
4937 4737 3
4937 7289 5
4937 3512 3
4937 5789 5
4937 6093 4
4937 9310 3
4937 8836 5
4937 2759 4
4937 3872 4
4937 8110 5
4937 5455 4
4937 8215 4
4937 2902 5
4937 6048 5
4937 7601 4
4937 2230 4
4937 8596 4
4938 9477 5
4938 9956 5
4938 8143 3
4938 837 5
4938 7316 4
4938 5789 5
4938 4746 5
4938 9376 5
4938 5753 1
4938 1268 5
4938 5534 4
4938 4314 4
4939 8680 5
4939 3081 5
4939 309 5
4939 837 5
4939 7709 4
4939 7956 5
4939 4331 4
4939 4327 5
4939 2920 5
4939 2492 5
4939 10171 3
4939 4904 5
4939 4498 4
4940 9264 5
4940 10849 4
4940 5024 5
4941 6205 5
4941 3533 5
4941 276 5
4941 4694 5
4941 704 5
4941 4913 4
4941 699 5
4941 2936 2
4942 5197 5
4942 9307 5
4942 9965 5
4943 8532 4
4943 4042 5
4943 7227 4
4943 5789 5
4943 1719 4
4943 11588 5
4943 4021 4
4943 7981 5
4943 9331 4
4943 4158 5
4943 2352 4
4943 11480 4
4943 4185 5
4943 877 5
4944 5351 5
4944 309 3
4944 5092 5
4944 1277 5
4944 10134 5
4944 3569 5
4944 3909 5
4944 8269 5
4944 10258 5
4944 2920 5
4945 6214 5
4945 1409 5
4945 1418 5
4946 3741 1
4946 5087 3
4946 8090 5
4946 5392 2
4946 2620 3
4946 11625 5
4946 5069 3
4946 3913 4
4946 807 1
4946 6153 2
4946 1392 4
4947 8207 5
4947 589 5
4947 4657 2
4947 5096 5
4947 3659 2
4948 4780 5
4948 5520 5
4948 8273 2
4948 10755 3
4949 7235 2
4949 2932 2
4949 4694 4
4949 2936 3
4949 4383 3
4949 4954 4
4949 9628 4
4949 3739 5
4949 7490 3
4949 3450 3
4949 1329 2
4949 8118 4
4949 4673 1
4949 9593 2
4949 9486 4
4949 10515 2
4950 305 5
4950 251 5
4950 1328 5
4950 1260 5
4950 3270 5
4950 827 5
4950 5548 5
4950 4825 5
4950 309 5
4951 8602 4
4951 9237 4
4951 4390 3
4951 11066 4
4951 10898 3
4951 10109 5
4951 1467 4
4951 1464 4
4951 5110 4
4951 10933 3
4951 5550 4
4951 1442 4
4951 10269 4
4952 4814 5
4952 3151 2
4952 5086 5
4952 9943 5
4952 11123 5
4952 5257 3
4952 3861 5
4952 3422 5
4952 6574 5
4952 11172 4
4952 3596 5
4952 2711 4
4952 2710 5
4952 2709 5
4952 377 5
4952 5529 4
4952 5520 4
4952 5597 5
4952 3288 3
4952 11194 5
4952 9575 5
4953 1037 5
4953 998 5
4953 3592 4
4953 3913 4
4953 9330 4
4953 11059 5
4953 4639 3
4953 3528 5
4953 4135 4
4953 3948 3
4953 4261 5
4953 5733 5
4953 4345 4
4953 3950 4
4953 1006 5
4954 6492 4
4954 1510 4
4954 216 3
4954 4496 5
4954 11084 5
4954 9982 5
4954 9127 3
4954 6259 5
4954 8482 5
4954 2243 4
4954 10217 3
4954 8088 5
4954 3361 4
4954 5701 4
4954 867 4
4954 8538 5
4954 5236 4
4954 1629 4
4954 5313 4
4954 2158 5
4954 10018 4
4954 2151 5
4954 1049 3
4954 1876 5
4954 10797 5
4954 5822 2
4954 8287 3
4954 4294 5
4954 4595 4
4954 7248 5
4954 923 2
4954 1463 4
4954 4439 4
4954 8543 4
4954 10154 4
4954 915 5
4954 985 4
4954 239 4
4954 168 5
4954 5440 4
4954 263 2
4954 3820 5
4954 10031 5
4954 934 5
4954 111 5
4954 11478 5
4954 8950 4
4954 284 4
4954 5307 5
4954 10608 4
4954 950 4
4954 11426 5
4954 4895 4
4954 3914 4
4954 4935 4
4954 5048 4
4954 974 4
4954 6520 5
4954 1047 5
4954 868 2
4954 8377 5
4954 5220 2
4954 8408 5
4954 1029 5
4954 10873 5
4955 4047 5
4955 7574 5
4955 9820 5
4955 1302 5
4955 10595 5
4955 10182 2
4955 11344 5
4955 895 5
4955 8950 5
4956 3590 5
4956 934 5
4956 2695 4
4956 4673 3
4956 987 5
4956 7504 5
4956 926 5
4956 9764 5
4956 4636 5
4956 2152 5
4956 3884 4
4956 1506 5
4956 1042 5
4956 4074 1
4956 10614 2
4956 10776 5
4956 1731 5
4956 1467 5
4956 11470 5
4956 3447 2
4956 4567 5
4956 11694 5
4956 10923 5
4956 2557 3
4956 4631 4
4956 1469 5
4956 8534 4
4956 7383 5
4956 3905 5
4956 5833 5
4956 5400 5
4956 5318 5
4957 5307 5
4957 9992 3
4957 785 5
4957 3800 5
4957 1691 4
4957 6259 5
4957 10784 4
4957 2257 5
4957 5680 5
4958 11653 5
4958 11676 2
4958 9207 4
4958 3666 5
4958 11173 5
4958 10158 5
4958 9136 5
4958 258 1
4958 4091 4
4958 3837 2
4958 5226 2
4958 5617 4
4958 3861 5
4958 5341 5
4958 3817 4
4958 742 1
4958 4881 5
4958 3577 4
4958 11396 4
4958 974 4
4958 5129 4
4958 1438 1
4958 3985 5
4958 1406 4
4958 8316 5
4958 1067 3
4958 5000 4
4958 484 5
4958 1629 4
4958 5240 5
4958 1479 3
4958 3749 5
4958 9094 4
4958 5291 4
4958 10565 5
4958 11651 3
4958 7380 3
4958 3445 4
4958 10469 4
4958 3869 4
4958 8573 4
4958 1365 5
4958 9995 5
4958 5112 5
4958 1503 4
4958 4135 4
4958 11365 4
4958 9657 2
4958 1467 4
4958 9129 4
4958 6267 5
4959 9739 5
4959 6651 4
4959 4634 4
4959 3940 4
4959 3881 3
4959 10247 5
4959 10491 5
4960 5733 1
4960 1444 5
4960 8012 5
4960 2091 5
4960 7323 5
4960 925 5
4960 9765 5
4960 3025 5
4960 11635 3
4960 5164 5
4960 4829 1
4960 991 5
4960 4390 1
4960 5301 1
4960 9113 5
4960 5854 3
4960 9689 5
4961 3824 1
4961 1467 4
4961 10906 5
4961 4694 4
4961 10882 5
4961 11392 4
4961 1054 2
4961 5537 4
4961 10487 2
4961 10505 3
4961 6633 3
4961 5835 4
4961 4790 5
4961 3929 3
4961 10095 1
4961 812 5
4961 10561 3
4961 7834 5
4961 10664 5
4961 10129 4
4961 8740 4
4961 1515 4
4961 10591 5
4961 7117 1
4961 8500 3
4961 10701 5
4961 1097 3
4961 2036 5
4961 5833 4
4961 10769 4
4961 10488 3
4961 3796 5
4961 6186 4
4961 9657 5
4961 3446 5
4961 3680 4
4961 4406 3
4961 3852 4
4961 9949 4
4961 1067 3
4961 7052 3
4961 6632 4
4961 1329 5
4961 1959 4
4961 3275 5
4961 1502 4
4961 9200 4
4961 9478 4
4961 1503 3
4961 7209 5
4961 4827 4
4961 11529 5
4961 4216 4
4961 8833 4
4961 6478 4
4961 2413 3
4961 2398 1
4961 2398 5
4961 8351 3
4961 8864 3
4961 2168 4
4961 2168 5
4961 1469 4
4961 8746 5
4961 3883 5
4961 3419 4
4961 5229 3
4961 8493 5
4961 6618 3
4961 5370 4
4961 2690 4
4962 1003 4
4962 3560 5
4962 934 4
4962 1454 5
4962 11428 4
4963 4193 4
4963 6988 4
4963 7254 4
4963 870 5
4964 4082 5
4964 4327 3
4964 6897 5
4964 4907 5
4964 5273 1
4964 10191 5
4964 694 5
4964 8511 5
4964 4045 2
4964 10567 5
4964 4956 1
4964 6175 5
4964 6789 5
4964 4821 5
4965 5985 5
4965 5009 3
4965 4393 5
4966 309 5
4966 5856 5
4966 1667 5
4966 4694 5
4966 313 5
4966 1366 5
4967 3263 4
4967 1332 5
4967 1408 5
4967 2755 5
4967 211 5
4967 1673 5
4967 706 5
4967 712 5
4967 10114 5
4967 747 5
4967 726 4
4967 7586 1
4967 3449 4
4967 312 3
4967 843 4
4967 7472 5
4967 11664 5
4968 4694 5
4968 4540 5
4968 3252 5
4968 934 5
4968 5226 4
4968 8756 4
4968 10672 2
4968 5355 5
4968 11320 5
4969 2751 4
4969 3480 5
4969 7486 4
4969 3594 5
4969 6141 5
4970 313 3
4970 11629 3
4970 5736 5
4970 258 5
4970 2701 3
4970 3861 5
4970 323 3
4970 7397 5
4970 728 5
4970 4181 5
4970 1997 5
4970 4737 4
4970 5783 3
4970 9570 5
4970 10144 5
4970 10533 5
4970 5837 4
4970 830 2
4970 7033 5
4970 4274 4
4970 1013 5
4970 5125 5
4970 8638 4
4970 4634 4
4970 2048 4
4970 9614 4
4970 9233 5
4970 3949 2
4970 1041 5
4970 4414 4
4970 5409 5
4971 1395 5
4971 313 5
4971 309 5
4971 827 5
4972 3097 5
4972 5703 5
4972 5513 5
4973 6112 5
4973 1733 5
4973 3820 5
4973 842 5
4973 9212 4
4973 3446 5
4973 934 5
4973 4715 4
4973 3954 4
4973 10047 5
4973 4675 4
4973 4690 5
4973 773 4
4974 5626 3
4974 1377 3
4974 2634 4
4974 3108 4
4974 2220 4
4974 4545 5
4974 5930 4
4975 267 2
4975 9414 1
4975 6562 4
4975 3498 5
4976 11574 4
4976 5078 5
4976 4850 5
4977 8787 4
4977 9892 5
4977 8974 4
4977 5080 4
4977 728 5
4977 2712 2
4977 5979 5
4977 8477 1
4978 1332 5
4978 323 5
4978 934 5
4978 1458 5
4978 934 5
4979 5529 5
4979 4250 4
4979 10419 5
4979 728 5
4979 3772 5
4980 2037 5
4980 5023 4
4980 2551 4
4981 9495 5
4981 6564 5
4981 8415 4
4981 5776 4
4981 4964 5
4981 4536 5
4981 5022 5
4981 10123 5
4981 9610 5
4982 3263 4
4982 9973 5
4982 3470 4
4982 5613 5
4982 11179 5
4982 6819 5
4982 2461 5
4982 6982 5
4982 5793 4
4983 740 1
4983 7842 5
4983 104 5
4983 11157 4
4983 5592 5
4984 728 3
4984 4952 4
4984 3950 3
4984 6003 4
4984 5979 5
4985 9710 4
4985 3627 2
4985 239 5
4985 7548 4
4985 3985 5
4985 11559 4
4985 10566 5
4985 10461 3
4986 6100 2
4986 274 5
4986 10483 2
4986 5626 5
4986 7601 5
4987 1908 3
4987 843 3
4987 6864 5
4987 9477 3
4987 570 3
4987 8752 5
4987 6041 5
4987 9800 4
4987 5226 2
4987 884 5
4987 3929 4
4987 9309 5
4987 1280 5
4987 2395 5
4987 10397 5
4987 10221 5
4987 2753 5
4987 11490 4
4987 880 4
4987 2613 4
4987 3744 3
4987 5003 4
4987 5459 5
4987 10829 4
4988 313 5
4988 4531 4
4988 309 4
4988 8656 5
4988 4259 5
4989 11566 5
4989 9997 3
4989 10482 4
4989 4044 4
4989 8118 5
4989 7112 5
4989 5450 4
4989 8292 3
4990 706 2
4990 843 5
4990 832 5
4990 4694 5
4990 5063 4
4990 5640 4
4990 1419 1
4990 4054 3
4990 10732 4
4990 969 5
4990 2095 5
4990 11093 4
4990 10593 5
4990 992 4
4990 5520 5
4990 3585 4
4990 934 1
4990 5605 4
4990 4063 2
4990 4135 5
4990 10583 5
4990 957 5
4990 9773 4
4990 3802 4
4990 3861 5
4990 3407 2
4990 11027 5
4990 991 5
4990 936 4
4990 10520 5
4990 1028 5
4990 10464 4
4990 9133 5
4990 10725 5
4990 10856 5
4990 1349 2
4990 8033 5
4990 5828 4
4990 3623 5
4990 5585 5
4990 3953 5
4990 10287 5
4990 9740 4
4990 9332 5
4990 6174 5
4990 4826 4
4990 4135 5
4990 10518 4
4991 5265 3
4991 2044 5
4991 10880 5
4991 1403 1
4991 2940 4
4991 10092 3
4991 8979 5
4991 11278 1
4991 5014 5
4991 5417 1
4991 5203 4
4991 7197 3
4992 323 5
4992 10316 4
4992 5858 5
4992 9328 4
4992 3713 5
4992 10825 4
4993 11638 5
4993 6938 3
4993 8118 5
4993 9562 5
4994 9346 5
4994 3193 4
4994 4136 3
4994 466 5
4994 466 4
4994 4805 4
4994 11373 5
4994 5663 5
4994 11375 5
4994 10948 2
4994 11142 5
4994 5547 5
4994 5481 5
4994 5525 4
4994 10499 5
4994 3873 5
4994 932 4
4994 9394 4
4994 6551 5
4994 8426 5
4994 10854 4
4994 2700 5
4994 930 4
4994 4600 5
4994 11147 5
4994 4590 5
4994 4585 5
4994 10738 4
4994 11139 5
4994 10132 5
4994 729 4
4994 5456 5
4994 3617 5
4994 1522 4
4994 10197 5
4994 4033 5
4995 1380 5
4995 325 5
4995 1456 3
4995 10803 5
4995 11054 5
4995 1733 2
4995 63 4
4995 5442 5
4995 844 5
4995 8874 1
4995 899 2
4995 863 1
4995 4299 5
4995 4878 4
4995 1884 1
4995 909 1
4995 923 2
4995 3764 3
4995 912 3
4995 640 2
4995 938 3
4995 1029 5
4995 4895 4
4995 11483 2
4995 10850 5
4995 6141 4
4995 3627 4
4995 6403 4
4996 6010 5
4996 6010 1
4996 4634 3
4996 1442 5
4996 7046 4
4996 5660 5
4996 5324 1
4996 3446 5
4996 934 3
4996 3884 5
4996 10032 4
4996 4690 5
4996 7505 1
4996 5318 5
4996 9395 5
4996 5394 3
4996 1492 5
4996 4784 5
4996 10444 1
4996 5393 5
4996 1067 5
4996 5401 4
4996 11046 1
4996 9212 2
4996 9231 1
4996 10497 3
4996 5226 2
4996 5314 5
4996 9612 1
4997 322 5
4997 1811 5
4997 5541 5
4997 4495 5
4997 10555 5
4997 8481 5
4997 6921 5
4997 9200 4
4997 3833 5
4997 3778 4
4997 8592 5
4997 8870 5
4997 6884 5
4997 3905 5
4997 5733 4
4997 8450 5
4997 11652 4
4997 10577 4
4997 11636 5
4997 4960 4
4997 11437 5
4997 802 4
4997 9574 4
4997 785 4
4997 3044 4
4997 3734 5
4997 9403 4
4997 11485 1
4997 10891 4
4997 6298 5
4997 9375 3
4997 10786 4
4997 10889 3
4997 3446 5
4997 8495 4
4997 4054 5
4997 5828 4
4997 3627 2
4997 9617 5
4997 2824 4
4997 810 5
4997 1522 4
4997 3911 4
4997 812 5
4997 3627 2
4997 3920 5
4998 10390 2
4998 4356 5
4998 5570 4
4998 9591 5
4998 8198 5
4999 5924 4
4999 6472 4
4999 1307 3
4999 8564 4
5000 4353 5
5000 8151 5
5000 5206 4
5000 4057 5
5000 2755 4
5000 3568 5
5000 11701 5
5000 843 3
5000 4396 4
5000 9327 5
5000 728 3
5000 3935 5
5000 11092 4
5000 9090 5
5000 11651 5
5000 3152 5
5000 8514 5
5000 8532 5
5001 4782 5
5001 5786 4
5001 5047 4
5001 5820 5
5001 9407 5
5001 780 5
5001 7490 5
5001 211 5
5001 148 5
5001 5910 2
5001 7455 5
5001 1894 5
5001 9761 3
5001 1744 5
5001 288 5
5001 4105 5
5001 2755 5
5001 8493 5
5001 991 4
5001 5557 5
5001 10397 5
5001 985 4
5001 3000 4
5001 5154 5
5001 843 5
5001 1682 5
5001 766 5
5001 6622 5
5001 4502 5
5002 8286 5
5002 10405 4
5002 4345 2
5002 8118 4
5002 3978 3
5002 4399 2
5002 4993 5
5002 4280 5
5002 10749 4
5002 1403 1
5002 4436 4
5002 4673 1
5002 3686 3
5002 4518 3
5003 6577 5
5003 2921 5
5003 1751 5
5003 5525 3
5003 7232 5
5003 832 5
5003 5982 5
5003 3519 4
5003 5134 5
5003 2701 5
5003 3583 4
5003 212 5
5003 3605 5
5003 4935 4
5003 2257 4
5003 10006 4
5003 10850 5
5003 10868 5
5003 3798 3
5003 11470 5
5003 6087 5
5003 5525 3
5003 1516 5
5003 1876 5
5003 11033 5
5003 3267 5
5003 947 5
5003 8168 5
5003 3149 4
5003 3717 5
5003 988 5
5003 3870 4
5003 5478 5
5003 5042 5
5003 10278 3
5003 2093 5
5003 900 5
5003 5482 3
5003 7880 4
5003 3583 4
5003 10230 4
5003 908 4
5003 9765 2
5003 11382 5
5003 2618 5
5003 3884 5
5003 3852 5
5003 1357 5
5004 706 5
5004 323 5
5004 740 4
5004 843 5
5005 679 5
5005 3144 4
5005 3811 4
5005 8360 4
5005 2168 1
5005 8282 5
5005 3789 3
5005 2590 5
5005 5930 4
5006 3044 4
5006 3304 5
5006 1544 4
5006 4114 4
5006 8586 5
5006 4071 4
5006 3834 5
5006 3146 5
5006 1040 4
5006 3687 4
5006 5018 4
5006 9976 4
5006 283 5
5006 8452 5
5006 4045 4
5006 4461 4
5006 2632 5
5006 5008 5
5006 3568 5
5006 807 3
5006 5273 4
5006 756 3
5006 5597 2
5006 3563 1
5006 274 5
5006 842 5
5006 8245 4
5006 8224 5
5006 10075 4
5006 6389 4
5006 9054 4
5006 638 5
5006 10099 5
5006 8075 2
5006 8246 5
5006 4834 4
5006 11224 3
5006 3322 4
5006 1410 4
5006 5829 5
5006 3146 5
5006 5811 5
5006 4135 5
5006 3608 2
5006 841 5
5006 2558 4
5006 9789 5
5006 2718 5
5006 5263 5
5006 10151 5
5006 3848 5
5006 3055 4
5006 1833 5
5006 9057 4
5006 9016 5
5006 2220 5
5006 2756 5
5006 4693 5
5006 11156 5
5006 2073 4
5006 3577 3
5006 885 4
5006 10151 5
5006 2281 5
5006 11469 3
5006 3870 4
5006 3852 5
5006 1469 5
5006 5106 2
5006 914 5
5006 8117 5
5006 9295 5
5006 8489 4
5006 9322 5
5006 7583 4
5006 1002 3
5006 4708 4
5006 1515 5
5006 1067 4
5006 8493 4
5006 7664 5
5006 5473 5
5006 5376 5
5006 847 4
5006 3146 5
5006 9672 5
5006 3149 4
5006 3812 5
5006 759 5
5006 11026 2
5006 3220 4
5006 10727 5
5006 9012 5
5006 10280 5
5006 9019 4
5006 9326 5
5006 955 5
5006 992 3
5006 1876 5
5006 1096 4
5006 3797 5
5006 908 5
5006 4305 5
5006 4406 5
5006 10689 5
5006 1837 5
5006 3267 5
5006 10696 4
5006 3927 3
5006 11497 5
5006 1084 5
5006 10725 5
5006 859 5
5006 5837 5
5006 3944 4
5006 10264 5
5006 1075 5
5006 5220 5
5006 9481 5
5006 10421 5
5006 2257 5
5006 1103 2
5006 4358 3
5006 934 5
5006 1041 5
5006 10412 1
5006 9660 3
5006 4058 5
5006 4414 5
5006 1012 4
5006 239 5
5006 1516 4
5006 2398 5
5006 3796 5
5006 7664 5
5006 6077 5
5006 906 4
5006 3715 5
5006 5297 2
5006 10511 4
5006 9527 5
5006 10604 4
5006 10337 5
5006 10608 3
5006 10953 5
5006 4321 5
5006 954 5
5006 3617 5
5006 5565 4
5006 3656 4
5006 957 5
5006 1515 5
5006 11005 4
5006 901 5
5006 1002 4
5006 9467 5
5006 8924 4
5006 3801 5
5006 7568 5
5006 5997 5
5006 7501 5
5006 10227 5
5006 814 5
5006 4634 4
5006 966 5
5006 979 2
5006 8231 5
5006 485 5
5006 7834 5
5006 9992 4
5006 1512 5
5006 3760 5
5006 994 5
5007 4641 5
5007 9699 3
5007 1602 3
5007 9711 5
5007 7750 5
5007 2754 2
5007 4919 5
5007 934 4
5007 3111 5
5007 274 5
5007 1403 1
5007 3182 5
5007 2632 4
5007 7581 5
5007 9411 2
5007 10208 5
5007 4216 2
5007 785 4
5007 923 1
5007 4317 5
5007 3733 2
5007 965 1
5007 1960 1
5007 9459 5
5007 10885 5
5007 3447 2
5007 3948 4
5008 9330 4
5008 1275 1
5008 5658 5
5008 4879 4
5008 4117 5
5008 8514 5
5008 4704 5
5009 8152 5
5009 728 1
5009 11300 4
5009 9345 5
5009 11334 5
5009 5770 5
5009 7487 5
5009 10578 5
5009 11396 5
5010 4937 5
5010 5035 5
5010 4185 5
5011 4193 5
5011 11397 4
5011 9114 5
5011 11257 4
5011 3156 5
5011 3849 1
5012 4770 5
5012 10313 5
5012 3444 5
5012 5740 5
5012 7752 5
5012 4317 5
5012 11562 5
5013 915 5
5013 4963 3
5013 8662 4
5014 1481 3
5014 5140 5
5014 6942 5
5014 1509 4
5014 3797 5
5015 3717 5
5015 4917 1
5015 4019 5
5015 5663 5
5016 824 3
5016 104 5
5016 5458 5
5016 766 1
5016 732 1
5016 772 3
5016 323 1
5016 3911 3
5016 4997 5
5016 843 5
5016 10834 5
5016 3796 5
5016 1510 5
5016 6562 5
5016 5130 5
5016 3801 5
5016 1450 5
5016 5379 5
5016 8402 5
5017 5109 4
5017 9375 2
5017 4414 4
5017 9992 3
5017 4949 5
5017 4392 4
5018 10011 5
5018 10201 4
5018 9889 4
5018 3480 5
5018 11621 5
5018 9259 5
5018 11019 5
5018 9532 5
5018 11173 5
5018 3980 4
5018 9364 5
5018 3796 5
5018 4586 5
5018 7712 4
5018 4685 5
5018 728 5
5018 1275 5
5018 3352 5
5018 11027 5
5019 9411 5
5019 2206 5
5019 4203 5
5019 3782 3
5019 3617 5
5019 3870 3
5019 5574 4
5019 2722 5
5020 9149 5
5020 8432 2
5020 6377 4
5020 10302 4
5020 875 5
5020 5235 5
5020 5058 4
5020 10803 5
5020 3108 3
5020 885 5
5020 3954 4
5020 1496 5
5020 5318 5
5020 5738 5
5020 783 4
5020 1411 5
5020 8197 2
5020 3803 5
5020 3935 4
5020 4009 5
5021 3322 5
5021 5662 4
5021 867 2
5021 504 4
5021 1082 5
5021 4777 5
5021 11366 4
5021 3869 4
5021 2662 4
5021 3583 4
5021 5529 4
5021 3579 5
5021 3834 4
5021 904 3
5021 11157 5
5021 11413 5
5022 28 4
5022 5608 5
5022 830 5
5022 3617 4
5022 3583 2
5022 211 4
5022 104 5
5022 8054 5
5022 3834 4
5022 5112 5
5022 2718 4
5022 814 4
5022 5490 4
5022 4925 4
5022 5462 5
5022 904 2
5022 7098 4
5022 2373 5
5022 4854 4
5022 3580 5
5022 2673 5
5022 8322 5
5022 10465 1
5022 5521 3
5022 10217 5
5022 2713 5
5022 1453 3
5022 2252 5
5022 2304 1
5023 3279 5
5023 9694 5
5023 10522 4
5023 3076 2
5023 2499 2
5023 10320 4
5023 10119 3
5023 2824 2
5023 3149 4
5023 908 2
5023 4649 4
5023 10607 4
5023 2916 5
5024 3884 5
5024 4723 1
5024 5836 5
5024 1607 4
5025 3360 5
5025 3263 4
5025 4280 5
5025 7602 5
5025 3000 5
5025 3708 5
5025 1029 5
5026 6772 5
5026 9576 5
5026 826 5
5026 362 5
5026 856 4
5026 3979 4
5026 2265 1
5026 7291 5
5026 7403 5
5026 557 4
5026 3387 5
5026 8338 3
5026 465 5
5026 583 5
5026 3591 4
5027 6207 4
5027 6209 4
5027 7135 5
5027 2696 5
5027 7750 4
5027 4712 1
5027 9018 5
5027 5042 4
5027 6203 4
5027 3254 4
5028 2887 5
5028 675 4
5028 4893 5
5028 8344 5
5028 11330 5
5028 480 4
5028 11553 4
5028 3301 5
5029 4621 2
5029 4243 4
5029 9273 5
5029 4080 2
5030 8762 3
5030 3762 4
5030 860 5
5030 720 4
5030 9637 4
5030 5041 5
5030 1779 5
5030 9391 4
5030 84 2
5030 4383 2
5031 4708 2
5031 1008 5
5031 3275 5
5031 199 4
5031 1082 1
5031 932 5
5032 4203 5
5032 9140 5
5032 3861 5
5032 3252 2
5032 9139 5
5032 5529 5
5032 1522 4
5032 9838 5
5032 10325 5
5032 8493 4
5032 7712 5
5032 3953 3
5032 6019 5
5032 1559 4
5033 9583 5
5033 7406 5
5033 4191 5
5033 474 5
5034 313 1
5034 4723 5
5034 2498 5
5034 3959 5
5035 5127 4
5035 3667 4
5035 3777 2
5036 196 5
5036 1395 5
5036 9241 4
5036 9240 4
5036 6380 5
5036 9393 4
5036 10109 5
5037 8572 5
5037 11403 4
5037 2701 5
5037 10043 4
5038 9666 2
5038 1501 4
5038 211 5
5038 823 2
5039 704 1
5039 688 5
5039 4187 5
5039 313 4
5039 211 3
5039 828 5
5039 5429 4
5039 10823 5
5039 3606 5
5040 9485 5
5040 3713 5
5040 1682 5
5040 840 5
5040 589 5
5040 6369 5
5040 5409 5
5041 28 2
5041 288 5
5041 4378 5
5041 747 5
5041 3932 5
5042 3351 5
5042 9216 4
5042 215 5
5042 5194 5
5042 823 5
5042 4094 5
5042 7903 4
5042 9993 4
5042 1079 4
5042 5318 1
5042 8128 5
5042 4703 4
5042 10699 2
5042 3606 4
5042 8722 5
5042 876 3
5042 6552 5
5042 5750 5
5042 3469 5
5043 1403 3
5043 157 5
5043 5439 4
5043 4863 5
5043 3683 5
5044 2827 4
5044 4440 3
5044 8462 5
5044 2715 5
5044 8198 5
5044 3146 5
5044 2718 5
5044 1643 4
5044 1332 3
5044 1387 2
5044 2019 5
5044 1047 2
5044 1048 5
5044 10901 3
5044 4847 4
5044 9406 5
5044 10735 2
5044 1039 5
5044 6004 4
5044 830 3
5044 2718 5
5044 327 5
5044 1049 4
5044 4138 3
5044 9666 5
5044 3568 5
5044 8516 5
5045 10575 5
5045 9099 5
5045 6795 4
5045 589 4
5046 9616 4
5046 3900 5
5046 2110 3
5046 5525 4
5046 4496 5
5046 9599 5
5046 10903 5
5046 4144 5
5046 4933 5
5046 8932 5
5046 6844 5
5046 5016 5
5046 7794 5
5046 6912 4
5046 124 5
5046 4489 5
5046 7911 5
5046 6753 5
5046 3917 5
5046 5108 5
5046 10272 5
5046 1602 5
5046 7740 5
5046 140 5
5046 9205 5
5046 10644 5
5046 2116 5
5046 4979 4
5046 5564 5
5046 5451 5
5046 283 5
5046 1846 5
5046 315 5
5046 8908 5
5046 8908 4
5046 8056 5
5046 285 5
5046 790 5
5046 5771 5
5046 4756 5
5047 277 5
5047 196 4
5047 1285 5
5047 11701 5
5047 9479 5
5047 10815 5
5047 1041 4
5047 9382 5
5047 11129 5
5047 911 5
5047 2048 5
5047 3570 4
5047 7992 4
5047 4232 3
5047 6907 5
5047 908 5
5047 8431 4
5047 184 4
5047 266 4
5047 9083 4
5047 11659 4
5048 8091 5
5048 922 1
5048 5850 3
5048 10544 5
5048 5468 5
5048 8088 5
5048 934 4
5048 7475 5
5048 3892 5
5048 8652 2
5049 8570 4
5049 10262 3
5049 3149 4
5049 9479 4
5049 3825 4
5050 9532 5
5050 3288 5
5050 8130 5
5050 11663 4
5050 5520 5
5050 9575 4
5050 10574 4
5050 10584 4
5050 9193 4
5050 10745 4
5050 9489 4
5050 5748 5
5050 10349 4
5050 10031 4
5050 11002 4
5050 9739 4
5050 10093 3
5050 11403 3
5050 8761 5
5050 1629 4
5050 10483 2
5050 5360 5
5050 9726 5
5050 10629 5
5050 990 4
5050 4965 5
5050 11674 4
5050 7760 4
5050 9733 4
5050 11007 4
5050 5356 5
5050 9853 5
5050 622 5
5050 6950 4
5050 8830 4
5050 3422 5
5050 11036 4
5050 9834 4
5050 6910 4
5050 10010 4
5050 3948 3
5050 11048 4
5050 3738 5
5050 9494 4
5050 8327 5
5050 341 5
5050 11198 4
5050 1062 4
5050 2570 4
5050 8285 4
5050 5177 4
5050 2701 5
5050 10997 4
5050 1241 5
5050 6962 4
5050 9560 5
5050 5338 4
5050 11661 4
5050 10938 5
5050 11045 4
5051 6267 5
5051 5010 4
5051 5363 4
5052 10554 4
5052 1870 4
5052 5733 2
5052 10202 4
5052 9326 4
5052 10717 3
5052 10380 5
5052 9780 4
5052 4203 4
5052 9396 4
5052 4135 5
5052 947 4
5053 10438 5
5053 738 5
5053 900 4
5053 4286 5
5053 10227 3
5053 6574 5
5053 3782 4
5053 8098 5
5053 9771 5
5053 3950 1
5053 3768 4
5054 6931 3
5054 3289 4
5054 11197 3
5054 9727 4
5054 5241 4
5054 493 4
5054 4252 3
5054 7098 4
5054 6938 3
5054 3267 4
5054 322 5
5054 3446 4
5054 6566 1
5054 9591 4
5054 2977 4
5054 2242 2
5054 894 4
5054 3828 3
5054 3797 2
5054 484 3
5054 2373 5
5054 8503 2
5054 9054 2
5054 5579 4
5054 3267 4
5054 3869 4
5054 8168 3
5054 4855 4
5054 3790 4
5054 4216 2
5054 3774 5
5054 7098 5
5054 8848 4
5054 932 4
5055 3617 5
5055 1522 4
5055 3861 5
5055 4033 5
5055 3782 5
5055 4634 4
5055 3748 4
5055 3252 5
5055 3606 5
5055 4183 4
5055 5226 5
5055 5555 5
5055 11194 4
5055 6141 5
5055 5359 5
5055 979 5
5055 2722 4
5055 5733 5
5055 3782 5
5055 3943 5
5055 5357 3
5055 4203 4
5055 2095 5
5055 934 5
5055 11009 4
5055 1526 5
5055 9858 5
5055 990 4
5055 1493 4
5055 1365 5
5055 3797 3
5055 5097 5
5055 9459 5
5055 1509 4
5055 9262 4
5055 9260 4
5055 4807 5
5055 3422 5
5056 8408 5
5056 3019 2
5056 4501 5
5057 8408 5
5057 1921 4
5057 10292 5
5057 4864 4
5057 136 5
5058 4552 5
5058 461 5
5058 1085 5
5058 1467 4
5058 1506 4
5058 3446 4
5058 5406 4
5058 327 4
5058 3923 4
5059 1408 5
5059 1412 5
5059 3126 5
5059 9556 5
5059 858 5
5059 1277 5
5059 257 3
5059 6124 1
5059 4513 5
5059 327 4
5059 7416 5
5059 4733 5
5060 312 5
5060 886 5
5060 762 5
5060 323 5
5060 3123 5
5060 829 1
5060 1332 5
5060 306 5
5060 11589 5
5060 830 1
5060 10651 2
5060 5997 5
5060 934 5
5060 5409 5
5060 4295 2
5060 6001 4
5060 7483 1
5060 6573 5
5060 844 5
5060 10332 5
5060 6747 1
5060 11540 5
5060 933 4
5060 284 5
5060 4949 5
5060 7741 2
5061 728 3
5061 10722 5
5061 6389 4
5061 1468 5
5061 3790 3
5062 9447 1
5062 6184 3
5062 3152 5
5063 9390 5
5063 5464 4
5063 2676 5
5063 10686 5
5063 407 5
5063 10088 3
5063 3590 5
5063 3322 5
5063 3417 4
5064 4771 5
5064 5194 4
5064 4084 5
5065 1414 2
5065 1475 5
5065 1263 5
5065 3834 3
5065 824 5
5065 713 1
5065 836 1
5065 2946 5
5066 953 4
5066 4510 4
5066 891 5
5066 9791 5
5066 5408 5
5066 8673 5
5066 189 5
5066 4294 4
5066 6076 5
5067 762 5
5067 704 5
5067 288 5
5067 728 5
5067 3000 5
5067 3123 5
5068 3095 4
5068 9578 5
5068 9588 4
5069 3617 5
5069 6141 5
5069 3861 5
5069 3209 5
5069 9734 5
5069 1493 5
5069 3615 5
5069 5126 5
5069 10859 5
5069 5492 5
5069 5716 5
5069 8681 5
5069 934 5
5069 1509 5
5069 10397 5
5069 9260 5
5069 11383 5
5069 3252 5
5069 10435 5
5069 10340 5
5069 1466 5
5069 10890 5
5070 4953 4
5070 4952 5
5070 843 4
5070 1277 5
5070 5206 4
5070 5780 3
5070 11030 5
5070 1399 5
5070 288 5
5070 3244 1
5070 3288 5
5070 3871 4
5070 5533 5
5070 1837 5
5070 1522 5
5070 7966 5
5070 4026 5
5070 8429 3
5070 2720 5
5070 2550 5
5070 11365 5
5070 11702 5
5070 8505 3
5070 10414 5
5070 934 5
5070 10991 5
5070 6269 5
5070 10696 2
5070 4949 5
5070 857 5
5070 9455 5
5070 10082 3
5070 9858 4
5070 11198 5
5070 3583 2
5071 773 3
5071 2244 5
5071 807 4
5071 4599 5
5071 11044 5
5071 1382 4
5071 3126 4
5071 857 5
5072 4833 4
5072 857 4
5072 4969 5
5072 9803 5
5072 3762 1
5072 6587 5
5073 1490 5
5073 8211 4
5073 1494 3
5074 3713 5
5074 1332 1
5074 4324 5
5075 9363 4
5075 4726 3
5075 11153 5
5075 7305 3
5075 3884 5
5075 7568 5
5075 977 5
5075 1516 5
5075 266 5
5075 8508 5
5075 4295 5
5075 311 2
5075 9337 5
5075 8842 5
5075 4414 5
5075 9100 4
5075 10540 5
5075 3148 5
5075 5108 4
5075 8202 5
5075 8896 2
5075 7930 5
5075 981 5
5075 3954 4
5075 4737 5
5075 5789 5
5075 8499 4
5075 3275 5
5075 7519 4
5075 5502 5
5075 9456 5
5075 4737 5
5076 3379 5
5076 4086 5
5076 975 5
5076 7188 5
5076 10738 5
5076 857 5
5077 7018 5
5077 5618 5
5077 589 5
5078 5594 5
5078 1515 1
5078 4353 5
5078 10184 5
5079 9459 4
5079 11586 5
5079 3478 5
5079 11150 4
5079 10756 5
5079 9491 5
5079 3943 5
5080 808 3
5080 9220 4
5080 8531 4
5080 4434 1
5080 744 5
5080 923 4
5080 810 5
5080 4914 5
5080 550 5
5080 1054 4
5080 363 4
5080 2499 5
5080 1519 5
5080 10021 4
5080 1383 5
5080 2242 4
5080 9933 5
5080 4753 5
5080 8197 2
5080 315 5
5080 3884 5
5080 2262 4
5080 4297 2
5080 7125 5
5080 229 4
5080 1008 5
5080 5479 5
5080 4550 5
5080 4661 5
5080 4863 5
5080 977 5
5080 8994 5
5080 4127 5
5080 5177 5
5080 257 3
5080 1496 3
5080 4510 5
5080 9287 2
5080 9430 4
5080 7176 5
5080 8769 5
5080 248 5
5080 9649 5
5080 11473 4
5080 9723 4
5080 10833 4
5081 326 5
5081 589 5
5081 8662 5
5081 1475 4
5081 6707 3
5081 887 5
5081 1049 5
5081 916 3
5081 3852 5
5081 3855 2
5081 2078 5
5081 5765 5
5081 5822 5
5081 4074 2
5081 3587 4
5081 4633 4
5081 1040 5
5081 8565 5
5081 3475 5
5081 10603 4
5081 10412 2
5081 11478 5
5081 9277 5
5081 3435 5
5081 3949 5
5081 1029 5
5081 3446 5
5081 3913 5
5081 934 5
5081 923 5
5081 9212 2
5081 10021 4
5081 9790 4
5082 2152 4
5082 1998 3
5082 1682 5
5082 4074 5
5082 4932 1
5082 738 4
5082 323 4
5082 1277 5
5082 1422 1
5082 7486 4
5082 1081 5
5082 2045 1
5083 6141 5
5083 4155 4
5083 11602 4
5083 4763 3
5083 11177 5
5083 5836 5
5083 11582 4
5083 8091 5
5083 10011 5
5084 199 4
5084 1029 5
5084 2701 5
5084 153 4
5084 3076 4
5084 8993 4
5084 1846 5
5084 5745 3
5084 643 4
5084 6673 3
5084 1688 4
5084 8793 4
5084 1055 4
5084 4277 2
5084 1753 4
5084 10025 4
5084 4266 4
5084 1379 4
5084 1515 3
5084 10603 4
5084 3943 4
5084 3884 5
5084 3686 3
5084 327 4
5084 4803 5
5084 967 3
5084 1516 4
5084 1733 4
5084 7759 4
5084 8634 5
5084 9799 3
5084 916 5
5084 943 1
5084 3272 5
5085 188 4
5085 3954 4
5085 1406 5
5085 10321 5
5085 4634 5
5085 3601 5
5086 323 5
5086 1350 5
5086 1332 5
5087 728 1
5087 10854 4
5087 978 2
5087 5077 4
5087 8331 5
5087 3772 5
5087 843 5
5087 11413 5
5087 966 4
5087 4927 5
5087 8943 3
5087 9649 5
5088 7516 5
5088 3484 4
5088 714 3
5088 1238 3
5088 8810 3
5088 10623 5
5088 3036 4
5088 6779 3
5088 11247 4
5088 3535 4
5088 2647 4
5088 5436 3
5088 4028 3
5088 5807 3
5088 1311 4
5088 10206 4
5088 5100 4
5088 4893 5
5088 3870 3
5088 4597 5
5088 2687 5
5088 2682 5
5088 867 4
5089 3618 4
5089 1037 5
5089 662 4
5090 5307 4
5090 4023 5
5090 4839 4
5090 4782 5
5090 4526 5
5090 5194 5
5090 3322 5
5090 10330 4
5090 2264 5
5090 2727 4
5090 3393 5
5090 3418 5
5090 3587 3
5090 906 4
5090 3796 5
5090 589 5
5090 807 4
5090 977 4
5090 985 3
5090 1093 4
5090 2045 2
5090 284 4
5090 2989 4
5090 239 3
5090 4395 4
5090 1629 5
5090 3064 4
5090 756 5
5090 3741 2
5090 1853 4
5090 4966 5
5090 2908 5
5090 10173 5
5090 1048 4
5090 3226 3
5090 11336 5
5090 3834 5
5090 3352 5
5090 823 4
5090 4259 5
5090 10490 4
5090 5548 5
5090 4860 3
5090 4411 5
5090 1268 4
5090 5845 5
5090 5175 5
5090 842 5
5090 576 2
5090 4542 4
5090 3768 2
5090 7141 4
5090 867 5
5090 846 5
5090 2718 5
5090 839 5
5090 742 1
5090 4414 3
5090 477 5
5090 8335 4
5090 860 5
5090 4026 5
5090 862 5
5090 904 4
5090 8820 4
5090 7664 5
5090 1049 5
5090 5294 4
5090 3778 4
5090 8428 5
5090 3616 1
5090 4274 4
5090 4449 4
5090 3152 5
5090 9411 3
5090 3146 5
5090 7027 4
5090 9498 5
5090 3761 5
5090 958 4
5090 5366 5
5090 5092 1
5090 4286 5
5090 1067 5
5090 3797 3
5090 484 2
5090 6391 4
5090 7302 4
5090 1280 5
5090 1450 2
5090 10628 4
5090 6622 4
5090 10866 1
5090 8028 5
5090 3795 5
5090 8362 4
5090 6443 4
5090 3451 5
5090 1876 4
5090 4315 5
5090 7758 5
5090 892 4
5090 948 5
5090 10265 5
5090 3882 5
5090 10426 5
5090 4829 5
5090 974 3
5090 3085 5
5090 1629 3
5090 5788 4
5090 3774 1
5090 4603 5
5090 6601 5
5090 948 4
5090 3932 1
5090 8847 5
5090 9952 5
5090 9270 4
5090 5808 4
5090 7380 5
5090 1439 5
5090 10696 5
5090 1852 3
5090 7751 5
5090 3871 2
5090 9067 4
5090 4787 5
5090 4794 5
5090 10031 4
5090 10483 1
5090 10082 5
5090 3875 4
5090 10843 3
5090 9110 5
5090 3776 4
5090 3573 5
5090 8160 3
5090 4254 5
5090 3869 1
5090 4597 5
5090 638 5
5090 10645 5
5090 10301 5
5090 991 5
5090 1011 3
5090 10721 5
5090 5343 5
5090 4408 4
5090 11488 5
5090 1452 5
5090 5368 3
5090 4216 3
5090 184 2
5090 2722 5
5090 6614 4
5090 4019 5
5090 1075 3
5090 7716 4
5090 5313 5
5090 9270 5
5090 1061 4
5090 514 5
5090 2252 5
5090 8681 5
5090 3606 5
5090 11426 4
5090 620 5
5090 5997 4
5090 10997 5
5090 7920 3
5090 2558 4
5090 3108 5
5091 11703 5
5091 10168 5
5091 11357 4
5092 4949 2
5092 7475 5
5092 8402 5
5092 10544 3
5092 8800 5
5093 9967 4
5093 1481 4
5093 2095 5
5093 5850 5
5093 9586 4
5093 5294 5
5093 2709 4
5093 5492 4
5093 5466 5
5094 3041 4
5094 466 4
5094 10359 5
5094 10619 4
5094 763 4
5094 10359 4
5094 6865 4
5094 5746 4
5094 3853 4
5094 1509 3
5094 9424 4
5094 3032 5
5095 4800 5
5095 6979 5
5095 9364 4
5095 4933 5
5095 5548 5
5095 2754 5
5095 762 5
5095 211 3
5095 3985 4
5095 5136 5
5095 5663 5
5096 5850 5
5096 6632 4
5096 11602 5
5096 900 5
5096 4190 5
5096 3943 5
5097 1518 4
5097 5766 5
5097 9670 4
5097 4737 3
5097 3492 3
5097 2281 4
5097 934 3
5097 10446 3
5097 5529 4
5097 10747 5
5097 1439 4
5097 3772 2
5097 974 1
5097 1099 4
5097 8198 4
5097 10648 4
5098 5403 5
5098 10248 2
5098 3422 3
5098 5529 5
5098 1067 5
5098 5005 3
5098 3893 5
5099 1332 2
5099 74 4
5099 5086 4
5100 1501 1
5100 8075 2
5100 4932 1
5100 7610 4
5100 4800 5
5101 3721 5
5101 7176 5
5101 9655 5
5101 4444 5
5101 3630 3
5101 8042 5
5101 3625 4
5101 3687 5
5101 8644 5
5101 145 5
5101 997 5
5101 10516 5
5101 3915 5
5101 47 5
5101 3796 5
5101 4510 5
5101 9794 5
5101 5617 3
5101 1454 5
5101 10303 5
5101 3790 5
5101 1055 5
5101 3550 5
5101 3446 5
5101 10891 5
5101 6753 5
5101 3230 5
5101 9486 5
5101 5012 5
5102 4421 5
5102 3672 5
5102 8185 5
5102 9526 5
5102 4181 5
5103 837 5
5103 5435 3
5103 4056 5
5103 4275 4
5103 5617 2
5103 5217 5
5103 3329 3
5103 8266 5
5103 9099 5
5103 2936 4
5104 3530 5
5104 5069 4
5104 4694 5
5104 3954 4
5104 5365 2
5104 3949 3
5105 6049 5
5105 7750 5
5105 9517 4
5105 9668 3
5106 6398 5
5106 7235 5
5106 4029 1
5106 4810 5
5107 2715 5
5107 7822 5
5107 2936 5
5107 4644 5
5108 211 4
5108 8535 5
5108 985 5
5108 7034 4
5108 6949 5
5108 1949 5
5109 2971 5
5109 6202 4
5109 4978 3
5109 11157 4
5109 9532 3
5109 4551 4
5109 4551 4
5109 2230 4
5110 766 5
5110 4105 5
5110 759 5
5110 884 5
5110 1332 5
5110 10077 5
5110 9821 5
5110 5833 5
5111 323 1
5111 9498 5
5111 724 5
5112 2648 5
5112 7421 4
5112 1943 4
5112 3393 4
5113 4114 5
5113 515 5
5113 11068 5
5113 2717 5
5113 7457 5
5113 9107 4
5114 6871 2
5114 6006 4
5114 313 5
5114 323 4
5114 9207 4
5114 997 5
5114 7149 5
5114 9353 4
5114 10137 5
5114 11646 5
5115 932 4
5115 1516 5
5115 10091 3
5115 11660 4
5115 873 5
5115 9675 5
5115 5048 1
5115 9452 4
5115 11611 4
5115 10653 5
5115 239 3
5115 10230 5
5115 5815 5
5115 8654 5
5115 5441 2
5116 1329 5
5116 6650 5
5116 4552 3
5116 346 5
5116 4197 5
5116 9055 5
5116 4644 5
5116 9391 4
5116 5328 5
5117 5839 4
5117 8321 4
5117 3435 4
5117 1024 2
5117 4243 2
5118 9326 5
5118 3204 5
5118 1406 4
5118 7735 5
5118 11522 5
5119 5000 2
5119 7650 5
5119 8454 3
5119 4176 5
5119 4661 2
5119 10603 5
5119 3515 4
5119 4434 2
5119 10708 5
5119 9701 5
5119 4795 5
5119 302 3
5119 9588 5
5119 8999 5
5119 9646 5
5119 4914 5
5119 2722 5
5119 4438 4
5119 3927 4
5119 996 4
5119 5753 4
5119 9526 5
5119 8098 5
5119 3949 4
5119 11700 5
5119 4971 5
5120 165 4
5120 1277 5
5120 6954 4
5120 11704 5
5120 3000 5
5120 3123 5
5120 5340 5
5121 7902 5
5121 1515 5
5121 9212 5
5121 3826 4
5121 2722 5
5121 10188 2
5121 11403 3
5121 10932 5
5121 5658 5
5121 3717 4
5121 759 5
5121 1241 2
5121 8922 4
5121 5297 1
5121 9240 4
5121 6215 5
5121 3422 5
5121 1349 4
5121 4135 5
5121 3940 5
5121 10812 1
5121 3623 5
5121 11063 5
5121 2749 5
5121 8033 4
5121 10367 5
5121 10321 4
5121 7188 5
5121 11365 5
5122 3884 5
5122 10565 4
5122 9322 5
5122 4786 2
5122 1042 5
5122 10566 5
5123 3698 4
5123 925 5
5123 9322 5
5123 5924 5
5123 10031 5
5123 10368 5
5123 1607 1
5123 143 5
5123 4277 4
5123 3947 5
5123 645 1
5123 10032 3
5123 5385 5
5123 1029 5
5123 11046 4
5123 5000 4
5123 3701 4
5123 3064 3
5123 3623 4
5123 327 3
5123 1049 4
5123 1344 5
5123 7734 4
5123 5890 3
5123 7759 5
5123 1052 5
5123 3884 5
5124 1779 5
5124 5737 5
5124 966 5
5124 1425 5
5124 3905 5
5124 10407 1
5124 4509 4
5124 3717 5
5124 3754 5
5124 10321 5
5124 9626 5
5124 7834 5
5124 10367 5
5124 8747 3
5124 1479 5
5124 5294 5
5124 8730 2
5124 5461 5
5124 1506 5
5124 812 5
5124 4288 5
5124 5850 5
5124 4033 5
5124 11048 5
5125 4026 5
5125 7743 4
5125 6004 5
5125 3267 5
5125 749 5
5125 4259 5
5125 4550 5
5125 7966 5
5125 3275 5
5125 5830 5
5125 8428 5
5125 6749 5
5126 10320 5
5126 774 5
5126 4800 4
5126 9646 4
5126 283 3
5126 9699 3
5126 3894 5
5126 7801 5
5126 9538 4
5126 867 5
5126 1583 5
5126 9682 4
5126 3910 5
5126 313 1
5126 4531 2
5126 3199 5
5126 7907 5
5126 5783 4
5126 10087 4
5126 10627 2
5126 7567 5
5126 8594 4
5126 10118 5
5126 1097 2
5126 4833 4
5126 9588 4
5126 9800 2
5126 991 5
5126 2329 5
5126 1516 5
5126 6707 4
5126 4772 4
5126 4974 5
5126 10175 3
5126 10690 4
5126 1450 4
5126 3516 5
5126 10124 4
5126 4602 5
5126 8228 5
5126 266 4
5126 10794 5
5126 8287 4
5126 227 5
5126 11701 5
5126 934 5
5126 10809 4
5126 3762 5
5126 906 5
5126 977 4
5126 4649 5
5126 9444 4
5126 8183 2
5126 165 3
5126 9519 4
5126 10324 5
5126 4935 3
5126 2702 4
5126 3830 5
5126 5307 5
5126 1049 4
5126 1059 4
5126 3908 3
5126 4526 4
5126 988 5
5126 9376 5
5126 5592 5
5126 3796 4
5126 7313 5
5126 5266 1
5126 4149 4
5126 1048 5
5126 7106 3
5126 8074 2
5126 7580 2
5126 11462 4
5126 5321 2
5126 5111 2
5126 9697 3
5126 954 5
5126 1501 1
5126 6004 1
5126 3195 5
5126 6309 4
5126 9435 5
5126 1349 3
5126 8362 4
5126 284 2
5126 4634 5
5126 966 5
5126 6764 2
5126 11337 2
5126 8124 1
5126 10193 4
5126 4427 4
5126 1551 3
5126 4414 2
5126 9696 5
5126 5997 2
5126 6332 1
5126 3949 4
5126 9526 4
5126 4908 5
5126 5842 4
5126 327 4
5126 9638 3
5126 7505 2
5126 5016 2
5126 10724 4
5126 5177 4
5126 5183 3
5126 11669 1
5126 7716 2
5126 5222 3
5126 8779 2
5126 8233 4
5126 10810 4
5126 514 4
5126 9495 5
5126 10952 2
5126 10165 4
5126 5303 4
5126 4022 4
5126 1092 2
5126 5303 4
5126 3422 4
5126 4216 5
5126 8502 4
5126 9153 3
5126 1105 3
5126 11480 4
5126 4400 4
5126 10289 2
5126 10096 3
5126 1055 2
5126 11570 2
5126 2618 4
5126 1103 2
5127 1300 1
5127 1041 4
5127 3216 5
5127 6208 5
5127 6670 2
5127 908 3
5127 857 4
5127 308 4
5127 922 2
5127 6004 4
5127 1869 4
5128 5791 5
5128 2242 4
5128 3586 4
5128 363 4
5128 6078 5
5128 3871 5
5128 3790 5
5128 9933 4
5128 1017 5
5128 2722 4
5128 2700 5
5128 10502 5
5128 11512 5
5129 841 5
5129 9005 5
5129 3846 5
5129 779 5
5129 6332 5
5129 10632 1
5129 9613 5
5129 4935 4
5129 10863 3
5129 9741 2
5129 11414 5
5129 9210 1
5129 947 5
5129 9684 5
5130 738 5
5130 309 4
5130 196 5
5130 712 5
5130 728 5
5131 6622 4
5131 2702 4
5131 5924 5
5131 742 5
5131 934 1
5131 3944 3
5131 5265 3
5131 2257 5
5131 6692 5
5131 9772 4
5131 11424 5
5131 9135 5
5131 938 5
5131 3435 5
5131 858 2
5131 3146 5
5131 10379 3
5131 5105 3
5131 9574 5
5131 6441 5
5131 7751 5
5131 3949 4
5131 6163 5
5131 1691 4
5131 909 1
5131 897 3
5131 9472 5
5131 2007 3
5131 7773 4
5131 5733 4
5131 3687 4
5131 7573 2
5131 11482 4
5132 1049 4
5132 3849 3
5132 284 3
5132 4350 5
5132 1607 4
5132 2005 5
5132 1516 5
5132 923 2
5132 286 4
5132 9992 4
5132 1067 4
5132 3830 4
5132 10657 4
5132 926 5
5132 10014 5
5132 6019 3
5132 4045 4
5132 815 4
5132 10344 4
5132 3108 4
5132 8410 5
5132 783 5
5132 4321 5
5132 9887 4
5132 4974 5
5132 4216 5
5132 8493 4
5132 4629 4
5132 10039 4
5132 9321 4
5132 9694 5
5132 10033 4
5132 7483 5
5132 892 4
5132 3272 2
5133 7508 5
5133 6487 3
5133 9322 5
5133 2670 4
5133 4785 5
5133 2095 5
5133 10094 3
5134 3778 5
5134 4074 4
5134 10647 5
5134 934 5
5134 10906 5
5134 10736 5
5134 5466 4
5134 910 5
5134 9992 5
5134 631 5
5134 3801 4
5134 9943 5
5134 9831 4
5134 1082 5
5134 7188 4
5134 8362 4
5134 3055 5
5134 4135 5
5134 10028 4
5134 3156 4
5134 4788 5
5134 5226 4
5135 5787 5
5135 4449 5
5135 5779 5
5135 277 5
5135 11462 1
5135 10690 2
5135 327 5
5135 5605 5
5135 10283 2
5135 967 2
5135 7589 3
5135 5540 5
5135 5997 2
5135 4804 4
5135 5279 5
5136 9406 5
5136 4394 1
5136 3856 2
5136 1629 5
5136 934 4
5136 928 5
5136 5625 3
5136 5822 5
5136 1029 5
5137 309 5
5137 8720 5
5137 5242 5
5138 4798 5
5138 1415 1
5138 9702 4
5138 5545 5
5138 2937 5
5138 9433 5
5138 891 4
5138 3520 4
5138 739 5
5138 5550 4
5138 1406 4
5139 1643 3
5139 1958 2
5139 1998 1
5139 1475 4
5139 5583 5
5140 1842 5
5140 4609 5
5140 1241 5
5140 4254 4
5140 11580 5
5140 900 5
5140 4019 1
5140 1509 5
5140 10232 5
5140 5466 5
5140 2730 5
5140 7373 5
5140 9916 5
5140 3910 4
5140 7527 5
5140 2095 4
5140 8695 4
5140 5654 5
5140 3888 1
5140 5523 5
5140 11066 4
5140 5042 5
5140 7579 4
5140 10025 5
5140 3913 4
5140 10530 5
5140 885 5
5140 3108 2
5140 9992 1
5140 2946 4
5140 4771 5
5140 10118 5
5140 10733 2
5140 9902 3
5140 10510 1
5140 1499 2
5140 1457 5
5141 8350 5
5141 7816 5
5141 934 3
5141 10498 5
5141 10309 4
5141 3156 5
5141 5816 1
5141 3768 1
5141 11425 5
5141 4833 3
5141 10127 4
5141 10951 2
5141 10977 4
5141 10977 4
5141 5167 4
5141 4784 1
5142 3883 1
5142 5924 3
5142 4585 5
5143 10710 4
5143 2698 5
5143 2754 5
5143 2614 5
5143 3952 5
5144 10025 5
5144 10686 4
5144 11144 5
5145 6831 5
5145 10358 4
5145 5541 5
5145 2194 3
5145 3596 1
5146 10400 5
5146 1042 2
5146 5733 5
5146 4634 2
5146 9992 5
5146 10689 5
5146 10894 1
5146 2062 5
5146 1103 4
5146 10727 4
5146 9672 5
5146 10682 5
5146 10977 3
5146 10870 5
5146 10725 5
5146 3949 4
5146 1052 5
5146 977 3
5146 10732 5
5146 3884 5
5146 9443 4
5146 3798 4
5146 947 5
5146 944 4
5146 10754 4
5146 1042 3
5146 4848 3
5146 2701 5
5146 10520 3
5146 9789 4
5146 5092 4
5147 5520 5
5147 3583 5
5147 1089 5
5147 5457 4
5147 9770 5
5147 9488 5
5147 477 1
5147 1241 5
5147 9396 3
5147 1877 4
5147 9771 2
5147 3778 2
5147 10169 4
5147 1733 1
5147 3617 5
5147 947 4
5147 8441 5
5147 1515 4
5147 5092 4
5147 8777 1
5147 6403 5
5147 3718 5
5147 6876 5
5147 5400 5
5147 5318 1
5147 910 4
5147 3208 4
5147 3801 5
5148 8733 4
5148 1403 1
5148 1116 5
5148 218 5
5148 9677 2
5148 7402 3
5148 10908 4
5148 5526 5
5148 3954 4
5148 4682 5
5148 924 5
5148 10857 5
5148 3156 4
5148 10200 4
5148 5071 4
5148 11641 5
5148 10108 4
5148 10461 1
5148 3881 4
5148 5057 5
5148 10747 5
5149 7430 1
5149 4820 5
5149 7173 5
5149 3571 5
5149 10674 5
5150 643 4
5150 9443 2
5150 7976 5
5150 10429 5
5150 7943 5
5150 3626 5
5151 2152 4
5151 2713 5
5151 6041 5
5151 7331 5
5151 10737 5
5151 3626 5
5151 991 4
5151 5377 5
5151 10301 5
5151 4189 5
5152 9135 4
5152 4254 5
5152 2710 5
5152 5315 5
5152 9459 5
5152 2624 5
5152 9823 5
5152 6041 5
5152 11024 4
5152 3773 5
5152 1469 5
5152 9979 4
5152 11354 4
5152 10051 4
5152 8429 5
5152 622 5
5152 3626 3
5152 3863 5
5152 10257 5
5152 4634 3
5152 4965 5
5152 1065 5
5152 1365 5
5152 3796 5
5152 2639 5
5152 9778 5
5152 10495 4
5152 6551 5
5152 2614 5
5152 9140 5
5152 10466 5
5152 1083 5
5152 5468 5
5152 907 5
5153 1349 3
5153 3861 4
5153 9230 5
5153 9950 5
5153 857 5
5154 10995 4
5154 3796 5
5154 10544 5
5154 1021 5
5154 4593 5
5154 1097 5
5154 10738 5
5154 2749 4
5154 3626 5
5154 7188 5
5155 11602 5
5155 10533 3
5155 10715 5
5155 7165 3
5155 5459 5
5155 9873 5
5155 9883 5
5155 11387 5
5155 10165 5
5155 11386 4
5155 10168 5
5155 7422 4
5156 1406 4
5156 934 4
5156 10530 4
5156 11401 3
5156 5733 4
5156 5130 5
5156 891 5
5156 11036 4
5156 1349 4
5156 5558 5
5156 1515 5
5156 11058 4
5156 1506 5
5157 7527 5
5157 5733 5
5157 3393 4
5157 5835 4
5157 10026 4
5157 4848 3
5157 10699 2
5157 7885 5
5157 1067 4
5157 10544 5
5157 3934 5
5157 5466 4
5157 4054 5
5158 3686 4
5158 6618 4
5158 1446 4
5158 1985 5
5158 1329 3
5158 5741 4
5158 1763 5
5158 8954 4
5158 2722 3
5158 5835 4
5158 5229 3
5158 9831 2
5158 6039 5
5158 5930 5
5158 3621 3
5158 5318 1
5158 5833 5
5158 906 5
5158 10488 3
5158 1513 1
5158 4074 3
5158 3761 4
5158 3929 4
5158 9824 4
5158 10437 3
5158 10487 2
5158 9857 4
5158 572 4
5158 3390 1
5158 9981 3
5158 6638 5
5159 4315 5
5159 5459 5
5159 857 5
5159 8916 5
5159 6041 5
5159 9491 4
5159 9135 4
5159 10754 5
5159 6267 5
5160 3884 5
5160 10397 5
5160 10241 5
5160 4559 4
5160 4012 5
5160 5324 1
5160 1241 5
5160 10025 5
5160 10461 5
5160 1101 5
5160 3826 4
5160 4386 4
5160 3943 5
5160 10122 2
5160 9236 3
5160 5314 4
5160 5312 3
5160 3717 4
5160 10985 4
5160 10695 5
5160 2701 5
5160 1493 4
5160 4690 4
5161 7207 4
5161 5409 5
5161 1052 4
5161 8948 5
5161 4825 5
5161 10579 5
5161 10864 5
5161 10644 5
5161 10517 5
5161 3010 4
5161 920 4
5161 11540 4
5161 6654 5
5161 3884 3
5161 9436 4
5161 5630 5
5161 3889 4
5161 10379 2
5161 4829 4
5161 1515 5
5161 9741 4
5161 5466 5
5161 966 5
5162 104 3
5162 10011 4
5162 1403 1
5162 7523 3
5162 5156 5
5162 2693 1
5162 4192 4
5162 4874 3
5162 1393 4
5162 1669 5
5162 6139 4
5162 306 3
5162 1417 5
5162 3771 5
5162 4834 4
5162 4628 5
5162 1474 5
5162 8122 4
5162 482 5
5162 10343 5
5162 1791 5
5162 1439 4
5162 5003 4
5162 3944 2
5162 3943 5
5162 11355 5
5162 5833 4
5162 10487 3
5162 900 5
5162 3749 5
5162 1329 5
5162 934 5
5162 4935 4
5162 9517 2
5162 4675 5
5163 4602 1
5163 4834 4
5163 1349 2
5163 900 5
5163 9859 5
5163 2749 5
5163 5379 3
5163 2624 3
5163 1876 5
5163 2707 5
5163 9146 4
5163 10618 4
5164 3825 5
5164 10615 5
5164 10237 5
5164 10404 3
5164 9422 3
5164 981 4
5164 984 5
5164 6562 5
5164 5226 2
5164 10612 4
5164 1021 5
5164 11369 5
5164 5489 4
5164 946 3
5164 8245 4
5164 5537 5
5164 1002 3
5164 11667 5
5164 5229 5
5164 8248 5
5164 11400 5
5164 1002 5
5164 4019 5
5164 992 4
5164 3953 4
5164 947 2
5164 934 5
5164 1042 5
5164 3946 5
5164 3860 5
5164 11600 4
5164 10849 4
5164 10378 2
5164 3943 5
5164 5468 5
5164 11425 5
5165 7189 3
5165 8017 5
5165 10770 5
5165 9780 5
5166 574 2
5166 4997 5
5166 5379 5
5166 3749 5
5166 8402 5
5166 3796 5
5166 4991 5
5166 6662 5
5166 4787 5
5166 4788 5
5166 10264 4
5166 5301 2
5166 11570 5
5166 5458 5
5166 3943 5
5166 5470 5
5166 3913 5
5166 2752 4
5166 11705 4
5166 10376 4
5166 8402 5
5166 5379 5
5167 5293 2
5167 8742 1
5167 3519 3
5167 5489 4
5167 8292 5
5167 9270 5
5167 11694 4
5167 1425 5
5167 327 4
5167 10031 5
5167 3447 5
5168 4634 4
5168 1462 4
5168 11149 4
5168 5747 4
5168 9739 4
5168 5816 4
5168 9270 5
5168 7305 5
5168 8468 4
5168 10390 5
5168 7045 5
5168 8087 3
5168 7753 5
5168 8752 5
5168 5355 3
5168 4881 5
5169 8930 4
5169 1440 4
5169 11057 3
5169 10508 2
5169 10832 2
5170 11298 3
5170 3782 5
5170 10842 5
5170 638 5
5170 7969 5
5170 3625 3
5171 1444 5
5171 10101 5
5171 11437 5
5171 3954 5
5171 4784 3
5171 4395 5
5171 4993 5
5171 5733 4
5171 11280 3
5171 1425 2
5172 10976 5
5172 814 5
5172 4642 5
5172 2305 5
5172 8098 5
5172 4820 5
5172 4527 5
5172 8289 5
5172 10595 5
5172 6394 5
5172 5358 5
5172 966 5
5172 785 5
5172 5159 5
5172 8629 5
5172 10031 5
5173 10900 5
5173 10266 4
5173 3623 5
5174 3801 5
5174 2946 5
5174 1876 5
5174 10397 5
5174 2916 5
5174 10689 5
5174 2093 5
5174 8239 5
5174 4019 5
5174 3272 4
5174 892 5
5174 9322 5
5174 5284 5
5174 944 5
5174 6707 5
5174 7905 5
5174 4526 4
5174 964 3
5174 11477 5
5174 977 5
5174 1349 5
5174 934 5
5174 3814 5
5174 966 4
5174 8033 3
5174 1013 5
5174 4690 5
5174 8924 5
5174 5115 5
5174 1457 5
5174 9527 5
5174 5265 3
5174 9343 3
5174 2570 5
5174 2756 5
5174 9276 5
5174 10822 4
5174 1087 3
5174 3688 4
5174 5733 5
5174 926 5
5174 4820 5
5174 3379 5
5174 8681 5
5174 4693 5
5174 3808 4
5174 3761 5
5174 6759 5
5174 1466 5
5174 2701 5
5174 9218 1
5174 3623 5
5174 5181 5
5174 1062 5
5174 4634 5
5174 1365 5
5174 9496 5
5174 4358 2
5174 5481 5
5174 1509 4
5174 3870 5
5174 1042 5
5174 3884 5
5174 857 5
5174 1494 1
5174 266 5
5174 9650 4
5174 10670 5
5174 1516 5
5174 966 5
5174 2091 5
5174 3929 5
5174 10396 5
5174 11191 4
5174 3913 5
5174 3977 5
5174 942 5
5174 3852 5
5174 9651 5
5174 4544 5
5174 10687 5
5174 10691 5
5174 3791 5
5174 4406 5
5174 3793 5
5174 7421 5
5174 8510 5
5174 7040 4
5174 8234 5
5174 7795 5
5174 9375 5
5174 3016 5
5174 3195 4
5174 4012 1
5174 11328 5
5174 4290 5
5174 11648 2
5174 4404 5
5174 6791 5
5174 1022 5
5174 4414 5
5174 8602 4
5174 5473 5
5174 3944 5
5174 9691 5
5174 4490 4
5174 919 4
5174 3908 4
5174 9550 4
5174 868 5
5174 8644 5
5174 5768 5
5174 327 5
5174 3954 5
5174 7259 4
5174 2005 5
5174 2046 4
5174 589 5
5174 3949 2
5174 284 4
5174 6309 5
5174 4091 4
5174 9741 5
5174 3927 4
5174 7716 5
5174 1049 5
5174 4509 2
5174 4333 5
5174 9289 5
5174 5595 5
5174 5997 5
5174 11479 3
5174 3819 5
5174 4408 5
5174 6004 5
5174 1041 5
5175 1629 4
5175 6586 5
5175 5306 4
5175 1029 5
5175 6884 5
5175 2091 4
5175 10309 4
5175 9191 3
5175 5046 3
5176 857 5
5176 3757 5
5176 10526 5
5176 3753 2
5176 8198 4
5176 5226 5
5176 9527 5
5176 3801 5
5177 9782 4
5177 3782 1
5177 5597 5
5177 5833 5
5177 3860 5
5177 3617 5
5177 3774 4
5177 10227 4
5178 5466 5
5178 934 5
5178 5383 3
5178 8500 5
5179 6352 5
5179 3950 5
5179 5217 5
5179 4825 5
5179 5597 5
5179 8246 5
5179 954 5
5179 3825 5
5179 1056 4
5179 4314 5
5179 5358 4
5179 306 5
5179 4239 5
5179 857 5
5179 1667 1
5179 3801 5
5179 4881 5
5179 5222 5
5179 3946 5
5179 1002 5
5179 1021 5
5179 284 2
5179 4561 4
5179 4439 4
5179 11343 5
5179 5079 5
5179 7208 4
5179 5369 5
5179 11369 5
5179 1048 5
5179 1494 4
5179 11668 4
5179 4756 5
5179 3444 3
5179 9679 5
5179 9601 5
5179 7219 5
5179 3568 5
5179 7734 5
5179 10175 5
5179 6309 2
5179 3945 5
5179 4022 5
5179 11369 5
5179 6791 5
5179 4414 4
5180 5618 4
5180 6403 4
5180 3129 5
5180 4881 5
5180 9649 5
5180 5269 4
5180 11217 5
5180 10938 5
5181 4202 5
5181 3267 3
5181 7027 5
5181 2205 5
5181 11535 5
5181 589 5
5181 9745 4
5181 4589 5
5181 1025 3
5181 5808 5
5181 7487 5
5181 3697 4
5181 1551 5
5181 8508 5
5181 4314 4
5181 4971 5
5181 6675 5
5181 284 3
5181 6784 5
5181 9110 5
5181 9948 5
5181 1093 5
5181 9493 5
5181 3055 5
5181 4135 5
5181 4135 5
5181 9671 5
5182 4914 4
5182 1042 5
5182 10888 5
5182 11694 5
5182 11150 4
5182 27 4
5182 1049 5
5182 4829 2
5182 994 5
5182 2091 5
5182 3315 5
5183 6618 4
5183 5546 3
5183 5089 3
5183 6573 4
5183 1515 2
5183 3089 5
5183 10970 5
5183 3699 4
5183 3985 4
5183 10923 4
5183 8578 4
5183 9518 5
5183 1629 4
5183 1058 5
5184 6632 2
5184 900 5
5184 11354 5
5184 10705 5
5184 10460 4
5184 3871 3
5184 3869 5
5184 5228 5
5184 3875 1
5184 1043 5
5184 3580 5
5184 3774 3
5184 8312 5
5184 10082 5
5184 3583 4
5184 3796 5
5184 6129 4
5184 4794 5
5184 1349 4
5184 684 5
5184 11512 4
5184 3943 5
5184 4597 5
5185 3773 4
5185 2916 4
5185 3801 5
5185 3135 5
5185 3137 4
5185 1349 4
5185 924 4
5185 10431 2
5185 880 4
5185 9949 4
5185 2045 1
5185 1060 4
5185 3617 4
5185 2722 4
5185 1092 2
5185 7505 2
5185 10520 5
5185 9901 4
5185 4406 2
5185 10465 1
5185 3784 5
5185 1365 5
5185 3113 5
5186 3801 5
5186 4404 5
5186 9527 5
5186 10551 4
5186 9271 5
5186 11479 5
5186 7664 4
5186 9173 5
5186 7608 5
5186 3944 4
5186 906 5
5186 10727 5
5186 4408 2
5186 3583 5
5186 1022 2
5186 1520 4
5186 7579 5
5186 3138 5
5186 5279 4
5186 857 3
5186 1509 4
5186 284 1
5186 4406 5
5186 1987 4
5186 3195 4
5186 876 4
5186 3819 5
5187 9491 5
5187 900 5
5187 5851 3
5187 934 5
5187 3801 5
5187 981 2
5187 4636 5
5188 4063 1
5188 1049 2
5188 11117 3
5188 1506 5
5188 934 5
5188 4633 4
5188 3949 2
5188 1506 5
5188 3798 2
5188 11486 5
5188 1493 5
5188 5294 3
5188 9771 4
5188 3985 4
5188 4673 1
5188 3250 5
5188 10912 3
5188 5312 1
5188 4917 1
5189 11468 4
5189 3881 4
5189 5579 4
5189 5326 5
5189 3762 5
5189 3773 5
5189 1082 3
5189 11151 4
5189 1515 5
5189 5464 2
5189 3617 5
5189 1522 2
5190 5322 2
5190 3717 5
5190 3943 5
5190 1329 5
5190 10670 5
5190 4690 3
5190 10746 3
5190 9493 3
5190 1493 5
5190 9739 4
5190 857 4
5190 5597 5
5190 1067 5
5190 5338 3
5190 9140 4
5190 3801 5
5190 1438 5
5190 4054 3
5190 6019 3
5190 5370 4
5190 8671 5
5190 10407 3
5191 1032 5
5191 4473 5
5191 11532 4
5191 8223 4
5191 2688 5
5191 11511 5
5191 11624 4
5191 3778 3
5191 4634 4
5191 5379 5
5191 3911 3
5191 11066 3
5191 2670 3
5191 4019 2
5191 1486 5
5191 3797 4
5191 10346 5
5191 7139 5
5191 11652 4
5191 613 3
5191 3874 5
5191 3583 5
5192 2681 5
5192 3596 5
5192 6010 2
5192 4829 5
5192 10608 4
5192 3917 5
5192 7560 5
5192 4910 5
5192 8998 2
5192 2266 5
5192 10638 5
5192 11654 5
5192 8220 4
5192 8751 3
5192 7188 4
5192 991 4
5192 3784 4
5192 3869 5
5192 6332 4
5192 7342 4
5192 8495 5
5192 1506 5
5192 2749 4
5192 2746 5
5192 3940 5
5192 5026 5
5192 10227 4
5192 2018 5
5192 11643 4
5192 8573 4
5192 5009 5
5192 10096 5
5193 11408 5
5193 1348 1
5193 4000 5
5193 1052 5
5193 4058 3
5193 5125 4
5194 5850 4
5194 4393 4
5194 6174 5
5194 11008 5
5194 11217 5
5194 3801 5
5194 3951 5
5194 11494 5
5194 11188 5
5194 11459 5
5194 3905 3
5194 4135 5
5194 1329 5
5194 9741 4
5194 10583 4
5194 3952 5
5194 5497 4
5194 3801 5
5194 4634 5
5194 9493 5
5194 10755 4
5194 11434 5
5194 5360 4
5194 11686 5
5194 3881 5
5194 10630 5
5194 5377 5
5194 3623 5
5194 957 5
5194 11352 5
5194 10497 5
5195 3778 3
5195 3626 4
5195 885 5
5195 1060 5
5195 845 4
5195 9492 3
5195 8504 4
5195 3790 1
5195 1024 3
5195 1048 5
5195 10153 4
5195 1066 2
5195 1067 5
5195 3055 3
5195 1522 5
5196 9323 3
5196 6824 5
5196 10113 4
5197 5315 4
5197 4673 2
5197 5742 5
5197 934 4
5197 5297 2
5197 4784 2
5197 4673 2
5197 3623 2
5197 5318 2
5197 2749 5
5197 1344 5
5197 5300 3
5197 8500 5
5197 11706 5
5198 934 5
5198 5313 2
5198 5409 5
5198 8644 5
5198 9411 5
5198 962 5
5198 1425 4
5198 5441 5
5198 7374 4
5198 2318 5
5198 2264 5
5198 10592 5
5198 9665 4
5198 8969 1
5199 1059 5
5199 1485 5
5199 11119 1
5199 11441 4
5199 4645 4
5199 3942 3
5199 6845 4
5199 263 2
5199 4872 3
5199 9449 3
5199 985 4
5199 2850 2
5199 5189 4
5199 1048 5
5199 703 3
5199 272 3
5199 3830 4
5199 9650 4
5199 1047 5
5199 4526 4
5199 3880 4
5199 8946 4
5199 9519 3
5199 2018 4
5199 3830 4
5199 10989 4
5199 2252 5
5199 8847 5
5199 638 5
5199 1731 4
5199 2673 5
5199 10235 1
5199 4634 4
5199 1365 5
5199 4074 1
5199 8499 3
5199 10744 5
5199 9296 5
5199 11583 1
5199 1361 4
5199 9788 3
5199 1019 4
5199 1060 5
5199 5176 5
5199 521 4
5199 9881 4
5199 1054 5
5199 2262 4
5199 11310 5
5199 10093 5
5199 4673 1
5199 9212 1
5199 7432 4
5199 11644 5
5199 5226 3
5199 5597 4
5199 3623 3
5199 9493 5
5199 4705 3
5200 4414 5
5200 5997 3
5200 5768 4
5200 964 5
5200 9668 5
5200 9189 4
5200 8362 4
5200 5985 5
5200 4634 3
5200 9697 5
5200 6004 3
5200 1026 5
5200 2095 5
5200 10265 5
5200 4509 5
5200 5326 5
5200 10672 5
5200 8429 5
5200 3913 4
5200 3762 5
5200 11195 5
5200 6548 5
5200 7711 5
5201 10006 3
5201 10280 5
5201 2095 5
5201 8500 5
5201 4636 4
5201 3954 3
5201 992 1
5201 1020 5
5201 9651 5
5201 10495 5
5201 3954 5
5201 1870 5
5201 9623 3
5201 3913 5
5201 1020 5
5201 10196 4
5201 3606 5
5201 1061 1
5201 9603 5
5201 11596 4
5201 3770 5
5201 10394 5
5201 9755 5
5201 908 4
5201 1067 3
5201 10616 3
5201 10949 5
5201 3599 5
5201 3623 5
5201 5058 4
5202 5574 4
5202 6198 2
5202 1629 2
5202 5412 1
5202 1701 3
5202 10181 2
5202 10027 1
5202 3773 5
5202 1074 4
5202 667 5
5202 2266 4
5202 10347 2
5202 10622 3
5202 11512 3
5202 1009 5
5202 8313 4
5202 1483 5
5202 2205 4
5202 11416 5
5202 2174 3
5202 9924 5
5202 10369 4
5202 1019 5
5202 9908 5
5202 11264 4
5202 1036 3
5202 2941 2
5202 1261 3
5202 2682 3
5202 488 5
5202 907 4
5202 6391 4
5202 10798 5
5202 4220 1
5202 6757 4
5202 2323 5
5202 537 5
5202 9923 2
5202 10526 5
5202 924 1
5202 5219 5
5202 10734 4
5202 9613 4
5202 11389 5
5202 2928 5
5202 10222 3
5202 10370 4
5202 1469 5
5202 9927 5
5202 11309 4
5202 7259 3
5202 9905 4
5202 8634 2
5202 10413 3
5202 11239 3
5202 8637 4
5202 2425 4
5202 11395 5
5202 6994 5
5202 1522 5
5202 10116 4
5202 11302 2
5202 1107 5
5202 8602 3
5202 7483 2
5202 7559 2
5202 11299 4
5202 1020 3
5202 937 2
5202 11443 5
5202 8492 3
5202 2976 4
5202 11707 4
5202 5562 5
5202 2252 5
5202 8847 5
5202 1452 5
5202 1078 2
5202 9465 5
5202 4589 4
5202 1044 5
5202 986 2
5202 11054 2
5202 985 4
5202 10153 5
5202 6604 4
5202 260 1
5202 3058 5
5202 8503 5
5202 8521 4
5202 10989 1
5202 11355 2
5202 2018 4
5202 8745 5
5202 959 3
5202 3830 4
5202 1102 5
5202 4526 4
5202 6842 1
5202 4712 1
5202 184 2
5202 942 3
5202 10424 3
5202 1961 4
5202 9830 3
5202 9560 4
5202 1487 4
5202 8969 2
5202 3493 4
5202 3684 1
5202 1398 5
5202 1344 5
5202 9797 4
5202 1705 5
5202 8993 4
5202 4000 5
5202 8007 5
5202 11659 4
5202 929 3
5202 9143 4
5202 5230 5
5202 11404 2
5202 3943 5
5202 9125 5
5202 1499 4
5202 9825 4
5202 5846 5
5202 3560 4
5202 8396 5
5202 11626 2
5202 5446 1
5202 6332 2
5202 11229 4
5202 10557 4
5202 5170 2
5202 3250 4
5202 10082 4
5202 11219 4
5202 8911 2
5202 3855 3
5202 8504 5
5202 11406 5
5202 10562 2
5202 10674 5
5202 228 5
5202 7867 5
5202 11634 2
5202 11708 4
5202 9296 3
5202 5287 2
5202 5048 2
5202 5297 2
5202 8305 2
5202 8654 4
5202 9445 2
5202 2045 1
5202 6629 5
5202 11295 4
5202 11687 3
5202 903 1
5202 8312 5
5202 11051 5
5202 5039 5
5202 3469 2
5202 9453 2
5202 974 2
5202 4673 3
5202 6138 3
5202 11245 3
5202 6186 4
5202 10563 4
5202 11231 5
5202 11583 4
5202 6587 5
5202 906 2
5202 2965 5
5202 7547 5
5202 9949 3
5202 1026 5
5202 7566 3
5202 1957 4
5202 8744 5
5202 9940 5
5202 11428 1
5202 5228 4
5202 6971 4
5202 6650 5
5202 10899 1
5202 1080 2
5202 1081 4
5202 1457 2
5202 10430 4
5202 3752 4
5202 10672 1
5202 10456 5
5202 9726 3
5202 11448 5
5202 3852 5
5202 6010 5
5203 4960 2
5203 3768 3
5203 3052 3
5203 7902 5
5203 10959 3
5204 1021 5
5204 10713 3
5204 5753 5
5204 3627 4
5204 5768 2
5204 10266 4
5205 3904 4
5205 8455 5
5205 3773 5
5205 11059 5
5205 8682 5
5205 812 5
5205 11020 5
5205 845 4
5205 969 4
5205 4396 3
5205 5137 5
5205 2752 4
5205 4826 4
5205 10530 5
5205 1957 5
5205 10617 5
5206 934 5
5206 4872 4
5206 1092 1
5206 10169 4
5206 9901 4
5206 4832 5
5207 8216 5
5207 4712 3
5207 4385 5
5208 9013 4
5208 288 5
5208 974 5
5208 9010 5
5209 7578 4
5209 824 5
5209 787 4
5209 8387 5
5209 1765 3
5209 216 5
5209 2716 3
5209 9333 5
5209 2624 4
5209 2729 5
5209 3063 4
5209 9978 5
5210 10936 4
5210 8424 5
5210 11318 5
5210 991 5
5210 10491 4
5210 8429 5
5210 11671 4
5210 3117 5
5210 8429 5
5210 8612 5
5210 11187 5
5210 3929 5
5210 10408 5
5210 1021 5
5210 3680 5
5210 1059 5
5210 4033 5
5210 3954 4
5210 9219 5
5210 8424 5
5210 6126 5
5210 9877 1
5210 11196 5
5210 1357 5
5210 5383 4
5210 991 4
5210 3796 5
5210 11492 5
5210 10738 5
5210 990 5
5210 10252 4
5210 10058 5
5210 1526 5
5210 10196 5
5210 11709 5
5210 11709 4
5210 10055 4
5210 10199 5
5210 3478 5
5210 10753 4
5210 10058 5
5210 991 3
5210 10755 5
5211 104 5
5211 9488 5
5211 2755 5
5211 3796 5
5211 10858 5
5211 3852 5
5211 934 5
5212 9637 4
5212 9330 4
5212 10093 4
5212 3447 2
5212 4203 5
5212 4784 5
5212 5617 4
5212 5737 5
5212 10858 5
5212 4960 5
5212 10543 4
5212 8362 3
5212 10776 5
5212 934 5
5212 10966 5
5212 966 4
5212 9773 4
5212 3934 5
5212 4634 2
5212 9769 4
5212 10492 5
5212 10729 2
5212 9741 4
5212 3905 4
5212 10526 5
5212 10747 5
5212 4400 5
5212 9623 5
5212 10317 4
5212 4690 5
5212 4784 4
5212 5226 5
5212 3954 4
5212 11313 5
5212 771 4
5213 9310 5
5213 7135 5
5213 5018 4
5213 312 5
5213 9266 2
5213 211 3
5213 5035 4
5214 10248 5
5214 9229 5
5214 10198 5
5215 2613 5
5215 8681 2
5215 2742 5
5215 7920 2
5215 8309 4
5215 3152 5
5215 2741 5
5215 8115 5
5215 2558 5
5215 11157 5
5216 3866 5
5216 1302 5
5216 6515 5
5216 10650 5
5216 327 5
5216 3480 5
5216 3478 5
5216 10859 5
5216 9944 5
5216 9416 4
5216 9949 5
5216 1429 3
5216 6586 5
5217 10770 5
5217 11217 5
5217 11602 5
5218 4642 5
5218 5409 5
5218 10279 3
5218 891 5
5218 3446 5
5218 4675 5
5219 5428 5
5219 5329 4
5219 2745 5
5219 3927 3
5219 1077 4
5219 10763 4
5219 3680 5
5219 934 4
5219 3757 5
5219 954 4
5219 6612 4
5219 3943 5
5219 5605 4
5220 5196 5
5220 5447 3
5220 4280 5
5220 8825 5
5220 11633 4
5220 3805 5
5220 211 5
5220 8287 5
5220 4341 5
5220 2718 3
5220 11009 4
5220 11314 5
5220 2711 4
5220 4077 5
5220 900 3
5220 5198 4
5220 11569 3
5220 2642 5
5220 9949 4
5220 11452 5
5220 4829 2
5220 2742 4
5220 904 1
5220 4764 3
5220 9735 2
5220 9449 3
5220 1047 4
5220 272 5
5220 1048 1
5220 5710 5
5220 910 2
5220 2676 5
5220 2673 4
5220 7475 3
5220 10161 5
5220 2398 4
5220 521 4
5220 1513 1
5220 2205 5
5220 1522 5
5220 3819 5
5220 2713 5
5220 7572 5
5220 845 2
5220 1384 3
5220 8668 1
5220 3680 3
5220 11693 5
5220 8316 5
5220 643 5
5220 8519 5
5220 1021 1
5220 10466 5
5220 8216 5
5220 2749 1
5220 6041 4
5220 2615 4
5220 953 5
5220 1097 5
5220 5319 5
5220 7558 5
5220 2614 4
5220 2425 5
5220 10762 1
5220 934 5
5220 3943 5
5220 6916 5
5220 4284 5
5220 184 5
5220 2752 5
5220 1876 3
5220 2612 5
5220 1957 4
5220 5602 5
5220 9563 4
5220 3884 5
5220 4634 5
5220 2741 5
5220 6638 4
5220 10923 4
5220 6267 5
5220 3820 1
5220 9557 1
5221 5466 5
5221 6963 5
5221 6633 4
5221 1467 5
5221 6965 5
5221 9286 4
5221 1067 5
5221 1365 5
5221 934 5
5221 5607 3
5221 6638 2
5221 11053 5
5221 631 5
5221 11356 2
5221 1081 5
5221 8433 5
5221 1041 5
5221 1513 1
5221 814 5
5221 9445 1
5221 11603 2
5221 1516 3
5221 900 4
5221 10404 2
5221 8498 5
5221 10025 5
5221 6562 5
5221 978 4
5221 9769 4
5221 9807 5
5221 10408 1
5221 5228 4
5221 5482 4
5221 7544 5
5221 5887 5
5221 3787 4
5221 5232 3
5221 4439 5
5221 10730 4
5221 9992 3
5221 6039 2
5221 3627 5
5221 5710 4
5221 1439 5
5221 5585 5
5221 9705 5
5221 10813 5
5221 3749 4
5221 6632 3
5221 10769 3
5221 10488 3
5221 1959 2
5221 10505 3
5221 10487 2
5221 6595 3
5221 5370 5
5221 9411 4
5221 6186 5
5221 4286 5
5221 2095 4
5221 10855 4
5221 10685 4
5221 6631 5
5221 7261 4
5221 1515 5
5221 3156 5
5221 3929 4
5221 5092 2
5221 3680 5
5221 9140 5
5221 1515 4
5221 2986 5
5221 7543 4
5221 3251 4
5221 4969 5
5221 5347 5
5221 8493 4
5221 3884 5
5221 11047 1
5221 5671 5
5221 4876 3
5221 5377 5
5222 845 4
5222 11664 1
5222 5228 3
5222 5229 3
5222 3943 5
5222 1870 4
5222 5467 5
5222 11605 5
5222 6818 5
5223 9415 5
5223 3557 5
5223 10136 5
5223 810 5
5223 9566 5
5223 11648 4
5223 3750 2
5223 3666 5
5223 9088 1
5223 3923 5
5223 5539 5
5223 11428 3
5223 10269 5
5223 5616 3
5223 5131 4
5223 7208 5
5223 4829 3
5223 3085 5
5223 4690 5
5223 5504 1
5223 325 5
5223 10429 4
5223 11421 5
5223 1515 2
5223 9090 5
5223 9675 5
5223 638 5
5223 9513 5
5223 1042 4
5223 4828 5
5223 9568 4
5223 5000 5
5223 3889 5
5223 10588 5
5223 10032 4
5223 3633 5
5223 995 5
5223 8689 5
5223 4244 5
5223 10730 5
5223 9241 5
5223 6615 5
5223 5671 5
5223 1450 2
5223 8551 5
5223 9993 5
5223 5320 5
5223 2942 5
5223 8505 5
5223 5175 4
5223 954 2
5223 1028 5
5223 11626 5
5223 2045 2
5223 8310 2
5223 8954 5
5223 952 4
5223 6770 1
5223 10303 5
5223 955 5
5223 1067 2
5223 1078 4
5223 10562 5
5223 10563 5
5223 4565 4
5223 1093 3
5223 906 5
5223 9948 2
5223 1457 4
5223 5168 3
5223 9609 3
5223 316 2
5223 858 5
5223 6357 5
5223 4372 4
5223 55 4
5223 7589 5
5223 9119 3
5223 6151 5
5223 8042 5
5223 9009 4
5223 3718 5
5223 11031 5
5223 9449 4
5223 10436 5
5223 6151 5
5223 6152 5
5223 10338 4
5223 9347 5
5223 10262 5
5223 5228 2
5223 4847 5
5223 10062 4
5223 5715 5
5223 10570 4
5223 4543 5
5223 6403 5
5224 9767 2
5224 10565 5
5224 7519 4
5224 3869 4
5224 4634 2
5224 3715 3
5224 10036 4
5224 5318 1
5224 9495 4
5224 1513 2
5224 994 4
5224 4631 4
5224 3782 3
5224 4390 2
5224 10227 4
5224 3796 2
5224 10032 3
5224 8462 5
5224 9973 5
5224 5744 4
5224 3784 5
5224 3772 4
5224 8504 1
5224 3787 2
5224 10921 2
5224 11449 2
5224 3138 3
5224 3583 1
5224 3781 4
5224 2648 2
5224 5609 5
5224 10522 5
5224 2749 5
5224 10397 5
5224 10487 4
5224 3055 5
5224 1080 4
5224 1067 5
5224 10904 5
5224 3469 1
5224 10488 4
5225 7188 4
5225 9939 4
5225 466 4
5225 3870 3
5225 3611 5
5225 3774 4
5225 10221 5
5225 3393 3
5225 10890 4
5225 10376 4
5226 3778 5
5226 996 4
5226 4834 5
5226 10656 5
5226 3852 4
5226 8455 5
5226 3819 5
5226 10227 5
5226 4878 5
5226 6764 2
5226 5042 5
5226 5623 2
5227 5818 5
5227 8857 5
5227 866 5
5227 1029 5
5227 6700 4
5228 4774 5
5228 11283 1
5228 2095 1
5228 9785 2
5228 11191 5
5228 4315 5
5228 1241 5
5228 1506 5
5228 991 5
5228 5466 4
5228 1526 4
5228 5744 5
5228 10282 5
5228 8760 1
5228 5226 2
5228 4788 4
5229 3845 4
5229 4834 4
5229 8491 4
5229 8033 4
5229 9741 4
5229 8737 4
5229 5130 4
5229 3947 4
5229 3940 4
5229 4829 4
5229 1510 5
5229 3762 5
5229 11039 4
5229 3091 5
5229 9673 4
5229 1365 4
5229 5326 4
5229 860 5
5229 3796 4
5229 3881 2
5229 3927 3
5229 862 5
5230 8846 5
5230 9210 4
5230 3844 5
5230 2670 1
5230 2558 4
5230 11468 5
5231 8396 4
5231 4879 4
5231 1365 4
5231 2095 3
5231 4545 4
5231 5417 3
5231 1368 5
5231 5242 5
5231 10479 4
5231 9831 5
5231 5631 5
5231 4353 5
5231 9500 5
5231 3753 2
5231 931 4
5231 3797 4
5231 5220 4
5231 10251 4
5231 5634 5
5231 11471 4
5231 4203 5
5231 10648 4
5231 9495 4
5231 8959 5
5231 9129 3
5231 10308 4
5231 1097 3
5231 4634 5
5232 9537 2
5232 9772 5
5232 10030 4
5232 9487 4
5232 4543 5
5232 9949 4
5232 839 5
5232 860 5
5232 862 5
5232 4440 4
5232 10596 5
5232 3024 5
5233 4436 5
5233 3553 5
5233 4010 5
5233 3000 5
5233 3938 5
5234 3944 2
5234 9676 3
5234 4305 4
5234 3687 2
5234 11682 3
5234 10118 5
5234 3796 5
5234 11292 4
5234 6039 5
5234 10032 4
5234 10784 5
5234 4358 3
5234 9945 1
5234 10397 5
5234 1049 2
5235 4436 1
5235 932 5
5235 4259 4
5235 1082 2
5235 6939 4
5235 742 5
5235 2194 1
5235 1429 2
5235 8489 4
5235 3828 4
5235 2330 5
5235 4625 5
5235 904 4
5235 10941 2
5235 10691 5
5235 10243 4
5235 1083 5
5235 3778 4
5235 3878 5
5235 3038 4
5235 3146 4
5235 4914 2
5235 1481 4
5235 5748 5
5235 3861 5
5235 3772 5
5235 2670 4
5235 5524 5
5235 3041 3
5235 10061 2
5235 10777 1
5235 9870 5
5235 7027 5
5235 11412 4
5235 1509 3
5235 7546 4
5235 9138 4
5235 10943 4
5235 10121 5
5235 3865 4
5235 3267 4
5235 9054 1
5235 11493 3
5235 5552 5
5235 1086 5
5235 5161 4
5235 6899 4
5235 7666 4
5235 540 4
5235 4216 5
5235 1058 4
5235 3615 3
5235 5192 5
5235 9981 2
5235 3790 4
5236 3193 5
5236 2697 5
5236 3827 5
5236 7259 3
5236 10497 4
5236 10512 2
5236 10249 5
5236 6961 5
5236 3944 5
5236 5375 5
5236 5402 5
5236 4949 5
5236 8242 5
5236 5557 5
5236 3606 5
5237 2648 5
5237 9260 5
5237 10633 4
5238 1067 5
5238 638 5
5238 8514 5
5238 5633 5
5238 934 5
5238 4958 4
5238 1241 5
5238 10721 4
5238 128 5
5238 4275 3
5239 8640 4
5239 9201 5
5239 9332 5
5239 1418 4
5239 2756 3
5239 3449 4
5239 10810 5
5240 5019 5
5240 1998 1
5240 836 1
5240 8993 4
5240 814 5
5240 4649 5
5240 5617 1
5240 4511 5
5240 5060 5
5241 110 5
5241 8896 5
5241 5206 3
5241 3615 5
5241 6000 4
5241 8245 5
5241 5597 2
5241 9523 5
5242 938 4
5242 896 5
5242 928 3
5242 10322 5
5242 3252 5
5242 9734 5
5242 3953 5
5243 4644 5
5243 11229 4
5243 5228 3
5243 3950 4
5244 2701 5
5244 8054 5
5244 5550 5
5244 1779 5
5244 10025 5
5244 327 2
5244 323 5
5244 772 1
5244 3447 5
5244 7207 5
5244 4246 5
5244 9732 5
5244 992 2
5244 1049 5
5244 8993 2
5244 9458 5
5244 4634 5
5244 4203 4
5244 8745 5
5245 857 5
5245 11496 3
5245 11685 5
5245 11700 4
5245 10684 4
5246 768 2
5246 3770 5
5246 3626 5
5246 1675 4
5246 4259 3
5246 2718 3
5246 781 5
5246 9348 5
5246 2716 2
5246 7475 5
5246 830 5
5246 4834 5
5246 5557 5
5246 1506 5
5246 6961 5
5246 3940 5
5246 11692 5
5246 484 4
5246 9054 2
5246 11526 5
5246 3870 4
5246 3871 2
5246 3447 5
5246 11191 4
5246 10081 5
5246 10687 4
5246 9493 4
5246 857 4
5246 3623 4
5246 10768 5
5246 10221 5
5246 4026 4
5246 3583 5
5246 5579 3
5246 3108 4
5246 10948 4
5246 1509 2
5246 9110 2
5246 11651 4
5246 10051 5
5246 4914 2
5246 885 3
5246 1510 5
5246 6673 2
5246 1496 3
5246 3781 2
5246 2722 5
5246 1060 3
5246 7192 2
5246 10702 5
5246 862 5
5246 11047 1
5246 749 4
5246 5106 4
5246 3275 5
5246 4401 5
5246 3793 5
5246 1506 5
5246 10169 5
5246 2570 1
5246 4544 5
5246 3791 5
5246 5228 4
5246 10939 2
5246 2648 4
5246 3762 5
5247 9293 1
5247 2655 1
5247 9018 5
5247 878 5
5248 925 5
5248 902 4
5248 9770 4
5248 1029 5
5248 1039 4
5248 1059 4
5248 3777 4
5248 3627 4
5248 4676 4
5248 1853 5
5248 4848 4
5248 10851 3
5248 5466 4
5248 1357 4
5248 5776 2
5248 3156 4
5249 2696 5
5249 873 5
5249 11375 5
5249 805 5
5249 10354 5
5250 10214 5
5250 3352 5
5250 9741 4
5250 5183 4
5250 11710 4
5250 3322 5
5250 5206 4
5250 11062 5
5250 3738 5
5250 4193 5
5250 5740 5
5250 5658 5
5250 904 2
5250 10992 5
5250 1450 3
5250 857 4
5250 3797 5
5250 3954 4
5250 3656 4
5250 5833 5
5250 1329 5
5250 7505 2
5250 3903 5
5251 4551 2
5251 3717 1
5251 3791 5
5251 1067 4
5251 10776 5
5251 574 3
5251 10906 5
5251 11403 4
5251 4401 4
5251 3770 5
5252 1406 5
5252 2318 4
5252 3146 4
5252 3879 5
5252 3845 3
5252 3760 1
5252 11215 3
5252 1349 2
5252 2263 5
5252 9491 4
5252 10323 5
5252 9494 4
5252 3275 2
5252 10378 5
5252 10753 5
5252 3738 4
5253 153 5
5253 6884 5
5253 5833 2
5253 10397 5
5253 1329 5
5253 4091 3
5253 9411 4
5253 8074 2
5253 11479 2
5253 5997 2
5253 7716 5
5253 11660 5
5253 9375 4
5253 257 5
5253 5220 5
5253 8854 1
5253 7574 5
5253 3715 4
5253 9571 4
5253 9526 2
5253 9298 5
5254 11022 4
5254 9036 5
5254 5311 5
5254 9143 5
5254 4033 5
5254 11702 5
5254 11702 5
5255 5358 4
5255 5173 5
5255 4003 3
5255 9846 4
5255 4294 5
5255 8464 3
5255 10527 4
5255 3307 5
5255 10000 5
5255 4095 5
5255 10185 2
5255 638 5
5255 11105 5
5255 1060 5
5255 143 5
5255 153 2
5255 857 5
5255 1503 5
5255 3547 2
5255 6332 4
5255 5814 5
5256 580 4
5256 1462 5
5256 4748 4
5256 8847 5
5257 3852 4
5257 10809 5
5257 4275 3
5258 9306 4
5258 9231 3
5258 4054 5
5258 3536 5
5258 3905 5
5258 4926 2
5258 10770 5
5258 3444 5
5258 11486 5
5258 3480 5
5258 11008 5
5258 8700 5
5258 3469 4
5258 11396 5
5258 8883 5
5258 3252 5
5258 8359 5
5258 3949 4
5258 4135 3
5258 8493 4
5258 10684 5
5258 8499 4
5258 8578 3
5258 5400 5
5258 1522 5
5258 10403 4
5259 5708 5
5259 3601 4
5259 8225 5
5259 7486 1
5259 2616 5
5259 2639 5
5259 9583 5
5259 4384 5
5259 11620 3
5259 2652 5
5259 8601 3
5259 9036 5
5259 8567 5
5259 5311 5
5259 6969 5
5259 3934 4
5259 6960 5
5260 9275 3
5260 3141 5
5260 8493 5
5260 9237 4
5260 3929 5
5261 5175 5
5261 10233 5
5261 10906 5
5261 10868 5
5261 9613 4
5261 6971 4
5261 8312 5
5261 10563 4
5261 1044 4
5261 10031 5
5261 9948 3
5261 5834 5
5261 10817 5
5261 10251 5
5261 9296 5
5261 9949 5
5261 5166 4
5262 11594 4
5262 2018 4
5262 8493 4
5262 9449 3
5262 11683 3
5262 1059 4
5262 1075 3
5262 6573 4
5262 1052 5
5262 11054 4
5262 2833 4
5262 3656 5
5262 10725 5
5262 8362 5
5262 10118 5
5262 9012 5
5262 10099 5
5262 1792 4
5262 10366 4
5262 9411 3
5262 9527 5
5262 7594 5
5262 9519 4
5262 7460 5
5262 5220 3
5262 8652 2
5262 266 4
5262 906 4
5262 5048 3
5262 130 4
5262 954 5
5262 6970 2
5262 11490 5
5262 4414 4
5262 8332 5
5262 5307 5
5262 948 5
5262 3287 4
5262 6950 4
5262 8681 4
5262 2410 3
5262 3144 3
5262 3421 5
5262 327 5
5262 4394 4
5262 5000 5
5262 4791 3
5262 4935 5
5262 1049 5
5262 6332 4
5262 4135 4
5262 3954 3
5262 3949 4
5262 989 5
5262 10646 4
5262 5999 3
5262 11626 4
5262 8510 3
5262 4321 5
5262 3757 5
5262 1028 4
5262 1491 4
5262 10413 4
5262 1044 5
5262 10674 2
5262 3852 4
5262 3796 5
5262 11028 4
5262 8314 3
5262 8299 4
5262 955 5
5262 919 4
5262 5997 4
5262 3884 3
5262 8495 4
5262 10791 3
5263 10560 3
5263 7579 3
5263 4559 2
5263 4675 1
5263 4295 5
5263 4784 5
5263 4202 5
5263 4784 4
5263 4637 5
5263 7547 3
5263 936 3
5263 5020 4
5263 9099 5
5263 5737 5
5263 10441 3
5263 1406 5
5263 1457 1
5263 5515 4
5263 9602 4
5263 7770 5
5263 4400 1
5263 8362 4
5263 8881 2
5263 4054 5
5263 4275 2
5263 8033 4
5263 6163 4
5263 5537 4
5263 10457 1
5264 3627 1
5264 5787 5
5264 1662 4
5264 3959 4
5264 11577 3
5264 8029 5
5264 5351 5
5264 10207 5
5264 9582 5
5264 10184 5
5264 4675 5
5264 4673 1
5264 3920 3
5264 131 5
5264 5404 2
5264 5369 5
5265 5072 5
5265 899 5
5265 1458 4
5265 975 5
5265 3831 3
5265 4682 5
5266 10558 5
5266 867 5
5266 5692 5
5266 3595 4
5266 7313 5
5266 11447 5
5266 3687 5
5266 4631 4
5266 5815 5
5266 9159 5
5266 925 5
5266 1936 5
5266 912 4
5266 4829 5
5266 10868 5
5266 4216 1
5266 1949 5
5266 1029 5
5266 1067 3
5266 4074 4
5266 1949 5
5266 7918 4
5266 3721 5
5266 3778 5
5266 3146 5
5266 2951 5
5266 8689 5
5266 10443 5
5266 3573 5
5266 10882 5
5267 8258 5
5267 1865 1
5267 2373 2
5267 10566 5
5267 1046 5
5267 6759 4
5267 2689 3
5267 3146 5
5267 8989 5
5267 717 5
5267 7757 5
5267 2722 4
5267 3939 4
5267 10717 2
5267 3149 4
5267 5409 5
5267 3587 2
5267 10392 4
5267 4634 4
5267 3447 1
5267 8197 1
5267 7332 5
5267 3714 3
5267 9773 1
5267 5345 2
5267 8598 4
5267 858 5
5267 3905 5
5267 5351 5
5267 3829 4
5267 3583 3
5267 1034 5
5267 10998 3
5267 3568 5
5267 10273 5
5267 1042 5
5267 3934 4
5267 10397 5
5267 2404 1
5267 7547 5
5267 5318 5
5267 3686 1
5267 4509 1
5267 1012 4
5267 5170 1
5267 5080 4
5267 3935 2
5267 10565 4
5267 9083 4
5267 3380 3
5267 9538 5
5267 1028 5
5267 5400 5
5267 4639 3
5267 10784 5
5267 1067 2
5267 10734 2
5267 4595 1
5267 8500 5
5267 9762 5
5267 4704 2
5267 5524 4
5267 4971 3
5267 3315 5
5267 1503 3
5267 4427 5
5267 4908 5
5267 11116 4
5267 1708 3
5267 1280 5
5267 3764 4
5267 1516 2
5267 1757 1
5267 4848 1
5267 9788 1
5267 5481 2
5267 4395 4
5267 3913 3
5267 3728 5
5267 3976 1
5267 9210 1
5267 3905 4
5268 11321 4
5268 8131 4
5268 3064 5
5268 1057 3
5268 8664 4
5268 9773 4
5268 11215 2
5268 4820 4
5268 4631 3
5269 3834 5
5269 1132 3
5269 1198 5
5269 497 5
5269 1598 4
5269 1707 3
5269 11203 5
5269 3165 5
5269 9302 5
5269 6432 4
5269 2590 5
5270 104 5
5270 1418 5
5270 8421 5
5270 1272 1
5270 309 5
5270 276 5
5270 1415 1
5270 313 4
5270 2939 5
5270 11407 1
5270 1274 5
5270 712 1
5270 7523 5
5270 1391 4
5270 1408 5
5270 2244 4
5270 3834 5
5270 211 4
5270 3263 5
5270 3584 2
5270 3944 1
5270 762 4
5270 288 1
5270 3315 3
5270 6397 2
5270 258 2
5270 829 1
5270 1067 4
5270 7712 4
5270 830 5
5270 9997 1
5270 832 1
5270 3686 4
5270 4609 5
5270 6019 4
5270 7711 4
5271 104 5
5271 3852 5
5271 2656 5
5271 196 5
5271 706 5
5271 1365 5
5271 3322 5
5271 6652 5
5271 728 5
5271 3146 5
5272 11491 5
5272 326 5
5272 9002 2
5273 5226 1
5273 1524 5
5273 11495 5
5273 3801 5
5273 2730 5
5273 3773 5
5273 5467 5
5273 4637 5
5273 910 4
5273 5985 5
5273 3275 5
5273 934 5
5273 6039 5
5273 8830 3
5273 9493 5
5273 3943 5
5273 7208 3
5273 5294 1
5273 3913 3
5273 6649 5
5273 11432 4
5274 7669 5
5274 6181 5
5274 744 4
5274 7313 3
5274 839 4
5274 860 4
5274 862 4
5274 1435 4
5274 855 4
5274 8891 4
5274 11562 4
5274 5545 4
5274 2148 4
5274 3516 4
5274 8375 4
5274 4489 4
5274 6053 4
5274 7563 4
5274 5019 4
5274 7458 4
5274 52 4
5274 7463 4
5274 6332 3
5274 9411 2
5274 10016 4
5274 10318 4
5274 5730 4
5274 10268 5
5274 4427 4
5274 1949 4
5274 9423 4
5274 1876 5
5274 4094 4
5274 4131 4
5274 6004 2
5274 3715 4
5274 5446 4
5274 5125 4
5274 8193 4
5274 9448 3
5274 4406 5
5274 4100 4
5274 5420 3
5274 3451 4
5274 10921 5
5275 8396 5
5275 742 1
5275 4877 5
5275 1877 4
5275 3666 4
5275 1870 5
5275 1406 5
5275 10532 4
5275 5000 4
5275 10289 4
5275 9777 2
5275 5314 2
5276 93 5
5276 327 4
5276 11263 5
5276 948 4
5276 8717 5
5276 5624 1
5276 3958 3
5276 5451 4
5277 889 1
5277 934 5
5277 904 3
5277 3596 4
5277 9838 2
5278 9738 5
5278 1357 5
5278 861 5
5278 11551 5
5278 9459 5
5278 4543 4
5278 6971 4
5278 10238 3
5278 2558 5
5278 3480 5
5278 11683 4
5278 5647 4
5278 11399 1
5278 7422 5
5278 5684 3
5278 3777 3
5278 5000 4
5278 3948 4
5278 1060 4
5278 10408 3
5278 10487 4
5278 4673 3
5278 3786 4
5278 1481 4
5278 10459 5
5279 934 1
5279 10022 1
5279 1402 1
5279 1409 4
5279 4465 5
5279 11160 5
5279 8791 5
5279 8664 5
5279 5808 5
5279 8113 4
5279 10370 4
5279 11194 4
5280 10758 5
5280 9648 4
5280 4203 5
5280 6336 5
5280 9662 5
5280 3768 1
5280 2048 5
5280 6673 4
5280 862 1
5280 908 2
5280 4136 4
5280 1629 5
5280 9651 5
5280 10466 3
5280 1691 2
5280 910 2
5280 5997 5
5280 3777 4
5280 7141 5
5280 5579 5
5280 4019 2
5280 3275 5
5280 4275 3
5280 4135 5
5280 4634 3
5280 1101 5
5280 9568 1
5280 1509 2
5280 10216 5
5280 6443 2
5280 10227 5
5280 1876 1
5280 3627 1
5280 3444 5
5280 2558 1
5280 4016 4
5281 5891 4
5281 4944 1
5281 3583 5
5281 4016 5
5281 3852 5
5281 4016 5
5281 5748 4
5281 1429 3
5281 3600 5
5281 6019 3
5281 5307 5
5281 1048 5
5281 10499 4
5281 11429 5
5282 4558 4
5282 4060 5
5282 11200 4
5282 312 3
5282 4265 4
5282 3457 4
5283 6355 5
5283 6932 3
5283 9962 4
5283 11618 5
5283 4953 5
5283 5428 5
5283 10583 5
5283 5371 5
5283 934 4
5284 7235 5
5284 3263 5
5284 7406 5
5284 4010 5
5284 1939 5
5284 1403 1
5284 309 4
5284 2850 4
5284 5409 5
5284 9661 5
5284 5047 1
5284 5536 5
5284 3000 2
5284 3449 3
5284 887 5
5285 3333 5
5285 4686 5
5285 5355 5
5285 10321 5
5285 4919 4
5285 5069 2
5286 173 2
5286 3063 5
5286 5609 5
5286 769 5
5286 3902 5
5287 8384 1
5287 3089 5
5287 287 4
5287 9015 5
5287 4009 5
5287 3954 5
5287 6344 5
5287 8491 2
5287 3209 4
5287 2715 5
5288 4783 5
5288 7601 5
5288 4886 5
5288 8786 4
5288 11312 4
5289 4706 5
5289 3166 5
5289 10388 3
5289 3801 4
5289 7572 4
5289 5012 5
5289 4074 3
5289 9081 4
5289 3913 5
5289 5392 5
5289 10609 5
5289 7751 1
5289 7208 5
5289 919 4
5289 612 5
5289 4239 5
5289 4784 4
5289 8087 5
5289 4395 5
5289 4277 4
5289 7589 5
5289 1442 4
5289 11116 3
5290 782 2
5290 1876 5
5290 4782 5
5290 862 5
5290 3270 5
5290 5608 5
5290 1682 5
5290 738 1
5290 196 1
5290 751 5
5290 1391 5
5290 1274 5
5290 5513 5
5290 2928 5
5290 9120 5
5290 2735 5
5290 11532 5
5290 5409 5
5290 954 5
5290 640 1
5290 11624 5
5290 10396 5
5290 2609 5
5290 8242 5
5290 638 5
5290 8428 5
5290 1671 5
5291 164 5
5291 3388 5
5291 979 5
5291 10606 4
5291 1854 5
5291 1371 2
5291 7562 4
5291 2969 5
5291 8642 5
5291 10604 4
5291 4325 5
5291 1391 5
5291 1352 5
5291 1682 5
5291 3564 5
5291 5829 5
5291 5108 5
5291 8808 5
5291 315 5
5291 5159 4
5291 26 5
5291 1004 5
5291 4489 5
5291 10759 5
5291 1520 5
5291 6586 5
5291 1496 5
5292 4914 2
5292 8586 4
5292 3105 4
5292 9502 4
5293 10847 4
5293 11544 5
5293 5597 5
5293 2737 4
5293 5570 4
5293 4886 4
5293 7750 4
5293 726 4
5293 5004 4
5293 211 4
5293 3905 3
5293 4135 4
5293 1558 3
5293 5819 4
5293 2257 4
5293 4801 4
5293 5737 4
5293 3768 4
5293 239 4
5293 9491 4
5293 4694 4
5293 3252 5
5293 11487 5
5293 3245 5
5293 5226 4
5293 5058 3
5293 7753 5
5293 5294 5
5293 9493 5
5293 10796 5
5293 10592 5
5293 3947 4
5293 10702 5
5293 7161 5
5293 10270 5
5293 10051 5
5293 4949 5
5293 10925 5
5293 11363 5
5293 5605 5
5293 857 5
5293 8327 5
5293 2749 5
5293 10954 5
5293 10802 5
5293 3948 5
5293 3953 4
5294 7034 5
5294 4295 3
5294 1509 5
5294 873 5
5294 1374 3
5294 826 5
5294 842 4
5294 3435 5
5294 9231 5
5294 9411 5
5294 1003 3
5294 1003 5
5294 1509 4
5294 5579 3
5294 10397 3
5294 4135 5
5294 4019 4
5294 997 5
5294 11495 5
5294 10268 2
5294 743 2
5294 891 5
5294 3617 4
5294 1522 3
5295 4845 3
5295 4620 4
5295 4165 3
5295 2928 4
5295 8761 5
5295 8734 3
5295 1377 2
5295 3387 3
5295 3264 4
5295 4551 2
5295 5626 3
5295 9510 5
5295 3666 4
5295 3834 3
5295 1418 3
5295 6141 5
5295 5519 3
5295 756 1
5295 2244 4
5295 1406 5
5296 185 5
5296 2833 5
5296 248 5
5296 1602 5
5296 7207 5
5296 3708 5
5296 1029 5
5296 5664 4
5297 2920 5
5297 2095 5
5297 3571 4
5297 6057 2
5297 7816 5
5297 1391 4
5297 4189 5
5297 8351 4
5297 877 5
5297 1332 4
5297 3275 5
5297 4597 5
5297 926 4
5298 9371 4
5298 9391 5
5298 9176 4
5298 10011 5
5298 5422 5
5298 7198 5
5298 8118 5
5298 5257 4
5298 9665 5
5298 3593 5
5298 7112 5
5298 3127 4
5298 5848 5
5298 10452 5
5298 3738 5
5298 8327 4
5298 5850 5
5298 5816 5
5298 4673 3
5298 5226 3
5298 5383 4
5298 5058 2
5298 3764 5
5298 4135 5
5298 3892 5
5298 4764 4
5298 3881 5
5298 10127 4
5298 3853 5
5298 2304 3
5298 10450 4
5298 11641 5
5298 9491 5
5298 3950 5
5299 11242 5
5299 3893 5
5299 9491 5
5299 10770 5
5300 9411 5
5300 239 3
5300 1332 3
5300 3627 2
5301 3687 5
5301 5640 3
5301 3883 5
5301 9347 5
5301 839 5
5301 934 4
5301 5409 4
5301 1558 5
5301 6939 3
5301 8511 4
5301 4872 4
5301 2850 3
5301 925 5
5301 5125 5
5301 10335 4
5301 4895 4
5301 2093 5
5301 5815 4
5301 4863 5
5301 3331 5
5301 10648 5
5301 7559 4
5301 9527 5
5301 9411 5
5301 3989 5
5301 4032 5
5301 3770 4
5301 11610 3
5301 8198 4
5301 6309 5
5301 5997 3
5301 4074 2
5301 10691 3
5301 1041 4
5301 892 5
5301 5579 4
5301 11488 4
5301 108 5
5301 7460 4
5301 3089 4
5301 2965 5
5301 5000 4
5301 11605 5
5301 4135 5
5302 10206 5
5302 3322 5
5302 252 4
5302 8609 2
5302 7759 3
5302 1049 4
5302 9097 5
5302 5845 4
5302 11529 5
5302 3417 4
5302 951 5
5302 867 5
5302 1029 4
5302 302 4
5302 3901 2
5302 4829 4
5302 3870 4
5302 1003 1
5302 5292 5
5302 2019 5
5302 1521 5
5302 1444 5
5302 9918 5
5302 1448 5
5302 5112 5
5302 3782 5
5302 3422 5
5302 5529 5
5302 5591 4
5302 5590 4
5302 2919 2
5302 8199 5
5303 4203 4
5303 3817 5
5303 2718 5
5303 9741 5
5303 3146 5
5303 10803 5
5303 10397 4
5303 10861 5
5303 3108 3
5303 5891 5
5303 1067 2
5303 11343 5
5303 919 5
5303 3800 4
5303 1869 5
5303 7546 4
5303 1515 2
5303 10845 5
5303 10996 5
5303 5997 5
5303 1506 5
5303 3737 5
5303 5019 5
5303 3606 5
5304 9694 5
5304 2824 4
5304 1510 5
5304 5409 4
5304 11660 5
5304 10272 5
5304 5781 4
5304 3816 2
5304 10395 5
5305 8122 5
5305 783 2
5305 8891 2
5305 11680 1
5305 805 5
5305 810 5
5306 8499 5
5306 918 4
5306 11496 3
5306 10714 5
5306 913 5
5306 7046 2
5306 239 5
5306 4216 5
5306 10693 5
5306 4394 3
5306 9411 5
5306 4395 5
5306 4632 4
5306 3230 5
5306 10645 5
5306 10000 4
5306 10302 5
5306 9416 5
5306 4386 5
5306 910 1
5306 10682 5
5306 4630 3
5306 2384 5
5306 5781 5
5306 3275 5
5306 2417 5
5306 3761 5
5306 906 3
5306 10410 5
5306 10632 5
5306 6332 1
5306 9945 1
5306 2987 5
5306 6269 5
5306 1049 5
5306 1097 5
5306 3447 5
5306 3770 5
5306 10767 5
5306 3752 5
5306 10606 5
5306 954 5
5306 10527 5
5306 5545 5
5306 5192 5
5306 8464 3
5306 1670 5
5307 4430 2
5307 8896 5
5307 2716 5
5307 783 5
5307 5999 4
5307 6383 4
5307 2005 5
5307 3022 5
5307 810 3
5308 11444 2
5308 10046 5
5308 6374 5
5308 2301 5
5309 11196 5
5309 4627 5
5309 8327 5
5309 11409 5
5309 10414 5
5309 9137 5
5309 9848 5
5309 8225 5
5309 8429 5
5309 5547 5
5310 1396 4
5310 323 1
5310 10162 5
5310 6441 5
5310 10507 5
5310 2116 4
5310 10018 5
5311 8346 3
5311 5100 4
5311 3264 4
5311 3417 4
5311 842 5
5311 2687 4
5311 778 3
5311 9399 4
5311 477 4
5311 3146 5
5311 10227 4
5311 8495 4
5311 11479 4
5311 1050 4
5311 9269 3
5311 9620 5
5311 11382 4
5311 1060 4
5311 10039 3
5311 3617 5
5311 1522 3
5311 1061 4
5312 4600 4
5312 3464 5
5312 4600 4
5313 4135 4
5313 3451 4
5313 10530 5
5313 10387 4
5313 10399 3
5313 6923 4
5313 7402 2
5313 11149 5
5314 5856 5
5314 9515 4
5314 9017 1
5314 830 5
5314 4239 2
5314 9662 4
5314 8565 5
5314 5083 5
5314 1951 5
5314 6436 5
5314 881 4
5314 3872 5
5314 4939 4
5314 2257 5
5315 3708 2
5315 11110 5
5315 8641 4
5315 895 5
5315 9700 2
5315 10446 4
5315 900 3
5315 5129 5
5316 3867 2
5316 9189 4
5316 3913 4
5317 4441 5
5317 7679 5
5317 5665 3
5317 5306 5
5317 11126 5
5317 6472 5
5318 1241 5
5318 5687 4
5318 4761 5
5318 10198 5
5318 6388 2
5318 3599 4
5319 3166 5
5319 1418 4
5319 5326 5
5319 4634 4
5320 9291 5
5320 4623 5
5320 778 3
5321 7160 4
5321 7331 4
5321 10702 5
5321 3911 4
5321 4967 4
5321 10947 5
5321 2738 5
5321 8242 5
5321 11611 1
5321 4787 5
5321 3944 1
5321 5310 5
5321 11526 4
5321 10707 3
5322 6019 4
5322 934 5
5322 5597 4
5322 3796 4
5322 3778 4
5322 4685 5
5322 4634 5
5322 857 5
5323 1876 4
5323 3793 5
5323 5658 5
5323 2194 2
5323 5000 4
5323 1466 5
5323 1047 5
5323 655 5
5324 11484 5
5324 1052 5
5324 7494 4
5324 9443 4
5324 5466 4
5324 944 4
5324 3335 5
5324 4788 4
5324 10122 4
5324 9111 4
5324 5733 4
5324 5471 4
5324 1469 5
5324 5226 4
5324 9220 4
5324 10866 4
5324 857 5
5325 5513 5
5325 3538 5
5325 2657 4
5326 10218 5
5326 11379 5
5326 434 5
5327 7121 5
5327 4274 4
5327 284 4
5328 8118 4
5328 9610 4
5328 974 1
5328 9149 5
5328 867 4
5329 4421 5
5329 5435 1
5329 5189 5
5329 2854 4
5329 3830 5
5329 11498 5
5329 6791 5
5329 5165 5
5329 4322 5
5329 11317 5
5330 4530 5
5330 3852 5
5330 3936 5
5331 9700 3
5331 5087 5
5331 4490 5
5331 10136 4
5331 7073 4
5331 6441 5
5331 10478 3
5331 3843 4
5331 2728 4
5331 3645 5
5331 11602 4
5331 2745 5
5331 4690 5
5332 5078 5
5332 3121 3
5332 4820 4
5332 10513 3
5332 11013 4
5332 5500 4
5332 5822 5
5332 7397 4
5333 4561 3
5333 10409 2
5333 1607 2
5333 11405 5
5333 8670 5
5333 5906 5
5333 10850 5
5333 10576 5
5333 7740 5
5333 704 1
5333 10756 4
5334 744 5
5334 6953 5
5334 7266 5
5334 3513 5
5334 7082 2
5334 9646 5
5334 5441 5
5334 7985 5
5334 8198 5
5334 3654 5
5334 6106 5
5334 2091 5
5334 3355 3
5334 4995 3
5334 3061 4
5334 1285 5
5334 3959 5
5334 3564 5
5334 5657 3
5334 2701 5
5334 10573 5
5334 8494 4
5334 4353 5
5334 1097 2
5334 5733 5
5334 5284 5
5334 11033 5
5334 4834 3
5334 5435 5
5334 946 5
5334 3446 5
5334 8098 5
5334 3226 5
5334 3934 5
5334 4928 5
5334 2195 5
5334 8117 5
5334 3922 5
5334 10652 5
5334 8893 5
5334 7805 5
5334 9899 5
5334 4168 5
5334 9406 5
5334 10483 5
5334 10292 5
5334 2851 5
5334 3588 5
5334 8197 5
5334 183 5
5334 10102 5
5334 10382 5
5334 4266 5
5334 11482 5
5334 4746 5
5334 5619 4
5334 11438 4
5334 4337 4
5334 6880 5
5334 5014 5
5334 783 5
5334 4092 5
5334 3571 5
5334 6879 5
5334 8185 5
5334 9472 5
5334 5104 5
5334 11610 4
5334 4737 5
5334 4737 5
5335 10738 4
5335 3848 4
5335 992 3
5335 8087 2
5335 4794 5
5335 808 5
5335 2700 5
5335 10712 5
5335 934 5
5335 3793 5
5335 9332 4
5335 3025 5
5335 4058 1
5335 10854 5
5336 11178 5
5336 9773 3
5336 9590 4
5336 5651 4
5336 5502 4
5336 3573 5
5337 4788 4
5337 1987 4
5337 8405 5
5337 11009 3
5337 935 2
5337 3943 5
5337 2656 5
5338 10181 3
5338 1442 4
5338 9129 1
5338 1485 4
5338 4048 1
5338 8432 4
5338 3315 5
5338 9129 2
5338 10183 5
5338 8571 5
5339 8945 5
5339 4033 5
5339 10197 3
5339 10550 4
5339 3860 5
5339 3863 5
5339 4464 4
5340 6105 5
5340 7354 4
5340 11292 4
5340 4863 5
5340 11077 5
5340 9100 5
5340 1048 4
5340 10963 5
5340 5301 2
5340 3659 2
5340 4713 5
5340 7743 2
5340 5994 4
5340 8274 5
5340 10866 2
5340 1024 1
5340 9094 5
5340 7222 4
5340 5539 5
5341 8223 5
5341 2697 4
5341 7160 5
5341 2748 3
5341 1026 5
5341 910 2
5341 5985 5
5341 857 5
5341 10594 4
5341 3871 5
5342 1960 5
5342 868 1
5342 315 5
5342 4737 5
5342 11344 5
5342 5339 5
5342 3547 4
5342 3195 5
5342 857 5
5342 5842 4
5342 4703 1
5342 153 5
5342 4784 4
5342 5325 5
5343 5228 4
5343 9975 4
5343 2721 4
5343 4897 4
5343 1002 4
5343 3694 2
5343 5130 5
5343 10724 4
5343 4406 3
5343 9218 5
5343 5362 4
5343 5833 5
5343 5205 4
5344 211 5
5344 751 2
5344 1998 2
5344 3082 4
5344 5279 5
5344 2230 5
5344 830 5
5344 842 5
5344 4040 5
5344 1450 4
5344 3796 5
5344 10490 4
5344 986 5
5344 10901 3
5344 3943 5
5344 3138 5
5344 3944 4
5344 11683 5
5344 954 4
5344 9526 5
5344 3928 5
5344 3623 4
5344 4239 2
5344 10215 5
5344 1060 5
5344 1067 5
5345 10639 4
5345 7560 5
5345 4057 5
5345 11129 4
5345 2263 5
5345 7148 5
5345 3379 4
5345 2675 5
5345 2330 4
5345 2726 4
5345 9801 4
5345 8283 5
5345 4269 4
5345 1474 5
5345 3422 5
5345 4550 5
5345 2646 4
5345 1016 5
5345 2252 4
5345 8847 5
5345 968 2
5345 1792 4
5345 10343 4
5345 2271 4
5345 8955 4
5345 2453 5
5345 3287 4
5345 1053 4
5345 9926 4
5345 1451 5
5345 11580 5
5345 10169 3
5345 5188 5
5345 1036 4
5345 2376 4
5345 5368 5
5345 4861 5
5345 5494 3
5345 11183 4
5345 3398 4
5345 8307 5
5345 8299 5
5345 9933 5
5345 521 4
5345 9535 5
5345 1035 4
5345 10235 1
5345 5932 3
5345 3499 5
5345 3389 5
5345 514 3
5345 3385 3
5345 2730 4
5345 6782 4
5345 4216 1
5345 9912 4
5345 2429 4
5345 6661 4
5345 1037 4
5345 1853 5
5345 1100 4
5345 3614 5
5345 1083 4
5345 11418 3
5345 2318 4
5345 5931 4
5345 9814 4
5345 7203 4
5345 5933 3
5345 11013 2
5345 9061 4
5345 550 4
5345 6942 1
5345 4595 2
5345 9891 5
5345 9922 3
5345 9888 4
5345 9164 5
5345 6662 5
5345 9206 5
5345 1269 4
5345 3390 3
5345 2364 4
5345 8280 5
5345 8846 5
5345 10697 4
5345 8843 4
5345 279 2
5345 11235 5
5345 10601 4
5345 3424 3
5345 5564 5
5345 9901 5
5345 8978 3
5345 10850 5
5345 5245 5
5345 299 3
5345 10638 4
5345 10640 4
5345 4135 4
5345 8932 4
5345 5246 5
5345 9616 5
5345 5124 3
5345 10576 5
5345 7740 5
5345 140 2
5345 11405 5
5345 10517 5
5345 10644 5
5345 4489 3
5345 8908 4
5345 1443 5
5345 5604 5
5345 6844 5
5345 10366 5
5345 8791 5
5345 5602 1
5345 9776 5
5345 514 3
5345 1398 4
5345 2999 4
5345 5556 4
5345 537 3
5345 4738 4
5345 5448 5
5345 6752 4
5345 1448 4
5345 2941 5
5345 9601 5
5345 10637 5
5345 1084 5
5345 11287 5
5345 8348 5
5345 2281 4
5345 377 4
5345 3421 4
5345 2417 5
5345 4198 5
5345 1088 3
5345 2174 5
5345 3605 4
5345 6950 4
5345 941 4
5345 941 5
5345 2656 3
5345 10522 5
5345 7544 4
5345 2986 5
5345 3462 5
5345 8445 4
5345 3251 5
5345 4856 5
5345 5744 4
5345 10470 5
5345 5546 5
5345 11694 5
5345 3938 4
5345 992 5
5345 11217 5
5345 3138 5
5345 5183 4
5345 11669 2
5345 5177 4
5345 10791 3
5345 3798 4
5345 8279 4
5345 9923 5
5345 9212 3
5345 10903 5
5345 2398 5
5345 9465 5
5345 9465 5
5345 4851 4
5345 1092 4
5345 6777 3
5345 981 4
5345 9901 5
5345 8218 4
5345 8203 3
5345 10216 5
5345 1006 5
5345 3137 4
5345 1072 3
5345 6774 5
5345 10039 5
5345 9694 4
5345 10741 3
5345 3799 4
5345 5977 5
5345 9265 4
5345 8405 5
5345 1075 5
5345 1059 5
5345 954 5
5345 4591 5
5345 5182 2
5345 815 4
5345 1493 4
5345 7342 5
5345 1685 5
5345 3739 5
5345 5108 2
5345 1001 4
5345 5397 4
5345 744 5
5346 6921 5
5346 3110 4
5346 3782 5
5346 4899 4
5346 814 4
5346 9715 4
5346 9466 5
5346 3055 5
5346 994 4
5346 3738 5
5346 5279 3
5347 11421 3
5347 184 4
5347 1060 5
5347 8751 4
5347 11660 5
5347 4231 4
5347 9509 5
5347 4892 4
5347 965 5
5347 10648 5
5348 9233 5
5348 906 5
5348 1067 1
5348 991 5
5348 9665 5
5348 5597 4
5348 934 5
5348 1041 5
5348 5111 5
5348 11363 5
5348 2558 5
5348 8504 5
5349 1022 1
5349 4044 5
5349 934 4
5349 8362 2
5349 5733 4
5349 4851 1
5349 947 2
5349 3127 5
5349 4022 4
5349 8242 5
5349 8234 2
5349 3790 1
5349 3806 4
5349 3808 5
5349 6562 5
5349 2095 4
5349 7209 4
5349 11276 5
5349 8228 5
5349 1067 4
5349 5379 5
5349 4638 5
5349 1365 5
5349 7319 5
5349 10270 3
5349 11506 4
5349 3801 5
5350 1457 2
5350 5167 1
5350 6960 5
5350 10082 2
5350 1445 5
5350 10425 2
5350 1876 4
5350 3267 3
5350 1509 3
5350 2695 3
5351 10668 3
5351 3155 5
5351 5499 1
5351 3801 5
5351 7919 5
5351 1002 5
5351 11691 3
5352 3267 3
5352 2695 2
5352 992 5
5352 1002 4
5352 934 5
5352 1032 2
5352 1969 5
5352 8160 3
5352 900 5
5352 3814 3
5352 3868 3
5352 3875 3
5352 3869 5
5352 5579 4
5352 978 5
5352 10942 4
5352 2928 4
5352 1329 5
5352 962 2
5352 906 1
5352 1049 5
5352 2756 5
5352 3879 4
5352 1060 4
5352 3816 5
5352 5658 5
5352 1494 2
5352 9140 5
5352 1457 4
5353 4551 5
5353 7497 5
5353 2698 5
5353 3869 1
5353 3860 5
5353 10435 4
5353 10583 5
5353 10265 4
5353 3950 5
5353 3943 5
5353 11671 5
5353 1462 4
5353 3884 5
5353 934 4
5353 3826 4
5353 10966 5
5353 4591 5
5353 1496 3
5353 5299 2
5353 11186 1
5353 11029 5
5353 5496 5
5353 10366 4
5353 1869 5
5353 1520 4
5353 1522 4
5353 9276 3
5353 11182 2
5353 1466 4
5353 8285 3
5353 11016 4
5353 3853 5
5353 3032 5
5354 5564 5
5354 5201 3
5354 768 5
5354 900 5
5354 4143 5
5354 8891 5
5354 6389 5
5354 4266 5
5354 5016 4
5354 271 5
5354 7836 5
5354 6087 5
5354 5127 4
5354 3025 3
5354 6524 4
5355 4135 3
5355 8767 5
5355 4354 3
5355 10489 4
5355 997 5
5355 9950 5
5355 9623 5
5356 8234 4
5356 10418 2
5356 1021 5
5356 9332 3
5356 8453 2
5356 11383 3
5356 5379 4
5357 5262 2
5357 4186 4
5357 1365 5
5357 5489 5
5357 10608 1
5357 153 5
5357 7328 4
5357 8793 5
5358 3115 5
5358 11491 5
5358 9852 5
5358 4965 5
5358 5229 4
5358 5458 5
5358 5360 4
5358 1501 1
5358 10435 5
5358 3863 5
5358 3943 5
5358 11061 5
5358 10767 5
5358 11497 5
5358 11683 4
5358 11451 4
5358 115 4
5358 11462 4
5358 6095 4
5358 10901 4
5358 10986 3
5358 10986 4
5358 11507 4
5358 196 4
5358 832 4
5358 832 4
5358 10784 4
5358 258 4
5358 11643 4
5358 820 5
5358 104 4
5358 76 4
5358 6255 4
5358 320 5
5358 216 4
5358 2145 4
5358 2947 4
5358 4883 4
5358 2728 4
5358 1393 4
5358 170 4
5358 5366 5
5358 11448 4
5358 10463 5
5358 3680 5
5358 10876 4
5358 10672 5
5358 3250 2
5358 5170 3
5358 1079 3
5358 10562 4
5358 10563 4
5358 1078 4
5358 9948 3
5358 906 4
5358 1080 4
5358 1081 4
5358 1067 3
5358 10466 4
5358 954 3
5358 2045 2
5358 11490 3
5358 1025 4
5358 3852 2
5358 9952 3
5358 10949 3
5358 10413 5
5358 11221 2
5358 3407 5
5358 1069 3
5358 1098 2
5358 1075 3
5358 11513 4
5358 3796 5
5358 1059 5
5358 11471 5
5358 5282 4
5358 5183 2
5358 1082 2
5358 3398 4
5358 5188 3
5358 1083 4
5358 2398 4
5358 9552 2
5358 459 4
5358 10071 4
5358 7976 4
5358 4216 4
5358 9887 4
5358 3617 5
5358 2395 4
5358 2264 4
5358 2999 4
5358 8847 5
5358 4738 3
5358 9717 4
5358 1019 4
5358 5759 4
5358 1474 4
5358 6950 5
5358 1096 4
5358 9276 4
5358 941 3
5358 1466 5
5358 8348 5
5358 8313 5
5358 3762 5
5358 3423 4
5358 6129 5
5358 10361 5
5358 4210 3
5358 2590 5
5358 2689 5
5358 11376 4
5358 11708 4
5358 4386 4
5358 9296 4
5358 1457 4
5358 1524 4
5358 3784 5
5358 9476 4
5358 8221 5
5358 4135 4
5358 3913 5
5358 3954 4
5358 5671 5
5358 10804 4
5358 3806 4
5358 3808 4
5358 1514 5
5358 1107 4
5358 10586 5
5358 11614 4
5358 1099 4
5358 1094 5
5358 10467 4
5358 10468 4
5358 10236 5
5358 5216 2
5358 6612 4
5358 6618 3
5358 8321 4
5358 6643 3
5358 5412 3
5358 5412 4
5358 10743 3
5358 10787 4
5358 11289 4
5358 8453 3
5358 10743 3
5358 11431 4
5358 10743 3
5358 5782 3
5358 8671 3
5358 11352 3
5358 10917 3
5358 10338 4
5358 11433 3
5358 11432 3
5358 3756 4
5358 4899 3
5358 4234 4
5358 6634 4
5358 6631 3
5358 5228 4
5358 6657 4
5358 5387 5
5358 5228 4
5358 10788 5
5358 11499 4
5358 11501 4
5358 10788 5
5358 2663 5
5358 11500 4
5358 10772 5
5358 11502 4
5358 11503 4
5358 11044 5
5358 7375 5
5358 3621 4
5358 6638 4
5358 2690 3
5358 6633 4
5358 10789 3
5358 1329 5
5358 8322 3
5358 5833 4
5358 5835 3
5358 3749 4
5358 6039 3
5358 6632 3
5358 10769 3
5358 10488 4
5358 1959 4
5358 10505 3
5358 10487 3
5358 6595 4
5358 5370 3
5358 5497 5
5358 10495 4
5358 8612 5
5358 8429 4
5358 9851 5
5358 10240 4
5358 10518 3
5358 11565 4
5358 5389 5
5358 10504 4
5358 10437 3
5358 10434 3
5358 9857 2
5358 5401 5
5358 1426 4
5358 10428 3
5358 5343 5
5358 9829 4
5358 5394 3
5358 5362 4
5358 5393 5
5358 9824 5
5358 5402 5
5358 10497 5
5358 5390 5
5358 10501 4
5358 10512 4
5358 10502 4
5358 5375 4
5358 10433 4
5358 1344 5
5358 10500 5
5359 10816 2
5359 9411 5
5359 4935 5
5360 9690 1
5360 728 4
5360 7958 4
5360 5532 5
5360 4992 5
5361 4043 5
5361 9285 5
5361 8198 5
5361 5002 5
5361 3579 5
5361 1518 5
5361 5087 3
5361 857 3
5362 6277 2
5362 4243 1
5362 9633 2
5362 9359 4
5362 2678 4
5362 3131 3
5363 1443 4
5363 9444 5
5363 5370 5
5363 2194 5
5363 4396 5
5363 3447 1
5363 8926 5
5363 3810 5
5364 4926 2
5364 934 5
5364 4274 5
5364 3713 5
5365 2709 4
5365 10736 4
5365 9191 4
5365 8328 5
5365 5315 4
5365 7838 4
5365 10136 5
5365 8926 5
5365 10523 4
5365 7992 5
5365 7958 4
5365 11633 3
5365 10626 5
5365 8220 4
5365 11369 1
5365 9939 4
5365 11432 5
5365 9092 5
5365 5891 5
5365 4634 5
5365 7846 5
5365 3139 5
5366 1067 3
5366 11065 5
5366 5617 4
5366 10458 4
5366 1481 2
5366 9767 5
5366 3757 5
5366 4394 4
5366 5274 5
5366 663 4
5366 665 5
5366 891 5
5366 4100 4
5366 11206 5
5367 3389 5
5367 5226 3
5367 1443 5
5367 1936 5
5367 11667 5
5367 3778 3
5367 8236 5
5367 1266 5
5367 9697 5
5367 6549 5
5367 3801 5
5367 3954 5
5367 6551 4
5367 4965 5
5367 9137 5
5367 3583 2
5367 5597 5
5367 11367 5
5367 11685 5
5367 3951 5
5367 6019 4
5367 3275 5
5367 3919 5
5367 8043 1
5367 5423 5
5367 3954 4
5367 10747 5
5367 9493 5
5367 3913 5
5367 11672 2
5367 5112 3
5367 3893 5
5368 5016 3
5368 5450 5
5368 9405 5
5368 4465 3
5368 6834 5
5368 1504 5
5368 3025 5
5368 1501 1
5368 10194 5
5368 5163 4
5368 8650 5
5368 3686 5
5368 10637 5
5368 1411 4
5368 9993 4
5368 7052 4
5368 10084 2
5369 477 4
5369 477 5
5369 8751 2
5369 3577 5
5369 8742 3
5369 10399 3
5369 1329 5
5370 11409 5
5370 3873 5
5370 1481 2
5370 10248 4
5371 9677 2
5371 2095 5
5371 992 5
5371 5816 1
5371 5294 4
5371 9953 1
5371 5232 4
5371 5359 3
5371 9785 1
5371 8922 3
5371 5529 4
5371 9610 5
5371 9632 4
5371 9677 5
5372 11706 5
5372 5079 5
5372 3861 4
5372 11024 5
5372 7730 4
5373 7564 5
5373 934 4
5373 4833 3
5374 8728 5
5374 10112 5
5374 8615 5
5374 3798 2
5374 5808 5
5374 9771 1
5374 7402 2
5374 9399 5
5374 4135 5
5375 4074 5
5375 4465 5
5375 3969 1
5375 1029 5
5375 5239 5
5375 3777 1
5375 913 5
5375 6984 4
5375 881 3
5375 5350 5
5375 6673 5
5375 8169 1
5375 895 4
5375 1513 1
5375 7918 5
5376 3447 4
5376 1490 5
5376 897 1
5376 5579 3
5376 8615 3
5376 10070 5
5376 3275 4
5376 11456 4
5376 1041 5
5376 8234 4
5376 1070 5
5376 1075 1
5376 11416 4
5376 2648 4
5376 11020 3
5376 10250 4
5376 3583 5
5376 1021 5
5377 2499 5
5377 895 5
5377 913 3
5377 897 3
5377 11055 5
5377 1000 5
5377 928 3
5377 325 5
5377 868 5
5377 7046 5
5377 10873 5
5378 10651 5
5378 228 1
5378 7062 4
5378 3591 5
5378 3451 4
5378 934 5
5378 2168 4
5378 239 5
5378 9944 5
5378 5489 1
5378 3869 2
5378 10575 5
5378 3267 5
5378 10091 5
5378 8208 5
5378 1404 3
5378 9657 2
5378 9800 4
5378 11486 4
5378 3949 4
5378 4358 4
5378 8062 5
5378 8269 4
5378 4960 5
5378 8949 5
5378 9736 2
5378 8809 4
5378 1457 4
5378 5656 5
5378 4019 5
5378 4748 2
5378 10489 1
5379 1673 5
5379 4969 5
5379 1156 5
5379 4626 3
5379 3580 5
5379 7133 5
5379 10328 4
5379 3457 5
5380 2507 5
5380 6833 5
5380 3156 5
5380 6700 5
5380 635 5
5380 1629 1
5380 11153 5
5380 2586 5
5380 3502 4
5380 1852 5
5380 9091 5
5380 3206 5
5381 8241 5
5381 766 1
5381 7387 3
5382 8809 4
5382 9955 5
5382 4889 5
5383 9842 4
5383 8852 5
5383 11474 2
5384 7150 5
5384 2275 4
5384 10837 5
5385 2227 4
5385 2197 5
5385 3408 4
5385 3472 3
5385 4573 5
5385 405 2
5385 3033 5
5385 383 4
5385 8049 3
5385 8077 4
5385 1826 5
5385 1122 1
5385 1148 3
5385 2249 4
5385 2332 3
5385 2267 5
5386 5972 5
5386 7101 5
5386 7926 4
5386 4576 5
5387 3311 4
5387 3303 4
5387 6708 5
5387 3053 3
5387 7803 3
5387 5972 4
5387 7068 4
5387 5295 4
5387 6736 4
5387 2302 4
5387 7644 4
5387 5670 5
5387 5652 3
5387 2885 2
5387 6768 3
5387 7391 4
5387 6818 4
5388 1127 2
5388 4627 5
5388 3687 3
5388 4117 5
5388 3031 4
5388 632 3
5388 10208 5
5388 1088 5
5389 8897 4
5389 4737 5
5389 4145 4
5389 7435 4
5389 3302 4
5389 4929 5
5389 3435 5
5389 6282 5
5389 4131 4
5389 7320 5
5389 8525 4
5390 4048 1
5390 2093 4
5390 2489 4
5390 3047 5
5390 5903 4
5390 4447 4
5390 2434 4
5390 11634 4
5390 4501 4
5390 6708 5
5390 9581 5
5390 3022 4
5390 2001 4
5390 229 5
5390 3721 5
5391 2661 4
5391 2354 4
5391 490 4
5391 2292 3
5391 5990 3
5391 2894 3
5391 4163 4
5391 3790 4
5391 6873 5
5391 6603 5
5391 3411 4
5391 3377 3
5391 2622 3
5391 3038 4
5391 3393 4
5391 1088 4
5391 2988 3
5391 7136 3
5391 7260 4
5392 6823 5
5392 4519 5
5392 5700 4
5392 7332 5
5392 3414 5
5393 829 5
5393 762 1
5393 196 5
5393 11529 5
5394 1123 3
5394 1230 5
5394 379 5
5394 7025 4
5394 1215 5
5394 8322 3
5394 5703 4
5394 8936 5
5394 5741 5
5394 1184 4
5394 8080 2
5394 11070 5
5394 3638 4
5394 1624 1
5394 7009 5
5394 3409 5
5394 6286 3
5394 2568 4
5394 1241 5
5394 9192 5
5394 4779 3
5394 4174 5
5394 8846 5
5395 7820 4
5395 6578 5
5395 1406 4
5395 5044 4
5395 6317 5
5395 2736 4
5395 6406 4
5395 3709 3
5395 2755 4
5395 632 4
5395 4947 4
5395 6013 4
5395 5350 4
5395 6338 4
5395 1598 5
5395 3692 5
5395 6311 5
5395 7089 4
5395 8195 4
5395 4577 5
5395 7988 3
5395 1900 5
5395 9949 5
5395 2041 5
5395 642 4
5395 5005 5
5395 3793 4
5395 2771 2
5395 6313 3
5395 7698 4
5395 4508 4
5395 4508 2
5395 6067 3
5395 6066 4
5395 2059 1
5395 6848 3
5396 4085 5
5396 7048 5
5396 175 5
5396 276 5
5396 4447 5
5396 832 5
5396 2889 5
5396 10974 4
5396 4806 4
5396 11102 3
5396 10570 5
5396 699 5
5396 10214 5
5396 3359 3
5396 8597 4
5396 4874 4
5396 1403 1
5396 9687 3
5396 5154 3
5396 5061 5
5396 10636 3
5396 712 5
5396 8206 3
5396 8480 5
5396 7286 5
5396 2913 5
5396 5583 4
5397 759 1
5397 11074 4
5397 3549 2
5398 4117 5
5398 2477 4
5398 6125 5
5398 810 4
5398 8197 4
5398 2499 5
5398 902 5
5398 1463 3
5398 7986 5
5398 4263 5
5398 3975 5
5398 7758 4
5398 5144 5
5399 7197 5
5399 4148 5
5399 7660 4
5399 8816 5
5399 5857 5
5399 4260 5
5399 3302 5
5399 6073 3
5399 6304 4
5399 2805 4
5399 3564 4
5399 2831 5
5399 8143 5
5399 6816 1
5399 8386 2
5399 4117 5
5399 8865 2
5399 4181 5
5399 4178 5
5400 4259 4
5400 5444 4
5400 2637 5
5400 4080 2
5400 4836 5
5401 8658 5
5401 3417 5
5401 2590 5
5401 4586 5
5402 6366 5
5402 7644 2
5402 6840 4
5402 254 5
5402 8763 4
5402 5954 5
5402 7306 5
5402 5735 4
5402 8057 5
5403 11475 4
5403 275 5
5403 4884 5
5403 5836 5
5403 8142 4
5403 3256 5
5403 4173 2
5404 11593 4
5404 9454 5
5404 8546 5
5404 8473 3
5404 4802 4
5404 6660 5
5404 9877 4
5404 1410 5
5404 3861 4
5404 5063 3
5404 632 2
5404 5993 2
5405 7852 4
5405 41 4
5405 1289 4
5405 5737 4
5405 1413 3
5405 3000 5
5405 1409 3
5405 2817 3
5405 7514 5
5406 2802 5
5406 4425 4
5406 8391 5
5406 3690 5
5406 3282 1
5406 3447 1
5406 3900 5
5407 2416 5
5407 2722 4
5407 1646 5
5407 11134 5
5408 7287 5
5408 11607 5
5408 4174 5
5408 8091 5
5408 2918 5
5408 5706 5
5408 8307 5
5408 11175 5
5408 4640 4
5408 11246 5
5408 152 4
5409 9202 4
5409 717 4
5409 11361 4
5409 5781 5
5410 9239 4
5410 6102 5
5410 3153 4
5411 8184 4
5411 10278 3
5411 9183 2
5411 700 1
5411 6049 5
5411 309 5
5411 7568 5
5411 10353 5
5411 9080 3
5411 7197 5
5411 3182 4
5411 4681 5
5411 4143 5
5411 154 3
5411 3687 4
5411 9537 5
5411 857 4
5411 3226 4
5411 4726 1
5411 3465 4
5411 6375 5
5412 3875 1
5412 2782 5
5412 10372 4
5412 842 5
5412 737 5
5412 7077 5
5412 1299 5
5412 11632 5
5412 3367 5
5412 791 5
5412 670 4
5412 5048 4
5412 8773 4
5412 4895 5
5413 11100 2
5413 10625 3
5413 1599 5
5413 6861 5
5413 8788 5
5413 3001 1
5413 7246 5
5413 2501 5
5413 2418 4
5413 10611 3
5413 10139 5
5413 5444 5
5414 9835 5
5414 8917 5
5414 7400 4
5415 9215 4
5415 8963 4
5415 5847 3
5416 5503 5
5416 7310 5
5416 9209 5
5416 4678 5
5416 9522 4
5416 4686 5
5416 9209 5
5417 3210 4
5417 8113 5
5417 7405 3
5417 6141 5
5417 4034 3
5417 5052 4
5417 3504 5
5417 10009 2
5417 3762 5
5417 3982 4
5417 2405 5
5417 1779 3
5417 4215 5
5418 1682 5
5418 309 5
5418 7453 2
5419 7818 5
5419 3719 4
5419 6406 5
5419 7933 1
5419 11452 4
5419 5044 5
5419 3739 5
5419 4181 5
5419 8216 5
5419 788 5
5419 10546 4
5419 3987 5
5419 11437 4
5419 10321 5
5419 7373 5
5419 243 5
5419 7328 3
5419 7923 4
5419 10312 5
5419 26 4
5419 966 5
5419 9338 4
5419 791 5
5419 10535 4
5419 8493 3
5419 10366 4
5419 5294 4
5419 3626 5
5419 2005 4
5419 11060 5
5419 10138 5
5420 11268 5
5420 9332 5
5420 4645 4
5420 900 4
5420 1395 5
5420 7338 4
5420 309 4
5420 843 5
5420 5982 4
5420 5333 5
5420 4816 4
5420 3480 5
5420 2921 5
5420 3125 5
5420 3873 5
5420 10059 4
5420 1506 5
5420 10927 4
5420 10701 5
5420 3593 5
5420 4242 5
5420 4601 4
5420 11711 4
5420 10582 5
5420 5587 4
5420 11169 5
5420 211 4
5420 10541 5
5420 9867 3
5420 9229 5
5420 4673 2
5421 972 5
5421 3542 5
5421 4412 5
5422 8752 5
5422 4534 3
5422 3563 3
5422 656 3
5422 1304 4
5422 451 3
5422 4706 4
5422 766 4
5422 1983 4
5422 1773 4
5422 1775 4
5422 1332 3
5422 4280 4
5422 728 3
5422 5023 4
5422 2943 4
5423 4587 5
5423 5206 4
5423 9837 5
5423 11329 4
5424 11098 5
5424 3397 5
5424 8975 5
5425 1132 5
5425 6628 5
5425 3579 5
5426 1256 4
5426 9049 4
5426 3483 4
5426 2407 4
5426 2572 5
5426 339 4
5427 11089 5
5427 992 5
5427 4491 4
5427 7114 2
5427 10215 5
5427 2744 4
5427 3199 5
5427 2762 5
5427 282 5
5427 6954 4
5427 2474 3
5427 1657 3
5427 6505 2
5427 8364 5
5427 7965 4
5428 4675 4
5428 323 1
5428 1054 5
5428 2120 4
5428 8819 5
5428 1124 5
5428 2104 1
5428 1191 4
5428 3219 5
5428 1654 4
5428 3164 5
5428 5972 5
5428 5971 4
5428 5672 5
5428 5811 3
5428 7025 5
5428 510 4
5428 565 1
5428 480 4
5428 3275 4
5428 5911 5
5428 7190 4
5429 1611 5
5429 5580 4
5429 5691 5
5429 495 3
5429 2580 4
5429 6195 4
5429 2397 4
5429 3350 5
5429 8725 5
5429 3759 3
5429 9812 4
5429 2878 4
5429 7841 5
5429 464 4
5429 2896 5
5429 3410 4
5429 8822 3
5429 7514 4
5429 1673 5
5429 3234 2
5429 2349 5
5429 1154 4
5429 3508 5
5429 312 5
5429 196 5
5429 1637 5
5429 2600 3
5429 5144 5
5429 9200 5
5429 9158 4
5429 2555 3
5429 491 4
5429 2355 5
5429 8354 5
5429 2635 5
5429 10677 5
5429 3624 5
5429 1311 3
5429 10206 5
5429 653 4
5429 3078 4
5429 11304 3
5429 2997 3
5429 4818 4
5429 2995 4
5429 11185 3
5429 5332 5
5429 9117 4
5429 4163 5
5429 3032 5
5429 2665 3
5429 856 3
5429 1638 4
5429 8350 3
5429 1361 4
5429 4918 5
5429 3035 4
5429 8272 4
5429 6641 5
5429 1732 5
5429 837 5
5429 104 5
5429 4243 4
5429 857 4
5429 4279 4
5429 5603 4
5429 5206 3
5429 3586 4
5429 4723 4
5429 10582 5
5429 4792 5
5429 10956 5
5429 9279 3
5429 75 4
5429 4599 4
5429 2737 4
5429 5004 5
5429 303 4
5429 3853 5
5429 2754 4
5429 6174 5
5429 9207 5
5429 4844 4
5429 7203 4
5429 8350 4
5429 1280 4
5429 822 4
5429 9935 4
5430 3654 5
5430 3895 5
5430 3991 3
5430 7315 5
5430 718 4
5430 1275 2
5430 5560 5
5430 5744 4
5430 7222 5
5430 609 5
5430 5206 3
5430 2807 2
5430 4599 3
5430 5979 4
5431 803 5
5431 3332 4
5431 10352 5
5432 104 3
5432 2890 3
5432 6988 3
5432 8862 5
5432 9371 3
5433 609 3
5433 313 4
5433 6783 4
5433 75 5
5433 832 4
5434 3239 5
5434 6870 4
5434 6210 5
5434 6092 5
5434 1828 5
5434 4491 5
5434 2067 5
5434 3201 4
5434 3190 4
5434 862 5
5435 11137 3
5435 8630 5
5435 8017 5
5435 8190 4
5436 4514 3
5436 1637 4
5436 500 3
5436 515 5
5436 6953 5
5436 3474 4
5437 1301 5
5437 4410 4
5437 6917 5
5438 5993 5
5438 724 5
5438 6980 5
5438 8361 4
5439 4327 4
5439 3357 4
5439 5011 4
5439 7315 4
5439 3224 4
5439 8706 4
5439 7219 4
5439 10869 5
5439 2130 4
5439 5518 4
5439 11277 5
5439 6054 3
5439 2809 5
5439 5092 2
5439 5504 3
5439 8875 4
5439 4907 5
5439 4330 4
5439 3456 4
5439 3328 5
5440 8699 5
5440 8868 5
5440 2928 5
5440 2591 5
5440 500 3
5440 2653 5
5440 8659 5
5440 1713 2
5440 843 3
5440 8301 4
5440 2551 5
5440 2651 5
5440 5810 4
5440 2712 5
5440 2713 5
5440 11134 5
5441 1673 5
5441 3553 4
5441 3263 4
5441 3000 4
5441 211 5
5441 323 5
5441 3304 2
5441 3474 4
5442 7846 5
5442 2130 4
5442 312 5
5442 3444 1
5442 4439 3
5442 6771 5
5442 3139 5
5442 2301 5
5442 3333 4
5442 4881 5
5443 7870 5
5443 11348 4
5443 2009 5
5443 3654 2
5443 3690 5
5444 2834 5
5444 1274 5
5444 1673 4
5444 609 3
5444 7717 5
5444 2889 4
5444 3647 4
5444 8909 4
5445 6195 5
5445 9222 5
5445 6498 4
5445 2918 4
5445 2292 2
5446 4045 5
5446 7049 5
5446 128 1
5446 770 5
5447 8333 5
5447 8941 5
5447 3157 4
5447 2942 4
5447 3333 3
5447 9145 5
5447 3348 4
5448 1275 1
5448 4098 5
5448 1263 5
5448 824 5
5448 9759 5
5448 7415 5
5448 6344 5
5448 3304 4
5449 3270 5
5449 728 4
5449 7372 5
5449 1223 4
5449 4576 4
5450 4117 5
5450 6768 5
5450 8559 5
5450 9535 5
5450 5583 5
5450 842 5
5450 3977 4
5450 4449 4
5450 648 4
5450 9964 5
5451 712 5
5451 323 5
5451 759 3
5451 2816 5
5451 8144 5
5451 10659 4
5451 9638 5
5451 10687 5
5451 5359 5
5451 10033 5
5451 3315 1
5451 4135 5
5451 8495 5
5451 8584 1
5451 2730 5
5451 4675 5
5451 7525 5
5451 9577 5
5451 6068 5
5451 3422 5
5451 4772 4
5452 3265 4
5452 934 5
5452 6375 5
5452 7197 5
5452 6249 5
5452 9310 5
5452 8885 1
5452 10173 5
5453 5560 5
5453 7595 4
5453 3654 4
5453 4486 5
5453 7451 4
5454 4949 5
5454 2618 4
5454 6149 4
5454 4491 4
5454 2591 5
5455 309 5
5455 8209 5
5455 5075 5
5456 3267 3
5456 9180 5
5456 8694 3
5457 741 5
5457 792 5
5457 258 5
5457 706 5
5457 7113 5
5457 3252 4
5457 4263 5
5457 284 4
5457 9621 5
5457 9358 5
5458 699 5
5458 1260 1
5458 1274 5
5458 4276 5
5458 8572 4
5458 1275 1
5458 8003 4
5458 326 5
5458 5071 5
5458 3126 4
5458 3310 5
5459 7598 4
5459 5503 4
5459 288 4
5459 4139 5
5459 11135 5
5459 11108 3
5459 9373 2
5460 3311 4
5460 4505 4
5460 4267 4
5460 8195 5
5460 3357 4
5460 10346 4
5461 2805 5
5461 6038 4
5461 2840 5
5461 8194 2
5461 9004 5
5461 4151 5
5462 5593 5
5462 3230 5
5462 699 3
5462 1292 5
5462 6970 3
5462 1998 1
5462 10742 5
5462 3080 4
5462 1787 3
5462 1429 4
5462 3484 4
5462 575 5
5462 4621 3
5462 5209 5
5462 8848 4
5462 2630 3
5462 4003 5
5462 424 4
5462 11090 4
5462 7476 5
5462 11652 4
5462 1356 5
5462 1769 4
5462 4624 5
5463 1472 1
5463 1774 5
5463 1458 3
5463 8107 4
5463 934 4
5463 288 5
5463 4570 5
5463 11290 4
5464 3983 5
5464 9865 5
5464 9928 2
5465 5416 4
5465 8556 4
5465 377 4
5465 1680 3
5465 1634 4
5465 6101 5
5465 7928 4
5465 309 5
5465 1829 5
5465 2442 5
5465 1360 4
5465 9068 5
5465 10226 4
5465 753 5
5466 8525 2
5466 4112 4
5466 649 4
5467 1693 4
5467 3254 4
5467 297 4
5467 161 4
5467 8527 3
5467 6606 3
5467 1678 4
5467 6053 3
5467 313 4
5467 2917 4
5467 966 4
5467 11423 4
5467 9246 5
5467 309 3
5467 654 4
5468 2867 5
5468 1037 4
5468 9963 5
5468 8398 5
5468 2100 4
5468 5554 5
5468 5552 5
5468 2397 4
5468 3767 5
5468 4215 5
5469 7335 3
5469 10069 5
5469 6240 5
5470 1332 5
5470 704 4
5470 739 4
5470 1395 5
5470 732 5
5470 288 5
5470 5652 5
5470 323 5
5470 5154 1
5470 1277 5
5470 3475 5
5470 6877 5
5470 11161 5
5471 3449 3
5471 2397 3
5471 8780 4
5471 1275 1
5471 723 5
5471 95 3
5471 8661 2
5471 5802 5
5471 674 3
5471 728 4
5471 832 5
5471 7654 5
5471 323 4
5471 1710 5
5471 6713 5
5471 1769 4
5471 1307 2
5471 501 3
5471 9558 2
5471 11646 5
5472 313 4
5472 1853 5
5472 7338 5
5473 1853 5
5473 11231 4
5473 666 5
5474 2729 4
5474 3333 5
5474 10703 5
5474 3368 5
5474 2900 5
5475 3166 4
5475 3431 4
5475 8586 5
5475 3567 2
5476 10715 5
5476 7019 2
5476 5592 5
5476 8575 4
5476 11589 4
5477 6143 5
5477 218 4
5477 8605 5
5477 1299 5
5477 4384 5
5478 7737 5
5478 712 5
5478 772 3
5478 196 3
5478 3084 3
5479 11173 3
5479 9139 5
5479 5359 5
5479 5804 5
5480 4009 5
5480 9456 5
5480 3000 5
5481 3425 5
5481 1274 5
5481 305 5
5481 9308 5
5481 2684 5
5481 11200 5
5481 2605 5
5481 2611 4
5481 8926 5
5482 6335 5
5482 149 5
5482 7847 4
5482 9578 3
5482 6343 4
5482 6317 4
5482 6920 5
5482 7107 5
5482 2058 5
5482 3678 5
5482 810 4
5482 3251 5
5482 2770 4
5482 3550 5
5482 4329 3
5482 627 5
5482 5005 5
5482 1873 4
5482 7361 5
5482 712 5
5482 2843 5
5482 5339 5
5482 11563 4
5482 9056 4
5482 2933 5
5482 1638 5
5482 8924 4
5482 10163 4
5482 4199 4
5482 4344 4
5482 3512 4
5482 2845 4
5482 11226 4
5482 201 4
5482 4392 4
5482 11482 4
5482 857 5
5482 5997 4
5483 2858 4
5483 3341 4
5483 8574 5
5483 4111 5
5483 179 5
5483 6822 2
5483 723 5
5483 790 5
5483 4949 5
5483 5041 5
5483 5036 3
5483 11291 5
5483 5428 5
5483 8862 5
5483 1439 5
5483 2701 5
5483 4780 5
5484 7858 5
5484 1914 5
5484 135 5
5484 2025 5
5484 8416 5
5484 5715 5
5484 3328 5
5484 503 5
5485 6750 5
5485 11101 5
5485 632 5
5485 3513 5
5485 6067 5
5485 6066 5
5485 7526 5
5485 4040 4
5485 8054 5
5485 578 5
5485 1832 4
5485 7197 4
5485 8672 5
5485 2090 5
5485 7192 5
5485 3247 5
5485 5385 5
5485 10973 1
5485 2453 5
5485 3356 4
5485 4117 5
5485 1202 5
5485 5700 4
5485 8045 5
5485 3351 5
5485 147 5
5485 7568 4
5485 8194 1
5485 641 4
5485 10124 4
5485 717 5
5485 2737 3
5485 9724 5
5485 4324 5
5485 8979 4
5485 1305 4
5485 1301 5
5485 7536 4
5485 2360 4
5485 6811 4
5485 9960 5
5485 5787 1
5485 5102 4
5485 6837 5
5485 686 5
5485 4251 4
5485 313 5
5485 6105 4
5485 4336 5
5485 6516 4
5485 5900 5
5485 7314 4
5485 9713 4
5485 1393 5
5485 2744 5
5485 5148 5
5485 8186 5
5485 131 5
5485 857 5
5485 5597 4
5485 2824 4
5485 10102 4
5485 11562 4
5485 11291 5
5485 3923 5
5485 10191 5
5485 5753 2
5486 5346 5
5486 6268 5
5486 3472 5
5486 1241 5
5486 7137 5
5486 7184 5
5487 729 5
5487 3790 4
5487 7187 4
5487 1627 4
5487 11585 4
5487 8457 4
5488 3639 4
5488 2100 5
5488 2061 5
5488 3165 5
5488 9074 5
5488 1676 4
5489 6234 5
5489 7361 4
5489 9008 5
5489 2239 4
5489 6068 4
5489 7031 4
5489 7802 5
5489 2017 2
5489 7584 4
5489 6261 4
5489 6893 4
5490 9895 3
5490 379 5
5490 7107 5
5490 2861 3
5490 327 5
5490 11712 2
5490 394 4
5490 1181 5
5490 458 5
5490 3132 5
5490 413 2
5490 2482 2
5490 1248 5
5490 3181 5
5490 4023 5
5491 6343 5
5491 7840 5
5491 4311 4
5491 7698 5
5491 5725 4
5491 2823 5
5491 2795 3
5491 1885 5
5491 7124 5
5491 7946 5
5491 4046 4
5491 9720 5
5491 8261 5
5491 6097 5
5491 2784 5
5491 4179 5
5491 8184 4
5492 6367 5
5492 355 4
5492 4627 5
5492 5101 4
5492 496 5
5492 7054 5
5492 3687 5
5492 4108 5
5493 3215 5
5493 3164 4
5493 6951 4
5493 7843 4
5493 637 5
5493 8776 4
5494 3670 4
5494 864 5
5494 2858 5
5494 3093 4
5494 9711 4
5494 5071 3
5494 3654 3
5494 11256 4
5494 2048 5
5495 309 4
5495 104 5
5495 11200 5
5496 4614 5
5496 762 5
5496 2759 4
5496 3357 5
5496 4267 5
5496 309 5
5496 609 5
5496 996 4
5496 704 5
5496 312 5
5496 8027 5
5496 5601 4
5496 7600 5
5496 829 3
5496 323 5
5496 2737 4
5496 313 5
5496 537 5
5496 5013 2
5496 4274 5
5496 4930 3
5496 10104 5
5497 1660 4
5497 1515 4
5497 3702 4
5497 309 4
5497 1024 3
5497 5638 5
5497 1040 4
5497 2683 5
5498 8901 4
5498 2023 4
5498 1554 3
5499 309 5
5499 4482 4
5499 4016 5
5499 1340 5
5499 7256 5
5499 7335 4
5499 2896 4
5499 1655 5
5500 772 5
5500 1332 3
5500 832 5
5501 466 4
5501 2897 1
5501 2082 5
5501 3083 5
5501 6946 5
5501 10197 5
5501 2586 4
5501 3440 5
5501 3133 2
5501 11070 5
5501 3043 5
5501 10295 4
5501 11632 4
5502 9249 4
5502 2088 5
5502 7923 5
5502 1029 4
5503 2772 4
5503 8177 5
5503 7340 5
5503 3355 2
5503 590 5
5504 5724 4
5504 4222 5
5504 1728 5
5504 1249 5
5504 2435 5
5504 6139 4
5504 7384 5
5504 3606 5
5504 1312 5
5504 5018 5
5504 2420 5
5504 1736 5
5504 4491 3
5504 7430 5
5504 4156 5
5504 3808 5
5504 748 4
5504 5512 5
5505 3931 5
5505 1332 5
5505 5278 5
5506 8603 5
5506 8868 5
5506 4156 5
5507 5722 5
5507 1853 5
5507 3639 5
5507 5698 5
5507 4491 5
5507 3665 4
5507 1362 5
5507 9358 5
5508 1826 4
5508 11171 3
5508 3282 1
5508 3430 5
5508 3175 5
5508 7351 4
5509 5997 4
5509 1217 5
5509 1650 5
5509 4199 4
5509 1879 5
5510 1441 3
5510 3202 5
5510 2537 3
5510 309 5
5510 2494 4
5510 7748 5
5510 1952 5
5511 633 4
5511 2797 5
5511 11067 4
5511 4931 5
5512 2573 4
5512 3165 5
5512 3430 5
5513 7167 4
5513 3263 5
5513 934 5
5513 4531 4
5513 3304 4
5513 2190 5
5513 6952 2
5513 3252 3
5514 11514 5
5514 2592 4
5514 3042 5
5514 5143 5
5514 5969 2
5515 6493 4
5515 9034 4
5515 3721 5
5515 309 3
5515 4929 5
5515 4141 5
5515 2767 5
5515 2274 5
5516 3414 4
5516 8471 4
5516 1616 4
5516 8431 5
5517 824 3
5517 972 5
5517 695 3
5517 766 3
5517 8680 4
5517 661 4
5517 4562 4
5517 9498 4
5517 1072 4
5518 9308 5
5518 6113 4
5518 9595 5
5518 2690 4
5518 6140 5
5518 10094 3
5518 6822 2
5518 3985 5
5518 3535 2
5518 3348 4
5518 2627 5
5518 152 5
5519 5573 5
5519 9300 5
5519 10827 5
5519 6088 3
5519 6457 5
5519 4280 5
5519 1629 5
5519 11634 5
5520 5936 4
5520 843 4
5520 620 4
5520 8524 3
5520 7359 4
5520 4795 4
5520 1806 5
5521 309 5
5521 3024 5
5521 4447 5
5521 4441 4
5521 11381 4
5522 3505 5
5522 3133 5
5522 8616 4
5522 11261 5
5523 196 5
5523 1070 5
5523 3971 5
5523 772 5
5523 2091 5
5524 5246 5
5524 832 5
5524 8009 4
5524 9205 5
5525 7434 4
5525 3465 3
5525 8631 3
5525 3159 3
5525 3252 4
5526 2858 5
5526 3517 5
5526 6963 5
5526 862 5
5526 4414 5
5526 3687 5
5526 4117 5
5526 2409 4
5526 8816 5
5526 3514 5
5526 1070 5
5526 5459 5
5526 9472 5
5526 10549 5
5526 7600 5
5526 7555 5
5526 10300 5
5527 5731 5
5527 10092 3
5527 3203 5
5527 3899 5
5527 954 4
5527 6424 2
5527 3166 5
5527 1921 3
5527 1736 4
5527 173 5
5527 3530 4
5528 4467 4
5528 4496 5
5528 6366 5
5528 5095 5
5528 3000 3
5528 4491 5
5529 10043 5
5529 7486 5
5529 1329 5
5529 5657 4
5529 8610 5
5530 772 1
5530 732 2
5530 3304 4
5530 6666 4
5530 4044 4
5531 9418 3
5531 3542 2
5531 7257 3
5531 2858 4
5531 6421 5
5531 11601 5
5531 2858 3
5532 10874 5
5532 2751 5
5532 585 5
5533 1332 4
5533 9793 4
5533 1408 5
5533 671 3
5534 4813 5
5534 9272 4
5534 309 5
5534 1439 5
5535 9120 5
5535 1779 5
5535 4812 5
5535 8917 5
5535 10190 4
5535 3982 4
5535 1741 4
5535 5227 5
5536 656 3
5536 728 4
5536 843 3
5536 8698 3
5537 772 2
5537 751 1
5537 1277 5
5537 2831 5
5537 3579 5
5537 11480 5
5537 972 4
5537 4414 5
5537 3923 5
5537 3595 1
5537 8258 1
5537 1037 5
5537 1876 5
5537 11562 4
5537 7716 2
5537 3819 5
5537 3117 5
5537 962 4
5537 1069 4
5537 5295 5
5537 1060 5
5537 988 5
5537 1059 5
5538 1000 5
5538 153 3
5538 3534 2
5538 8020 4
5538 4263 5
5538 2623 5
5538 5045 5
5538 4491 4
5538 1332 5
5538 4511 4
5538 11654 5
5538 334 4
5538 3276 5
5539 3333 5
5539 11262 3
5539 9522 5
5539 312 5
5539 4243 4
5539 6950 5
5540 2963 3
5540 571 5
5540 4135 4
5540 565 4
5540 3525 4
5541 4175 5
5541 4156 4
5541 10477 5
5542 4586 5
5542 5468 5
5542 10740 5
5543 1198 2
5543 11268 4
5543 3133 3
5543 10136 2
5543 5761 5
5543 574 1
5543 5840 4
5543 2425 5
5543 7338 5
5543 2714 5
5543 477 4
5543 1330 4
5543 8945 5
5543 9459 4
5543 5848 4
5543 7630 4
5543 3893 5
5543 8462 5
5543 10677 5
5543 5587 4
5543 5226 1
5543 6186 5
5543 4794 5
5543 11602 5
5543 4592 4
5543 11187 4
5543 11163 5
5543 4965 5
5543 11150 5
5543 3252 3
5543 2500 4
5543 991 4
5543 1043 5
5543 3786 4
5544 3733 5
5544 2824 5
5544 3394 5
5544 9974 5
5544 6181 5
5545 4107 4
5545 8817 5
5545 744 4
5546 312 5
5546 3584 4
5546 309 5
5546 5253 2
5546 706 5
5546 1958 5
5546 452 2
5546 842 5
5546 4919 5
5546 7773 5
5547 4496 5
5547 211 4
5547 747 4
5548 312 3
5548 9287 4
5548 3921 5
5548 574 1
5548 9721 5
5548 1029 5
5548 4047 5
5549 7120 3
5549 1623 5
5549 1693 4
5549 4689 5
5549 11353 5
5549 8134 5
5549 1081 4
5549 308 4
5549 3524 4
5549 2095 5
5549 152 5
5549 2655 3
5549 4951 4
5549 6214 4
5549 9192 5
5549 10660 4
5549 5550 4
5549 7842 4
5549 105 4
5549 985 4
5549 1406 5
5549 11377 3
5549 10391 4
5549 990 3
5549 5004 4
5549 4645 4
5549 3905 5
5549 991 4
5549 5605 2
5549 10058 4
5549 857 5
5549 4780 4
5549 10718 4
5549 1730 4
5549 962 3
5549 1526 4
5549 2745 5
5549 9336 3
5549 4586 4
5550 1607 2
5550 728 4
5550 211 5
5550 3063 3
5550 3963 1
5550 1403 1
5550 1332 3
5550 4661 5
5551 732 1
5551 3123 5
5551 778 4
5551 5268 5
5552 6483 5
5552 8513 5
5552 8515 4
5552 8140 4
5552 5627 4
5552 5704 2
5552 828 4
5553 3123 4
5553 728 4
5553 211 4
5553 10092 3
5554 1275 5
5554 6208 5
5554 1049 5
5554 2745 5
5554 10338 5
5554 722 5
5554 4776 5
5554 1277 5
5555 10091 2
5555 11127 5
5555 9609 4
5555 5562 5
5555 9784 3
5555 5668 4
5555 857 4
5555 8714 4
5556 9217 3
5556 612 5
5556 3000 5
5556 323 2
5557 104 1
5557 837 5
5557 10557 4
5557 2005 5
5557 5579 4
5557 830 5
5557 5954 3
5557 4414 3
5557 3010 4
5557 3594 4
5557 3814 5
5557 4449 4
5557 5583 5
5557 7930 4
5558 706 5
5558 10011 5
5558 762 3
5558 104 3
5558 11293 5
5558 1365 5
5558 5346 5
5558 312 5
5558 814 3
5558 1359 4
5558 7348 5
5558 9827 5
5558 712 4
5558 1675 5
5558 3666 4
5558 6651 5
5558 9820 5
5558 11009 4
5558 11319 4
5558 11713 3
5558 11259 4
5558 11434 5
5558 2616 5
5558 4917 1
5558 10583 5
5558 909 3
5558 10860 3
5558 5000 5
5558 5359 5
5558 4673 1
5558 9979 5
5558 5399 1
5558 6457 5
5558 6562 5
5558 10498 5
5558 3926 5
5558 11022 5
5558 1065 5
5558 5348 5
5558 5466 5
5558 11150 4
5558 9853 5
5558 3480 5
5558 574 1
5558 9491 5
5558 11675 5
5558 2624 5
5558 10200 5
5558 5058 5
5559 3601 3
5559 7140 3
5559 7161 5
5559 4603 5
5559 10376 5
5559 11505 5
5559 3779 4
5559 9541 5
5559 3946 5
5560 2727 5
5560 10081 5
5560 5654 5
5560 3228 5
5560 3149 5
5560 3627 2
5560 7947 4
5561 7052 5
5561 5226 5
5561 3951 2
5562 4193 5
5562 5217 5
5562 4919 5
5562 3126 5
5562 5206 5
5562 8970 4
5562 5597 4
5562 4203 4
5562 11472 4
5562 4673 1
5562 1515 4
5562 5112 5
5562 7191 5
5562 4044 4
5562 5520 5
5563 10707 3
5563 3606 5
5563 276 5
5563 4634 4
5563 843 3
5563 832 5
5563 909 1
5563 7160 4
5563 951 5
5563 211 4
5563 196 1
5563 3852 5
5563 1393 5
5563 9472 5
5563 8641 3
5563 9665 5
5563 2624 4
5563 846 5
5563 9333 5
5563 4598 5
5563 9763 4
5563 7492 5
5563 5796 3
5563 4825 5
5563 3953 4
5563 3796 5
5563 733 5
5563 4018 5
5563 941 5
5563 9650 5
5564 1314 4
5564 312 3
5564 766 4
5564 952 4
5564 8519 5
5564 4824 5
5564 4599 3
5564 75 4
5564 4437 5
5564 857 4
5565 8368 5
5565 8917 5
5565 4491 5
5565 4656 5
5565 3041 3
5565 2244 5
5565 4165 5
5565 2716 5
5565 5101 4
5565 5455 5
5565 2998 5
5565 10381 5
5565 3485 5
5566 6845 5
5566 749 5
5566 8717 5
5567 8055 3
5567 11161 4
5567 1296 5
5568 323 4
5568 9985 1
5568 4073 1
5569 3955 5
5569 11090 4
5569 3812 5
5569 11021 4
5569 1901 5
5569 2697 5
5569 1741 5
5569 2037 4
5569 6130 4
5569 2169 3
5569 2280 5
5569 3049 5
5569 4582 4
5569 4413 5
5569 6076 4
5569 7453 4
5569 5706 5
5569 7451 4
5569 2146 4
5569 6560 5
5569 10578 5
5569 4035 5
5569 8459 3
5569 11590 5
5569 4583 5
5569 10745 4
5569 9256 4
5569 4587 5
5569 9839 5
5570 3999 4
5570 4463 5
5570 5816 5
5570 4197 4
5571 11684 5
5571 3400 5
5571 11076 5
5571 288 5
5571 1307 4
5571 1301 5
5571 1837 5
5571 720 5
5571 5969 5
5571 6416 5
5571 1525 5
5571 3265 4
5571 1098 4
5571 11108 5
5571 10115 5
5571 4443 4
5571 9192 5
5571 7951 4
5571 1395 5
5571 10030 5
5571 5018 5
5571 3124 1
5571 3801 4
5571 9355 3
5571 4857 4
5571 258 5
5571 9893 5
5571 323 5
5571 5187 5
5571 4937 5
5571 1901 4
5571 9227 5
5571 3084 4
5571 5384 4
5572 323 3
5572 3654 5
5572 288 3
5572 712 3
5572 6409 5
5572 6770 5
5572 5279 4
5572 196 5
5572 3963 4
5572 7574 5
5572 3003 5
5572 8641 4
5572 5518 4
5572 9485 5
5572 5783 5
5572 4277 4
5572 10713 4
5572 9667 2
5573 231 5
5573 8680 4
5573 6094 5
5573 5924 4
5573 1921 4
5573 2962 4
5573 3219 5
5573 3525 5
5573 4317 5
5573 4090 3
5574 8282 4
5574 537 5
5574 9157 3
5575 10164 5
5575 8715 4
5575 2592 4
5575 3079 3
5575 803 5
5575 793 5
5576 4558 5
5576 3166 5
5576 3162 5
5576 4463 5
5576 3552 5
5577 732 5
5577 1215 5
5577 6952 4
5577 4737 2
5577 4117 5
5577 4336 5
5577 1361 4
5578 7228 5
5578 2059 5
5578 2038 5
5578 3077 4
5578 3990 5
5578 7947 3
5578 809 5
5578 3921 5
5578 8044 5
5578 7828 5
5578 3074 5
5578 5965 5
5578 3987 5
5578 4182 5
5578 819 5
5578 8995 2
5578 7981 5
5578 813 5
5578 323 2
5578 8511 5
5578 4427 5
5578 7124 5
5578 4181 5
5578 6846 5
5578 9004 5
5578 7660 5
5578 7315 5
5578 7216 5
5578 7227 5
5578 9470 5
5578 8105 5
5578 9285 5
5578 11480 5
5578 3230 5
5578 4046 5
5578 717 5
5578 7744 5
5578 4149 5
5578 9570 5
5578 3729 1
5578 7407 5
5578 6483 5
5578 4107 5
5578 7795 5
5578 8380 5
5578 911 5
5578 128 5
5579 3000 4
5579 4776 5
5579 609 4
5579 1408 4
5579 5724 4
5579 5073 5
5579 8802 4
5579 3435 5
5579 5602 3
5579 2132 5
5580 6277 5
5580 3533 4
5580 123 3
5580 5984 4
5580 565 2
5580 1280 5
5581 3356 4
5581 3348 5
5581 3687 5
5581 1774 4
5581 1418 1
5581 2843 5
5581 772 4
5581 224 2
5581 728 3
5581 28 3
5581 9520 5
5581 5993 4
5581 4520 4
5581 6421 5
5581 4117 4
5581 3530 4
5581 6038 4
5582 997 5
5582 9231 5
5582 6125 5
5582 5092 1
5582 3694 3
5582 8661 5
5582 7239 5
5582 2086 5
5582 3714 5
5582 3029 5
5582 3165 5
5582 11472 5
5583 1376 5
5583 10776 5
5583 8727 5
5583 3203 5
5583 5513 5
5583 9076 5
5584 8441 4
5584 728 3
5584 4550 5
5585 6672 4
5585 3254 5
5585 7712 2
5585 3174 4
5585 2551 4
5586 1264 1
5586 661 1
5586 309 1
5586 843 1
5587 5717 5
5587 7237 4
5587 10639 5
5587 11327 2
5587 8240 5
5587 3552 5
5587 1755 5
5588 3078 4
5588 4432 3
5588 5035 2
5588 1484 5
5589 11536 5
5589 112 5
5589 8068 4
5589 3357 5
5589 4108 2
5589 4264 5
5589 7767 4
5589 3361 4
5589 5409 5
5590 8893 5
5590 3822 5
5590 9268 5
5590 6795 4
5591 654 5
5591 4947 4
5591 564 4
5591 309 5
5591 9153 3
5591 4904 5
5591 6398 5
5591 4851 3
5591 9661 5
5591 6779 3
5591 1832 5
5591 714 4
5591 649 5
5591 5788 4
5591 11106 4
5592 9898 3
5592 2885 4
5592 9162 5
5592 3003 4
5592 3687 4
5592 3646 5
5592 3996 5
5592 5649 4
5592 4500 5
5592 1991 5
5592 837 5
5592 4025 3
5592 1408 5
5592 1343 5
5592 5247 4
5592 840 4
5592 8117 4
5592 4770 4
5592 3251 5
5592 8787 5
5592 1687 4
5592 2145 4
5592 9591 3
5592 1352 4
5592 5005 5
5592 751 3
5592 1949 4
5592 1682 5
5592 139 4
5592 2651 5
5592 5252 4
5592 9660 4
5592 3525 4
5592 4611 5
5592 5222 3
5592 4969 5
5592 3640 4
5592 411 5
5592 2924 5
5593 4194 5
5593 11622 5
5593 4542 5
5593 4358 5
5594 1699 4
5594 4688 5
5594 7798 5
5594 4280 5
5594 1275 3
5594 1277 5
5594 1336 1
5594 827 5
5594 8010 4
5594 4686 5
5595 258 5
5595 309 4
5595 2974 1
5595 9038 4
5595 641 5
5596 1709 5
5596 662 4
5596 1408 5
5596 751 5
5596 753 4
5596 1599 5
5596 5108 4
5596 8380 5
5597 9706 4
5597 2151 4
5597 237 4
5597 173 5
5597 6059 4
5597 3395 5
5597 76 5
5597 1709 5
5597 1354 5
5597 1758 5
5597 281 5
5597 1427 5
5597 7250 4
5597 7472 4
5597 99 5
5597 103 5
5597 6760 5
5597 320 5
5597 4870 5
5597 1760 3
5597 10355 4
5597 6804 5
5597 5603 4
5597 126 4
5597 7254 3
5597 197 4
5597 7917 4
5597 1638 5
5597 139 5
5597 9272 5
5597 121 5
5597 6568 5
5597 695 5
5597 6131 5
5597 9362 4
5597 1716 5
5597 5991 4
5597 5233 5
5597 6560 5
5597 4943 3
5597 306 5
5597 7450 4
5597 762 3
5597 7418 5
5597 5803 5
5597 1410 5
5597 4883 5
5597 8474 4
5597 232 5
5597 4208 5
5597 5879 5
5597 2144 5
5597 5349 5
5597 94 2
5597 4500 5
5597 4513 5
5597 70 4
5597 6076 5
5597 11211 4
5597 308 5
5597 7449 5
5597 4702 3
5597 216 4
5597 109 5
5597 1749 5
5597 5697 5
5597 9351 4
5597 1700 4
5597 4227 5
5597 2843 5
5597 2848 5
5597 9344 4
5597 7656 5
5597 8545 4
5597 3273 5
5597 11251 5
5597 7419 4
5597 177 4
5597 2974 2
5597 7352 4
5597 201 3
5597 77 5
5597 195 5
5597 4346 5
5597 5248 4
5597 4599 3
5597 9514 5
5597 4946 5
5597 829 3
5597 6208 5
5597 7251 5
5597 74 5
5597 4134 4
5597 4755 5
5597 1678 5
5597 309 3
5597 10883 4
5597 3720 5
5597 165 4
5597 2147 5
5597 4187 4
5597 2744 5
5597 48 4
5597 280 4
5597 114 5
5597 2705 5
5597 1669 4
5597 4192 4
5597 7439 4
5597 1641 4
5597 4715 4
5597 1738 4
5597 5731 5
5597 3735 4
5597 4433 4
5597 222 4
5597 2051 4
5597 105 4
5597 1393 5
5597 8593 4
5597 4309 4
5597 6112 4
5597 6139 4
5597 4880 4
5597 4235 3
5597 1712 4
5597 1743 2
5597 1604 5
5598 10040 5
5598 7051 3
5598 1929 5
5599 1307 5
5599 2640 4
5599 8855 4
5600 9072 4
5600 2342 4
5600 4233 4
5600 11268 5
5601 312 4
5601 3796 5
5601 3840 5
5602 6846 5
5602 11570 5
5602 2585 5
5603 1467 3
5603 10013 5
5603 3702 5
5603 11514 5
5603 1921 4
5603 4947 3
5603 1241 4
5604 323 1
5604 4640 5
5604 3576 4
5604 3166 5
5604 4370 2
5605 11572 5
5605 4213 5
5605 9313 5
5605 4060 5
5605 934 5
5606 4192 3
5606 2912 4
5606 3345 5
5606 196 3
5606 710 3
5606 3481 4
5606 728 3
5606 222 4
5606 1939 5
5606 309 3
5606 4423 3
5606 570 5
5606 11265 4
5606 1361 4
5606 8440 4
5606 3982 3
5606 2718 5
5606 867 5
5606 477 5
5606 8115 5
5606 5554 5
5606 9650 5
5606 7850 5
5606 10577 1
5606 4275 5
5606 904 3
5606 4949 5
5606 5605 4
5606 2670 3
5606 5544 5
5606 5997 4
5606 9551 5
5606 1048 5
5606 8943 5
5606 3859 5
5606 4834 4
5606 4941 5
5606 9614 5
5606 1510 5
5606 5448 4
5606 1876 5
5606 5146 5
5607 3263 5
5607 4280 4
5607 211 5
5607 1332 3
5607 5444 5
5607 5080 4
5607 5706 5
5607 488 5
5607 9419 4
5607 3146 5
5607 2420 4
5607 7235 4
5608 3035 5
5608 8052 4
5608 4517 5
5608 9962 4
5608 2461 5
5608 1002 4
5609 5574 5
5609 4614 4
5609 2917 5
5609 5002 4
5610 10779 4
5610 5422 5
5610 10198 5
5610 7351 5
5611 7266 4
5611 4648 5
5611 9506 3
5611 6373 4
5611 10285 5
5611 4258 4
5611 4126 5
5612 4737 5
5612 9975 5
5612 4016 5
5612 6878 5
5612 1050 5
5612 8598 5
5613 11498 2
5613 3740 4
5613 4117 5
5613 11011 5
5613 3923 4
5613 10120 5
5613 6000 4
5614 3489 4
5614 5022 4
5614 11320 5
5614 4171 4
5615 1241 5
5615 211 5
5615 4196 5
5615 7302 5
5615 2095 5
5615 3267 5
5615 10361 5
5615 9459 5
5615 1506 5
5615 9605 3
5616 5489 1
5616 4917 1
5616 4731 5
5616 4812 5
5616 5793 4
5616 4135 4
5616 9493 3
5616 10245 4
5616 5057 5
5616 9626 4
5616 3764 5
5616 4920 5
5617 11112 1
5617 9114 4
5617 11250 5
5618 11255 5
5618 4694 5
5618 5280 4
5619 7965 5
5619 4417 5
5619 3980 4
5619 9545 3
5620 95 3
5620 7414 4
5620 11613 4
5620 309 5
5620 3320 5
5620 276 4
5620 1648 4
5620 875 3
5620 2831 4
5620 8838 4
5621 8392 4
5621 11296 4
5621 3301 5
5622 3046 5
5622 713 1
5622 7238 4
5622 3498 5
5622 8244 4
5622 490 4
5622 4549 4
5622 2263 5
5622 9419 4
5622 2461 5
5622 3874 5
5622 10660 4
5622 4966 1
5623 10836 4
5623 258 2
5623 4243 2
5623 8452 4
5623 1393 4
5623 7264 5
5623 5099 3
5623 4723 5
5623 5561 5
5623 10883 3
5623 10064 5
5623 9481 5
5623 4753 4
5623 4772 4
5623 825 4
5623 781 5
5623 5252 4
5623 5731 4
5623 8615 4
5623 3687 4
5623 790 5
5623 3951 2
5623 11064 3
5624 5758 5
5624 5563 4
5624 5598 4
5624 4102 4
5624 5176 5
5624 6907 4
5624 11452 5
5624 11633 4
5624 3626 4
5624 8216 5
5624 5979 4
5625 6998 5
5625 706 3
5625 4541 3
5625 1154 4
5625 6999 4
5625 10940 4
5625 7000 5
5625 4377 5
5625 4781 5
5625 2697 4
5625 2665 4
5625 2727 5
5625 1498 5
5625 4156 3
5625 4548 4
5625 196 5
5625 4163 5
5625 2634 5
5626 5157 5
5626 1884 1
5626 11517 4
5627 211 5
5627 1332 5
5627 10879 5
5628 1314 5
5628 313 5
5628 5409 5
5628 5107 1
5628 9315 5
5629 4788 5
5629 11659 5
5629 3705 4
5629 4199 3
5629 4506 4
5629 10869 5
5629 4092 5
5629 4267 5
5629 3431 5
5630 4114 5
5630 766 1
5630 3944 1
5630 3656 4
5630 4967 5
5630 9418 4
5630 7289 5
5631 7647 5
5631 4486 5
5631 5092 4
5631 5384 5
5631 4232 2
5631 9175 3
5631 4608 5
5632 5195 5
5632 4611 5
5632 4385 5
5632 239 5
5632 4380 5
5632 312 5
5632 5099 5
5633 7806 1
5633 7241 5
5633 685 4
5633 4117 5
5634 766 4
5634 11064 3
5634 7583 4
5634 2809 5
5634 4060 4
5634 6057 5
5634 4649 5
5634 11097 4
5634 9080 4
5634 10144 4
5634 3466 4
5634 4815 5
5634 5353 4
5634 2717 5
5634 2624 5
5634 11388 5
5635 738 4
5635 99 5
5635 2142 4
5635 4982 3
5635 9411 2
5636 4712 2
5636 5743 5
5636 1378 5
5636 9233 2
5636 5334 4
5636 9990 4
5636 1507 2
5636 10323 4
5636 11676 3
5636 11704 5
5637 4183 5
5637 4812 5
5637 4644 5
5637 2924 4
5637 4811 4
5638 8893 5
5638 8027 5
5638 2938 4
5638 2461 5
5638 707 5
5638 5218 5
5639 7288 5
5639 9505 5
5639 4678 4
5639 3153 4
5639 3742 5
5639 4577 5
5640 4336 5
5640 2087 4
5640 7914 4
5640 8564 4
5641 4259 1
5641 410 3
5641 9110 5
5641 4033 2
5641 10755 5
5642 7868 5
5642 5294 2
5642 11681 3
5642 9092 5
5642 10031 5
5642 9507 5
5642 1086 5
5642 10878 5
5642 9380 5
5642 11496 4
5642 10963 5
5642 4135 5
5642 8742 1
5642 10533 2
5642 9606 2
5642 3580 5
5642 11672 1
5642 3686 4
5642 978 4
5642 900 4
5642 8654 3
5642 11308 5
5642 934 4
5642 4673 1
5642 7305 5
5642 10177 5
5642 891 5
5642 4490 2
5642 9212 1
5642 4135 5
5642 9993 5
5642 3950 5
5643 10011 4
5643 4054 5
5643 1442 5
5643 8605 5
5643 3447 5
5643 3954 5
5643 5318 1
5643 5616 5
5643 4049 5
5643 3623 5
5644 4608 3
5644 309 4
5644 4551 4
5645 7478 5
5645 7040 5
5645 1551 4
5645 6718 4
5645 4117 5
5645 9526 5
5645 857 5
5645 6965 5
5645 850 5
5645 242 5
5646 323 5
5646 10173 5
5646 934 5
5646 4417 5
5647 3501 3
5647 3734 4
5647 11162 4
5647 4919 5
5647 4417 4
5648 11431 4
5648 3602 5
5648 9679 5
5648 10590 2
5648 1047 5
5648 1329 4
5649 2499 4
5649 9794 5
5649 3244 4
5649 9670 3
5649 10814 5
5649 11100 5
5649 6621 4
5649 10711 5
5649 2690 5
5649 5451 3
5649 3943 5
5649 7834 2
5650 7600 5
5650 1029 5
5650 8087 3
5650 1486 4
5651 4933 3
5651 10690 5
5651 964 5
5651 3927 2
5651 4149 5
5651 6004 4
5651 4414 2
5651 4851 4
5652 4937 5
5652 323 1
5652 3539 3
5652 4920 4
5652 3352 5
5652 3915 2
5652 3702 4
5652 8733 5
5652 9415 4
5652 9635 2
5652 5435 5
5652 3951 5
5652 11209 5
5652 1515 4
5652 11410 3
5653 9132 5
5653 6141 2
5653 11172 2
5653 3940 5
5653 1506 5
5653 10999 5
5653 10755 3
5653 3478 4
5653 11003 2
5653 5327 5
5653 11118 5
5654 3146 5
5654 830 5
5654 5121 5
5654 9614 5
5654 1049 2
5654 4414 4
5654 5409 5
5654 4058 4
5654 10201 4
5654 1041 4
5655 9207 2
5655 10034 5
5655 8747 4
5655 4690 5
5655 7427 4
5655 934 5
5655 4673 3
5655 10253 5
5656 3861 5
5656 11242 2
5656 9626 5
5656 5466 4
5656 10197 5
5656 7331 5
5656 4833 4
5656 5167 2
5656 9677 4
5656 10858 5
5656 4634 4
5656 10950 2
5656 4645 4
5656 5359 3
5657 8964 4
5657 11584 5
5657 9395 5
5657 4721 5
5657 9631 5
5657 3331 5
5657 11548 4
5657 9480 2
5657 2095 3
5657 10897 5
5657 3929 4
5657 9326 5
5657 5554 4
5657 857 5
5657 9677 5
5657 10586 4
5657 5552 3
5658 3681 5
5658 742 3
5658 3810 4
5658 11206 5
5658 6993 5
5658 6994 5
5658 411 5
5658 2380 5
5658 663 2
5658 3146 5
5658 5579 4
5658 926 5
5658 9992 4
5658 2695 3
5658 3047 5
5658 3866 4
5658 3801 5
5658 10710 5
5658 11679 5
5658 3579 5
5658 377 5
5658 10629 5
5658 7885 4
5658 9921 5
5658 11569 5
5658 5058 5
5658 4631 5
5658 3615 4
5658 10992 4
5658 2603 4
5658 3772 2
5658 1470 5
5658 3583 3
5658 5833 5
5658 2746 5
5658 5289 5
5658 3108 5
5658 4019 4
5658 10407 5
5658 2734 3
5658 8499 4
5658 1496 4
5658 10407 1
5658 10541 5
5658 4543 5
5658 1524 4
5658 9492 5
5658 1520 4
5658 7966 5
5658 9958 4
5658 2668 4
5658 2672 3
5658 2666 5
5658 2675 5
5658 3113 3
5659 9629 5
5659 10859 5
5659 5226 5
5659 11279 5
5659 3829 5
5659 5585 5
5659 4275 2
5659 4634 5
5659 3777 5
5659 8384 5
5659 3949 1
5659 11470 5
5659 10998 5
5659 4673 2
5659 934 5
5659 3905 5
5659 1286 5
5659 1526 5
5659 5828 4
5659 8493 2
5659 9625 5
5659 1508 5
5659 10273 4
5659 4917 2
5659 3768 5
5660 934 4
5660 932 5
5660 6576 5
5660 886 1
5660 1082 5
5660 4794 5
5660 1467 4
5660 4710 4
5661 2944 5
5661 9232 2
5661 10590 4
5661 3797 4
5661 3880 3
5661 5685 5
5661 3117 5
5661 3977 3
5661 5226 4
5661 2709 4
5661 5364 4
5661 3056 4
5661 5985 5
5661 9849 5
5661 5495 3
5661 10589 3
5661 10890 2
5661 3947 5
5661 3953 4
5662 9889 4
5662 10440 5
5662 11019 5
5662 308 4
5662 11542 5
5662 2901 5
5662 10197 5
5662 830 5
5662 3581 4
5662 2916 5
5662 3146 5
5662 984 4
5662 2670 3
5662 9488 4
5662 10458 4
5662 3778 3
5662 11169 5
5662 814 5
5662 901 4
5662 1481 3
5662 5468 3
5662 934 5
5662 3797 4
5662 1503 3
5662 3617 5
5662 8424 4
5662 7712 5
5662 1510 5
5662 3808 4
5662 3953 3
5662 4627 5
5662 8505 2
5662 3193 3
5662 2748 5
5662 862 5
5662 11606 5
5662 7711 5
5662 3801 2
5662 10027 3
5662 10539 5
5662 1097 1
5662 4787 5
5662 1876 5
5662 9535 4
5662 105 4
5662 3114 5
5662 8429 4
5662 1013 5
5662 9397 5
5662 10499 5
5662 5466 5
5662 1498 2
5662 8830 5
5662 2746 4
5662 8359 5
5662 860 4
5662 1088 5
5662 10828 5
5662 3939 5
5662 1002 3
5662 4777 5
5662 3138 5
5662 11476 5
5662 6019 4
5662 1450 5
5662 7920 1
5662 1490 5
5662 9651 5
5662 3869 3
5662 10346 5
5662 3952 5
5662 56 5
5662 3606 4
5662 10961 5
5662 5127 4
5662 992 3
5662 7394 5
5662 6551 5
5662 3773 5
5662 3784 5
5662 3762 5
5662 4115 3
5662 3853 5
5662 11057 5
5662 10250 5
5662 10414 1
5662 11686 5
5662 6633 3
5662 10920 4
5662 1349 5
5662 9139 4
5662 7579 4
5662 3891 5
5662 10230 5
5662 10768 4
5662 5663 4
5662 10196 5
5662 3870 3
5663 276 3
5663 909 1
5663 10086 5
5663 2095 5
5663 1097 4
5663 1043 5
5663 4136 5
5663 10229 5
5663 4822 3
5663 10686 5
5664 3052 5
5664 2329 5
5664 1079 1
5664 3161 5
5664 5472 3
5664 11310 4
5664 4676 5
5664 10450 4
5664 4135 5
5664 5338 5
5664 3718 5
5664 11641 5
5664 9189 4
5664 3947 5
5664 9700 4
5664 10200 5
5664 3315 5
5664 3623 4
5664 3953 5
5665 2194 3
5665 904 3
5665 2670 4
5665 3861 5
5665 1509 4
5665 622 4
5665 3782 5
5665 5239 5
5666 4412 4
5666 3055 5
5666 10526 5
5666 3322 5
5666 3421 5
5666 655 5
5666 11679 5
5666 5005 4
5666 2945 4
5666 9416 5
5666 9551 5
5666 2205 5
5666 2618 5
5666 8372 5
5666 10233 5
5666 444 5
5666 5472 4
5666 11145 5
5666 2746 5
5666 2749 5
5667 170 5
5667 1067 4
5667 9314 5
5667 952 3
5667 4634 4
5667 3606 5
5667 7716 3
5667 9478 5
5667 3451 5
5667 885 5
5668 10533 4
5668 8332 4
5668 4427 4
5668 9287 5
5668 10357 5
5668 327 4
5668 6965 2
5668 7483 4
5668 10916 5
5668 4863 4
5669 4919 5
5669 9491 5
5669 6141 5
5669 5226 1
5669 3596 5
5669 2670 5
5669 3797 4
5669 3950 5
5669 6019 5
5669 10701 5
5669 10886 5
5669 3784 4
5669 5851 5
5669 5359 5
5669 8327 5
5669 3763 5
5669 10387 5
5670 11142 5
5670 4694 5
5670 2095 5
5670 3796 4
5670 10577 1
5670 1329 5
5670 10618 5
5670 7160 5
5670 3444 5
5670 1450 5
5670 6965 5
5670 431 4
5670 2224 4
5670 1509 3
5670 4254 3
5670 9623 3
5670 485 1
5670 4305 5
5670 2701 4
5670 4135 4
5670 11169 5
5670 5733 5
5670 3934 4
5670 1101 4
5670 3422 5
5670 8096 5
5670 2632 3
5670 1438 5
5670 10122 3
5670 10707 5
5670 2624 4
5670 2748 5
5670 11276 5
5671 7399 5
5671 5801 4
5671 4242 5
5671 11678 4
5671 10200 3
5671 11677 4
5671 9749 5
5671 10376 5
5671 10834 5
5671 10810 5
5671 8233 5
5671 4634 4
5671 2242 4
5671 9838 5
5671 5222 4
5671 2618 4
5671 4784 4
5671 11491 5
5671 5383 5
5671 10060 5
5671 11698 5
5671 3953 3
5671 994 1
5671 3781 5
5671 6863 5
5671 2730 5
5671 964 1
5671 395 5
5671 3952 5
5671 3738 5
5671 10478 2
5671 10248 4
5671 8327 4
5671 8334 1
5671 10538 4
5671 4603 5
5671 9569 4
5671 9561 5
5671 11036 4
5672 5451 5
5672 9438 4
5672 2701 5
5672 5597 5
5672 10973 1
5672 5576 5
5672 11337 2
5672 9375 4
5672 11482 4
5672 979 5
5672 6844 4
5672 1444 4
5672 10827 5
5672 4933 5
5672 7795 5
5672 3516 4
5672 8493 4
5672 7580 4
5672 5385 4
5672 947 4
5672 4427 4
5672 9088 4
5672 2827 5
5672 9527 5
5672 638 5
5672 5263 2
5672 2257 1
5672 1450 5
5672 5042 4
5672 911 4
5672 7019 4
5672 6834 4
5672 9322 4
5672 10290 3
5673 5813 3
5673 4558 4
5673 5041 1
5673 2936 5
5673 9716 5
5674 1467 4
5674 4629 3
5674 9780 5
5674 3501 5
5674 11269 5
5674 5326 4
5674 9488 5
5674 7504 5
5674 5355 5
5674 5465 4
5674 10161 5
5674 4645 3
5674 10755 5
5674 2943 4
5674 4685 5
5675 1985 4
5675 10747 1
5675 1329 5
5676 4288 2
5676 723 5
5676 2152 1
5676 10100 3
5676 10174 5
5676 747 5
5676 5745 4
5676 9456 5
5677 6275 4
5677 9522 5
5677 5361 3
5677 843 4
5677 211 5
5677 9124 4
5677 9769 3
5677 10945 3
5677 9187 3
5677 10951 4
5677 184 4
5677 10160 5
5677 9772 3
5677 10904 4
5677 10975 2
5677 8682 5
5677 3583 2
5678 4829 5
5678 1521 2
5678 8169 5
5678 9627 5
5678 6923 5
5678 785 4
5678 11167 5
5678 326 5
5678 11287 5
5678 6351 5
5678 5295 5
5678 11654 4
5679 2876 5
5679 7033 5
5679 7142 5
5679 7816 5
5679 1442 4
5679 2944 5
5679 7526 5
5679 5420 5
5679 8585 2
5680 863 3
5680 1049 4
5680 10946 3
5680 1516 4
5680 3010 4
5680 4399 4
5680 239 4
5680 4414 2
5680 11054 5
5680 3199 3
5680 10113 3
5680 5912 4
5680 8644 4
5680 4091 2
5680 977 4
5680 6673 4
5680 327 2
5680 4917 3
5680 10816 2
5680 5222 3
5680 4638 4
5680 1012 4
5680 5530 5
5680 10734 5
5680 1004 1
5681 3058 5
5681 5504 4
5681 9045 5
5681 946 1
5681 5502 5
5681 8534 4
5681 5222 4
5681 3849 1
5681 5481 3
5681 3890 5
5681 934 5
5681 3194 5
5681 2742 5
5681 4286 2
5681 10666 5
5681 8943 5
5681 10669 4
5681 857 4
5681 7507 5
5681 10043 5
5681 10520 4
5681 991 4
5681 5058 4
5681 8026 4
5681 2673 3
5681 9958 5
5681 8794 4
5681 5473 5
5681 1470 3
5681 10990 5
5681 3803 5
5681 7161 5
5681 10270 4
5681 3626 4
5681 4784 4
5681 11393 4
5681 2741 4
5681 10445 5
5681 3801 5
5681 2738 5
5681 10702 5
5681 1522 4
5681 1021 3
5681 10810 4
5682 6141 5
5682 11153 5
5682 3245 5
5682 5226 4
5682 218 5
5682 9437 5
5682 9443 4
5682 3469 5
5682 9569 4
5682 10719 4
5682 8340 4
5682 3630 3
5682 25 5
5682 11007 3
5682 910 4
5682 4854 4
5682 11615 4
5682 9732 5
5682 1629 4
5682 2689 3
5682 10867 5
5682 5240 4
5682 3151 3
5682 8970 5
5682 10887 2
5682 2701 5
5682 8497 5
5682 3940 5
5682 4673 3
5682 1285 5
5682 10610 5
5682 3954 3
5682 43 4
5682 11341 5
5682 6601 3
5682 9808 5
5682 3947 5
5682 5464 3
5682 3884 5
5683 9443 1
5683 9043 1
5683 6396 5
5683 574 1
5683 10566 5
5683 294 5
5683 1003 2
5683 11615 3
5683 4244 5
5683 5859 4
5684 3195 5
5684 5423 3
5684 9159 5
5684 10191 5
5685 10876 4
5685 879 1
5685 8647 5
5685 4829 5
5685 909 1
5685 5619 5
5685 7801 5
5685 1075 4
5685 4317 5
5685 4772 2
5686 1000 4
5686 6360 4
5686 4294 5
5686 4595 4
5686 891 3
5687 9181 5
5687 10209 5
5687 621 5
5687 4304 5
5687 7568 5
5687 5431 5
5687 3814 5
5687 3984 5
5688 857 5
5688 2648 5
5688 2916 5
5688 4561 1
5688 2854 5
5688 955 5
5688 5182 1
5688 1076 5
5688 3819 5
5688 6004 3
5688 4414 5
5688 2019 5
5688 7716 2
5688 1349 4
5688 327 4
5688 6631 5
5688 9731 5
5688 6958 3
5688 8289 5
5688 10805 5
5688 1315 5
5689 5240 3
5689 8521 4
5689 8531 4
5689 11055 5
5689 1516 5
5689 7594 5
5689 858 5
5689 5071 5
5689 3683 3
5689 1629 3
5689 10913 5
5689 5185 5
5689 5110 5
5689 1029 5
5689 260 5
5689 7480 5
5689 1042 3
5689 9085 3
5689 8842 4
5689 5309 5
5689 3884 4
5689 3687 5
5689 1928 4
5690 1911 5
5690 8495 3
5690 11313 4
5690 10122 5
5690 5466 5
5690 3801 4
5690 3718 3
5690 1515 3
5690 10136 2
5690 1450 4
5690 9673 4
5690 10700 2
5690 11087 1
5690 3446 5
5690 5733 5
5690 8292 2
5690 4877 4
5690 9617 5
5690 4135 5
5690 11000 1
5691 4919 5
5691 8118 5
5691 9629 5
5691 11276 5
5691 4673 2
5691 5338 5
5691 4220 5
5691 5257 3
5691 5359 4
5691 6632 4
5692 9212 2
5692 4012 2
5692 4045 5
5692 10554 4
5692 4135 4
5693 1607 3
5693 1510 4
5693 7734 5
5693 5619 5
5694 5617 5
5694 5058 1
5694 4275 2
5694 1515 4
5694 3950 4
5694 5467 3
5694 3946 4
5694 5482 4
5694 11437 3
5694 8747 4
5694 1776 5
5695 4675 4
5695 5617 2
5695 10024 2
5695 992 4
5695 8682 4
5695 9665 5
5695 4634 2
5695 3777 2
5695 909 1
5695 10289 5
5695 1691 3
5695 277 3
5695 952 3
5695 1067 5
5695 5127 4
5695 3447 2
5695 8982 4
5695 5891 5
5696 1501 5
5696 5048 4
5696 5579 5
5696 2266 2
5696 3603 1
5696 3869 1
5696 3091 1
5696 3393 1
5696 5522 5
5697 3778 4
5697 4044 4
5697 11008 5
5698 3256 3
5698 857 2
5698 3056 3
5698 3762 4
5698 6509 5
5698 5985 4
5698 5868 4
5699 9016 5
5699 4797 3
5699 1060 4
5699 8672 1
5699 10169 4
5699 3422 5
5699 839 5
5699 860 5
5699 862 5
5699 4495 4
5699 11702 4
5699 991 4
5699 5177 5
5699 9611 4
5699 3954 3
5699 981 5
5699 10895 1
5699 11513 5
5699 3796 5
5699 1059 1
5699 8924 5
5699 11462 1
5699 10901 4
5699 11507 2
5699 10784 4
5699 216 5
5699 4883 5
5699 1393 1
5699 105 2
5699 306 5
5699 11394 4
5699 1083 4
5699 8249 1
5699 4532 4
5699 8847 4
5699 8994 3
5699 1084 1
5699 6950 4
5699 1062 5
5699 3421 5
5699 1466 5
5699 2570 4
5699 11264 4
5699 2456 4
5699 3762 5
5699 11419 4
5699 5759 5
5699 1016 4
5699 1019 4
5699 6511 1
5699 3808 2
5699 4216 4
5699 8745 4
5699 9552 5
5699 3275 5
5699 5199 5
5699 10341 3
5699 1439 5
5699 7564 4
5699 7586 1
5699 8495 5
5699 985 5
5699 1076 4
5699 6094 5
5699 11548 2
5699 11548 2
5699 11548 4
5699 8509 5
5699 2831 3
5699 6163 5
5699 2090 4
5699 11337 5
5699 8511 4
5699 5176 5
5699 2205 4
5699 341 5
5699 5999 4
5699 11278 5
5699 9705 4
5699 8239 5
5700 8391 4
5700 2961 4
5700 9105 4
5700 2686 3
5700 5329 4
5700 2745 5
5700 10019 5
5700 5833 5
5700 5340 5
5700 3422 5
5701 7196 5
5701 3602 5
5701 6403 5
5701 9479 5
5701 9800 5
5702 7506 5
5702 7582 5
5702 3715 5
5702 2833 5
5703 8405 5
5703 5845 5
5703 880 5
5703 957 3
5703 4899 5
5703 6146 4
5703 7165 4
5703 3903 3
5703 6845 5
5703 8312 5
5703 10819 5
5703 4011 5
5703 2741 4
5703 6152 5
5704 9740 2
5704 3861 4
5704 3444 5
5705 1466 5
5705 991 5
5705 10271 3
5705 3606 5
5705 972 4
5705 1067 5
5705 11335 5
5705 9680 5
5705 4664 4
5705 9603 5
5705 733 5
5706 4851 1
5706 2206 5
5706 8595 5
5706 991 5
5706 10812 5
5706 4603 5
5706 4601 5
5707 9237 3
5707 5166 2
5707 10483 5
5707 934 5
5707 3954 2
5707 4785 5
5707 1515 4
5707 1365 5
5707 3801 5
5707 10093 1
5707 3315 4
5707 3929 5
5707 1457 3
5707 4784 5
5707 10093 1
5707 3927 4
5707 3913 3
5707 5226 4
5707 8714 5
5707 5847 3
5707 3620 3
5707 3905 4
5707 10684 5
5707 8495 4
5708 8087 2
5708 4570 5
5708 8752 3
5708 9210 1
5708 3469 2
5709 1281 5
5709 5733 2
5709 3884 3
5709 444 4
5709 3616 1
5709 4559 3
5709 1058 4
5709 9443 2
5709 3146 5
5709 2243 3
5709 1479 4
5709 3790 5
5709 11331 4
5709 1058 4
5709 10939 3
5709 4196 4
5709 10148 1
5709 6899 5
5709 395 5
5709 9788 3
5709 4286 5
5709 3933 4
5709 2500 3
5709 2648 4
5709 514 3
5709 9938 3
5709 11473 4
5709 10151 5
5709 3121 4
5709 2404 4
5709 8567 4
5709 11465 5
5709 1061 5
5709 1854 4
5709 3275 5
5709 1519 5
5709 1220 5
5709 932 5
5709 378 4
5710 6551 5
5710 2095 5
5710 11441 5
5710 10805 5
5710 9444 5
5710 11196 4
5710 1509 5
5710 9135 3
5710 2648 5
5710 3275 5
5710 1067 5
5710 8429 5
5710 3796 5
5711 5428 3
5711 4417 2
5711 9326 5
5711 3252 5
5711 5368 4
5711 2718 2
5711 3794 5
5711 10051 4
5711 4591 5
5711 11172 2
5711 2738 5
5711 5355 5
5711 10702 5
5711 10999 5
5711 5605 5
5711 9135 3
5711 2704 5
5711 10418 3
5711 4949 5
5711 5474 5
5711 2590 5
5712 9703 4
5712 4135 1
5712 5813 1
5713 830 5
5713 3136 5
5713 8487 5
5713 3799 2
5713 8221 4
5713 7850 4
5713 946 5
5713 10411 5
5713 6764 2
5713 11584 5
5713 8681 1
5713 1802 5
5713 1496 2
5713 1522 2
5713 6784 5
5713 3773 2
5713 4632 4
5713 1060 4
5713 10839 5
5713 2269 5
5713 5650 4
5713 11450 5
5713 1083 5
5713 11010 3
5713 2252 5
5713 10723 3
5713 898 5
5713 10537 4
5713 5289 4
5713 1056 5
5713 4832 3
5713 9694 5
5713 9977 4
5713 1063 5
5713 9265 3
5713 1104 5
5713 1105 5
5713 1103 4
5713 4851 3
5713 5303 3
5713 10522 5
5713 9153 4
5713 11619 5
5713 1092 5
5713 8501 5
5713 10808 4
5713 1102 5
5713 1064 4
5713 5300 5
5713 9478 5
5713 1072 5
5713 5300 4
5713 6784 5
5713 8243 3
5714 4305 4
5714 10251 5
5714 10655 1
5714 11365 5
5714 9881 4
5714 7394 5
5714 4634 4
5714 3717 5
5714 10889 4
5714 11195 5
5714 3953 1
5714 11195 5
5714 6019 5
5714 4690 2
5714 4673 2
5714 1607 3
5714 10488 3
5714 703 2
5714 9397 5
5714 9741 4
5714 7734 3
5714 10732 5
5714 9857 1
5714 9778 4
5714 9139 5
5714 11606 5
5714 5464 3
5714 7711 4
5715 10707 5
5715 1518 5
5715 10227 4
5715 7160 5
5715 3801 3
5715 5377 4
5715 9603 5
5715 11415 3
5715 1067 4
5715 3717 4
5715 3948 3
5715 4406 5
5715 4634 3
5715 991 5
5715 10270 5
5715 910 4
5715 9488 5
5715 2095 5
5715 9189 4
5715 5482 4
5715 1329 5
5716 1506 5
5716 5557 5
5716 7496 4
5716 3606 5
5716 9459 5
5717 830 5
5717 3778 5
5717 9326 5
5717 10488 2
5717 11009 5
5717 9557 1
5717 10487 3
5717 2690 5
5717 10578 5
5717 5557 5
5717 3606 5
5717 1329 2
5718 10087 4
5718 9326 5
5718 4044 4
5718 1607 5
5718 6332 2
5719 589 4
5719 26 5
5719 1027 4
5719 4634 5
5719 10096 3
5719 8356 5
5719 1000 4
5719 9251 5
5719 4973 2
5719 7526 5
5719 2091 5
5719 9322 5
5720 6058 4
5720 9894 2
5720 2105 3
5720 582 2
5720 6562 4
5720 3302 4
5720 3639 5
5720 1921 3
5720 1644 1
5720 6599 3
5720 2255 3
5720 379 4
5720 361 1
5720 2311 2
5720 1135 4
5720 1166 2
5720 2233 1
5720 2324 3
5720 1186 4
5720 1210 3
5720 6859 4
5720 397 2
5720 1162 1
5720 2515 3
5720 8082 3
5720 499 2
5720 1180 3
5720 5752 4
5720 505 4
5720 6965 4
5720 3001 2
5720 6596 2
5720 2460 2
5720 1205 2
5720 2563 2
5720 2402 2
5720 510 4
5720 1621 3
5720 1208 1
5720 2573 3
5720 7967 3
5720 1236 1
5720 5743 4
5720 8626 2
5720 1249 1
5720 3406 3
5720 1252 3
5720 11595 2
5720 1908 4
5720 2896 4
5720 8343 4
5720 2482 2
5720 2503 3
5720 507 4
5720 8840 5
5720 3377 3
5720 3254 4
5720 567 4
5720 3132 2
5720 6603 5
5720 2894 3
5720 8960 2
5720 2443 3
5720 1930 5
5720 2388 5
5720 8002 3
5720 2897 2
5720 3384 4
5720 2638 4
5720 2300 3
5720 8822 2
5720 1693 5
5720 1713 4
5720 6156 4
5720 1683 5
5720 2450 4
5720 6809 2
5720 2442 3
5720 566 5
5720 9158 2
5720 11095 3
5720 1233 3
5720 3440 4
5720 2601 4
5720 478 2
5720 1254 3
5720 581 5
5720 2600 3
5720 2599 4
5720 2355 5
5720 1255 4
5720 651 4
5720 2495 3
5720 3680 4
5720 9898 5
5720 7647 4
5720 4527 3
5720 2606 1
5720 2292 1
5720 11098 4
5720 3441 1
5720 1154 4
5720 425 3
5720 2342 4
5720 5724 1
5720 924 5
5720 2427 2
5720 5145 4
5720 8941 3
5720 1933 3
5720 9897 3
5720 6102 4
5720 2887 4
5720 565 3
5720 1707 3
5720 480 2
5720 3207 1
5720 3982 3
5720 4382 4
5720 653 4
5720 7803 5
5720 11325 4
5720 5331 4
5720 6672 4
5720 173 3
5720 7063 3
5720 5227 4
5720 216 3
5720 4880 4
5720 8322 4
5720 571 5
5720 4687 4
5720 5737 4
5720 11353 5
5720 8595 4
5720 4249 1
5720 2858 4
5720 2911 3
5720 1329 3
5720 4239 4
5720 4383 4
5720 1911 5
5720 2995 2
5720 3535 1
5720 4166 2
5720 6147 4
5720 5771 4
5720 2277 5
5720 11603 3
5720 5229 4
5720 2645 3
5720 2635 2
5720 8829 4
5720 365 4
5720 1339 4
5720 488 4
5720 2661 3
5720 2634 4
5720 3126 5
5720 8587 5
5720 8337 1
5720 4552 2
5720 4165 2
5720 4380 2
5720 2936 3
5720 3402 3
5720 3485 4
5720 2998 1
5720 2942 4
5720 4377 5
5720 2654 5
5720 438 5
5720 9161 3
5720 3102 5
5720 4620 4
5720 10034 5
5720 4999 3
5720 5001 5
5720 5525 3
5720 8399 1
5720 2352 5
5720 2551 4
5720 9167 5
5720 493 4
5720 720 3
5720 569 4
5720 2932 3
5720 4156 5
5720 3046 4
5720 4023 4
5720 3389 5
5720 2461 4
5720 4900 4
5720 1316 4
5720 4930 4
5720 4839 4
5720 721 4
5720 8235 4
5720 2678 3
5720 1360 2
5720 2555 4
5720 4056 5
5720 2936 4
5720 4609 4
5720 2647 3
5720 773 3
5720 3035 4
5720 4257 2
5720 500 4
5720 5627 2
5720 1363 3
5720 2169 3
5720 3131 4
5720 5214 4
5720 1311 3
5720 1377 4
5720 4966 2
5720 4255 4
5720 2589 2
5720 4860 2
5720 9510 4
5720 10336 4
5720 8307 4
5720 10376 5
5720 2658 3
5720 9818 5
5720 9811 5
5720 8637 5
5720 7430 4
5720 10219 1
5720 4551 5
5720 5519 4
5720 842 4
5720 731 4
5720 11346 3
5720 5565 2
5720 9732 4
5720 807 4
5720 2720 3
5720 4136 2
5720 378 4
5720 5621 5
5720 9796 5
5720 4549 4
5720 2340 4
5720 2582 3
5720 4272 2
5720 11366 4
5720 2727 5
5720 10265 4
5720 742 5
5720 5933 3
5720 1429 4
5720 2714 4
5720 504 4
5720 3837 4
5720 9173 2
5720 2620 1
5720 10167 5
5720 778 3
5720 3146 4
5720 846 3
5720 4019 4
5720 3805 4
5720 8298 5
5720 3596 3
5720 867 3
5720 9067 3
5720 4259 4
5720 7387 4
5720 3121 3
5720 5811 5
5720 6939 4
5720 3625 3
5720 1082 5
5720 6993 5
5720 4430 3
5720 11244 5
5720 6831 5
5720 2718 3
5720 3824 4
5720 6994 5
5720 4708 3
5720 4748 4
5720 10358 4
5720 11697 5
5720 2730 5
5720 3817 3
5720 6960 5
5720 5222 4
5720 1116 5
5720 9437 2
5720 9601 5
5720 7098 4
5720 1062 5
5720 1445 5
5720 613 4
5720 3774 3
5720 5867 5
5720 742 5
5720 1496 4
5720 10912 3
5720 2558 3
5720 2716 4
5720 3868 3
5720 3868 3
5720 8277 2
5720 3583 5
5720 4154 1
5720 477 3
5720 1607 3
5720 3782 4
5720 3871 1
5720 2194 3
5720 8262 5
5720 1469 4
5720 11662 5
5720 3933 4
5720 3949 4
5720 3821 4
5720 8281 4
5720 4777 5
5720 1013 4
5720 1509 4
5720 830 5
5720 4538 5
5720 10480 3
5720 3869 5
5720 2194 3
5720 3780 2
5720 3577 4
5720 3827 3
5720 2697 4
5720 3862 2
5720 10624 5
5720 5177 5
5720 1429 4
5720 8835 4
5720 574 1
5720 2329 5
5720 1241 5
5720 8335 3
5720 4914 3
5720 8489 3
5720 9326 4
5720 8281 4
5720 904 4
5720 10361 5
5720 10996 5
5720 10620 3
5720 1518 3
5720 2373 5
5720 3828 4
5720 10243 1
5720 3579 5
5720 8654 4
5720 892 4
5720 10061 1
5720 4603 5
5720 1691 4
5720 3773 5
5720 4693 3
5720 377 5
5720 10046 5
5720 1466 3
5720 11390 4
5720 10148 1
5720 3778 3
5720 10029 4
5720 341 3
5720 3405 1
5720 2557 4
5720 1302 4
5720 1905 2
5720 3616 1
5720 3810 5
5720 4631 2
5720 2670 4
5720 10151 5
5720 10474 5
5720 5526 5
5720 4189 5
5720 4268 4
5720 4016 5
5720 10398 5
5720 4022 3
5720 7319 5
5720 3267 3
5720 3146 5
5720 8846 4
5720 885 3
5720 10360 4
5720 2756 4
5720 4365 3
5720 5466 4
5720 10304 5
5720 1481 2
5720 10843 3
5720 11016 3
5720 1067 1
5720 9788 4
5720 9933 4
5720 3811 2
5720 4212 5
5720 6511 3
5720 3806 4
5720 8285 3
5720 9535 5
5720 3600 4
5720 4374 4
5720 1083 4
5720 572 5
5720 3797 3
5720 957 3
5720 10868 5
5720 9651 5
5720 4787 5
5720 5529 5
5720 7978 3
5720 2243 3
5720 8401 5
5720 10558 5
5720 5473 2
5720 3770 5
5720 2602 3
5720 2590 5
5720 3041 4
5720 455 4
5720 1522 2
5720 3804 5
5720 3422 4
5720 8168 4
5720 2174 3
5720 2748 5
5720 10943 3
5720 9743 4
5720 363 4
5720 1084 3
5720 3845 5
5720 1876 4
5720 8695 4
5720 2701 5
5720 910 4
5720 3790 4
5720 1462 4
5720 885 4
5720 3567 4
5720 4286 5
5720 3627 4
5720 638 4
5720 2695 2
5720 10942 4
5720 3615 4
5720 3866 5
5720 5867 5
5720 5850 5
5720 1021 3
5720 3619 3
5720 10968 4
5720 8742 5
5720 3869 5
5720 977 3
5720 10491 4
5720 3108 3
5720 3769 3
5720 3717 5
5720 11417 4
5720 3879 5
5720 2689 4
5720 7098 5
5720 2269 5
5720 3870 3
5720 3774 4
5720 1439 5
5720 8848 5
5720 5368 5
5720 11412 2
5720 7976 5
5720 1060 4
5720 3790 4
5720 395 5
5720 4019 4
5720 10483 1
5720 3772 5
5720 8234 3
5720 11506 4
5720 10232 4
5720 10721 3
5720 3782 4
5720 3815 4
5720 2722 3
5720 455 5
5720 10227 4
5720 1509 4
5720 3583 5
5720 4748 5
5720 1521 4
5720 934 5
5720 10816 1
5720 5579 4
5720 3768 1
5720 11048 5
5720 11415 1
5720 2603 5
5720 10938 5
5720 3444 4
5720 7920 1
5720 2558 4
5720 2266 4
5720 10604 4
5720 3615 4
5720 932 5
5720 3617 5
5720 5748 4
5720 8340 2
5720 2648 5
5720 1060 5
5720 2557 4
5720 1522 1
5721 10672 2
5721 10426 5
5721 3684 2
5721 3583 4
5721 1509 4
5721 7920 3
5721 3757 5
5721 5325 5
5721 5228 5
5721 11401 4
5721 10350 5
5721 10971 2
5721 5395 5
5721 3744 4
5721 8787 4
5721 2722 2
5722 11347 4
5722 873 5
5722 11376 4
5722 11410 4
5722 4561 3
5722 8973 5
5722 184 3
5722 5744 3
5722 1501 5
5722 11290 3
5722 1454 4
5722 4077 5
5722 10661 5
5722 9983 4
5722 5796 4
5722 11290 5
5722 11290 4
5722 11290 5
5723 9537 5
5723 11646 5
5723 5557 5
5723 3138 5
5723 670 4
5723 4100 5
5723 857 5
5724 5296 2
5724 11471 4
5724 8194 3
5724 9090 4
5724 9689 5
5724 981 5
5724 8842 4
5724 5997 5
5724 944 2
5724 284 3
5725 1876 5
5725 3307 4
5725 10758 5
5725 8326 5
5725 3605 5
5725 3793 5
5726 4197 4
5726 8249 4
5726 2305 5
5726 2453 5
5726 2398 5
5726 9672 5
5726 1876 5
5726 1837 5
5726 10229 5
5726 10725 5
5726 3808 5
5726 1466 5
5726 7328 4
5726 341 5
5726 1853 5
5726 10466 5
5726 9926 5
5726 10656 5
5726 9153 4
5726 10216 5
5726 981 5
5726 1021 5
5726 10612 5
5726 10064 5
5726 128 5
5726 9697 5
5726 6004 3
5726 1516 4
5726 1026 5
5726 4550 5
5726 3871 3
5726 11092 5
5726 877 5
5727 4682 3
5727 5850 4
5727 3156 1
5728 928 1
5728 10583 2
5728 9734 5
5728 3913 5
5728 10995 5
5728 3953 5
5728 6019 5
5728 9744 1
5729 900 4
5729 901 4
5729 4135 1
5729 3446 5
5729 11054 3
5729 8942 4
5729 3590 5
5729 1049 2
5729 5505 5
5729 978 4
5729 2919 3
5729 3319 3
5729 4788 3
5729 8674 4
5729 11217 4
5729 3085 5
5729 4561 3
5729 5537 4
5729 5112 4
5729 5653 4
5729 5660 4
5730 2965 4
5730 5833 5
5730 3934 5
5730 10522 5
5730 9492 4
5730 908 2
5730 1516 5
5730 1013 5
5730 7259 3
5730 3852 4
5730 9311 5
5730 1041 4
5730 3141 5
5730 2351 4
5730 3149 4
5730 3393 5
5730 8927 5
5731 5239 5
5731 1876 1
5731 8973 4
5731 7141 5
5731 3958 5
5732 9202 4
5732 11372 3
5732 8927 5
5732 3785 2
5732 5458 5
5732 891 4
5732 5891 5
5733 10457 4
5733 10784 4
5733 10866 3
5733 5466 5
5733 3798 4
5733 991 4
5733 3606 4
5733 1049 4
5733 1329 4
5733 6633 4
5733 5367 5
5733 8033 4
5733 4895 5
5733 10632 5
5733 1038 5
5733 8493 4
5733 1098 4
5733 941 5
5733 3605 4
5733 3287 4
5733 2205 5
5733 269 4
5733 2045 2
5733 8315 4
5733 926 4
5733 9794 5
5733 1067 2
5733 11470 4
5733 905 4
5733 3329 4
5733 9143 5
5733 5173 5
5733 8463 5
5733 10127 2
5733 8606 5
5733 3757 5
5733 1086 5
5733 1037 5
5733 5183 3
5733 906 4
5733 11497 4
5733 10901 2
5733 5307 4
5733 7594 4
5733 7504 5
5733 11083 5
5733 3762 5
5733 4676 5
5733 10501 5
5733 992 5
5733 7586 5
5733 1052 4
5733 4635 5
5733 5397 5
5734 3887 5
5734 1365 5
5734 5087 5
5734 9772 4
5734 10251 4
5734 10785 5
5734 10782 2
5734 5891 5
5734 3884 5
5734 4785 4
5734 10617 5
5734 3717 4
5734 930 5
5734 1052 5
5734 4673 2
5734 934 5
5734 10471 3
5734 992 5
5734 10832 3
5734 947 4
5734 8682 5
5734 3798 4
5734 341 5
5734 9335 4
5734 10888 5
5734 10122 2
5734 5306 4
5734 5468 5
5734 10483 5
5734 4785 5
5734 9677 5
5734 955 5
5734 4829 4
5734 8742 2
5734 4616 5
5734 8744 5
5734 9490 5
5734 10366 5
5734 5226 3
5734 10933 5
5734 8033 4
5734 5617 4
5734 1493 5
5735 6086 1
5735 10912 2
5735 4052 4
5735 5226 5
5735 10136 4
5735 3645 4
5735 10581 5
5736 6868 4
5736 4782 4
5736 2660 4
5736 4124 4
5736 773 4
5736 1241 5
5736 766 5
5736 5608 5
5736 2244 4
5736 8637 4
5736 823 3
5736 4545 5
5736 89 5
5736 1943 3
5736 1332 3
5736 10663 5
5736 10704 5
5736 1268 4
5736 1894 5
5737 10341 5
5737 6562 5
5737 4203 5
5737 312 2
5737 2095 5
5737 843 5
5737 706 4
5737 10582 5
5737 5359 5
5737 901 5
5737 917 5
5737 3069 4
5737 934 5
5737 1458 5
5737 11423 4
5737 5550 5
5737 3881 2
5737 4135 4
5737 857 5
5738 10584 5
5738 11172 3
5738 3832 4
5738 4379 1
5739 3596 4
5739 10414 4
5739 4631 4
5739 10594 5
5739 5533 4
5739 5592 4
5739 3863 5
5739 5606 5
5739 11474 5
5739 3478 5
5739 2928 5
5739 9196 4
5739 3606 4
5740 3315 5
5740 9031 1
5740 5092 1
5740 10913 3
5740 5240 2
5740 974 2
5740 1012 5
5740 4673 1
5740 10742 5
5740 981 1
5740 11380 5
5740 2093 5
5740 4414 2
5740 7463 2
5740 2718 1
5740 7458 2
5740 7192 5
5740 8603 4
5740 4274 2
5740 4379 5
5740 1075 2
5740 1049 5
5740 10458 5
5740 8222 5
5740 3407 1
5740 7633 1
5740 1701 1
5740 11588 4
5740 7027 5
5740 3606 5
5740 11382 5
5741 4394 4
5741 8234 5
5741 2615 5
5741 6669 1
5741 9607 5
5741 4975 5
5741 4275 2
5741 10004 4
5741 1329 5
5741 5000 4
5741 4234 3
5741 10201 2
5742 3417 5
5742 11259 4
5742 8404 5
5742 10857 5
5742 8349 5
5742 10969 3
5742 11310 5
5742 10508 5
5742 9626 5
5742 5587 4
5742 11700 2
5742 10346 5
5742 10895 1
5742 10472 4
5742 10251 3
5742 10617 5
5742 861 5
5742 10541 5
5742 10753 3
5742 6562 5
5742 10247 1
5742 3117 5
5743 1477 1
5743 3913 5
5743 3790 5
5743 3869 4
5743 3252 5
5743 5853 5
5743 10388 5
5743 8601 5
5743 10857 5
5743 5280 4
5744 7666 5
5744 3469 4
5744 5512 4
5744 4523 5
5744 5314 4
5744 10749 4
5744 10971 1
5744 5545 4
5745 2652 5
5745 9416 5
5745 3146 5
5745 839 5
5745 2670 5
5745 3713 5
5745 2679 5
5745 11625 3
5746 2651 4
5746 10588 4
5746 1417 5
5746 2690 3
5746 1985 4
5746 3590 5
5746 7117 4
5746 5658 5
5746 5384 5
5746 3943 5
5746 10583 5
5746 966 5
5746 4634 5
5746 1329 5
5746 4785 5
5746 6634 5
5746 10414 5
5746 10094 2
5746 974 2
5746 9332 5
5746 11459 5
5746 10128 5
5746 1439 5
5746 10483 1
5746 3953 4
5746 1060 5
5746 1067 5
5746 11423 5
5746 5533 5
5746 9672 4
5746 7546 2
5746 1509 4
5746 3779 4
5746 3768 5
5746 11682 5
5746 7052 4
5747 5627 5
5747 2670 3
5747 3778 5
5747 1481 5
5748 8461 5
5748 5000 4
5748 10958 4
5748 200 5
5748 11125 5
5748 301 5
5748 7805 5
5748 7463 5
5749 663 5
5749 1701 5
5749 5985 4
5749 10759 4
5749 4538 5
5749 6574 5
5749 9032 5
5749 9019 4
5749 1629 4
5749 979 3
5749 5733 4
5749 3744 5
5749 9789 5
5749 8793 4
5749 11123 5
5749 5504 5
5749 10027 4
5749 1438 5
5749 3056 4
5749 3790 5
5749 5482 4
5749 3773 5
5749 5537 5
5749 10803 5
5749 4690 4
5749 1047 5
5749 7966 5
5749 2944 5
5749 10238 4
5749 9174 5
5749 3121 5
5749 8745 5
5749 5833 5
5749 4834 5
5749 978 5
5749 1513 5
5749 1052 4
5749 992 4
5749 10098 4
5749 7110 5
5749 1501 5
5749 3680 5
5749 4393 5
5749 5318 5
5749 5459 5
5749 901 5
5749 5228 4
5749 4288 1
5749 5467 2
5749 814 5
5749 8809 1
5749 934 5
5749 947 5
5749 8131 5
5749 994 4
5749 3801 5
5749 3603 5
5749 919 4
5749 10888 5
5749 11372 2
5749 8606 5
5749 8500 5
5749 1357 5
5749 1028 5
5749 1329 5
5749 8716 5
5749 10691 5
5749 998 5
5749 5172 4
5749 10303 5
5749 974 3
5749 2707 4
5749 5229 4
5749 1012 4
5749 9094 5
5749 1049 3
5749 9992 3
5749 6039 4
5749 5370 5
5749 6562 5
5749 327 4
5749 4787 5
5749 9492 5
5749 5335 2
5749 3929 4
5749 992 4
5749 5467 2
5749 1384 3
5749 5733 4
5749 5335 3
5749 8925 4
5749 9586 5
5749 11506 5
5749 10376 5
5749 1055 2
5749 7188 4
5749 2945 5
5750 1493 4
5750 9335 5
5750 5255 5
5750 944 2
5750 5384 4
5750 1467 5
5751 3146 5
5751 10826 4
5751 5833 5
5751 901 4
5751 934 5
5751 1450 5
5751 11217 4
5751 4834 5
5751 3774 4
5751 3393 5
5751 3944 1
5751 2746 5
5751 4634 5
5751 3352 5
5751 10870 4
5751 1365 5
5751 857 5
5751 10265 5
5751 11276 5
5751 11414 4
5751 5288 4
5751 5585 4
5751 10060 4
5751 10050 5
5751 7331 4
5751 8231 4
5751 966 5
5751 7203 5
5751 9395 5
5751 1510 5
5751 3055 3
5751 9153 4
5751 11611 4
5751 3913 4
5751 3950 5
5751 5355 4
5751 9186 5
5751 4965 5
5751 11707 4
5752 10902 5
5752 3659 3
5752 5353 4
5752 5526 4
5752 5597 4
5752 3837 2
5752 327 4
5752 4808 3
5752 3126 4
5752 1751 4
5752 2714 4
5752 5520 5
5752 1496 4
5752 4031 4
5752 3252 5
5752 4012 3
5752 4514 4
5752 4379 4
5752 1469 4
5752 11611 3
5752 7437 2
5752 9455 3
5752 228 4
5752 1444 2
5752 1349 4
5752 5226 4
5752 5815 2
5752 9073 5
5752 1462 5
5752 9189 4
5752 10620 5
5752 1497 3
5752 9920 4
5752 514 4
5752 6622 2
5752 892 4
5752 3869 5
5752 3617 5
5752 4965 4
5752 10801 4
5752 5112 5
5752 7487 4
5752 3627 2
5752 3627 2
5752 4522 4
5752 10247 2
5752 3913 5
5752 4135 3
5752 4784 4
5752 1329 4
5752 9679 3
5752 4275 2
5752 8453 3
5752 5748 5
5752 974 2
5752 3364 5
5752 3881 2
5752 7427 4
5752 6696 4
5752 10211 4
5752 4917 2
5752 3627 1
5752 5301 2
5752 3949 2
5752 7487 4
5753 867 5
5753 3716 5
5753 3146 5
5753 3766 1
5753 5441 5
5753 1043 5
5753 10879 5
5753 5226 5
5753 1060 5
5753 978 5
5753 1028 5
5753 10260 5
5753 11626 2
5753 9451 4
5753 11493 4
5753 10791 3
5753 10303 2
5753 6950 5
5753 10506 5
5753 1452 5
5753 5370 4
5753 1705 5
5754 10138 5
5754 3393 5
5754 482 4
5754 9072 4
5754 1086 5
5755 5733 5
5755 5617 4
5755 3717 5
5755 934 4
5755 992 4
5755 9740 2
5755 5318 1
5755 7505 2
5755 1067 4
5755 954 3
5755 10783 5
5755 2831 5
5755 10263 5
5755 10602 5
5755 10993 4
5755 9603 2
5755 11037 5
5755 1506 5
5755 1075 3
5755 3852 5
5755 3680 5
5755 3619 2
5755 7580 5
5755 4386 5
5755 3903 5
5755 3606 5
5755 11485 4
5755 4832 5
5755 1104 5
5755 9478 5
5755 1092 5
5755 4851 5
5755 8469 5
5755 4784 2
5755 10670 5
5755 918 2
5756 5297 4
5756 1097 1
5756 4277 5
5756 1450 5
5756 8500 1
5756 10239 4
5756 7664 5
5756 10987 5
5756 954 5
5756 9980 5
5757 1365 5
5757 934 5
5757 8237 5
5757 10977 3
5757 10397 5
5757 10791 2
5757 5226 2
5757 8233 4
5758 3830 5
5758 7992 5
5758 5864 5
5759 3819 5
5759 3905 5
5759 2614 5
5759 11526 5
5760 3849 2
5760 6664 5
5760 9200 5
5760 4275 1
5760 10032 2
5760 5776 4
5760 931 1
5760 4561 1
5760 10231 5
5760 5135 5
5760 908 1
5760 3195 1
5760 5226 5
5761 857 5
5761 4850 5
5761 5229 5
5761 3943 5
5761 4634 3
5761 10821 5
5762 8493 3
5762 6374 4
5762 10238 3
5762 2610 5
5762 4783 5
5762 10426 5
5763 9675 5
5763 1041 5
5763 4526 5
5763 2398 5
5763 1054 5
5763 8362 5
5763 3220 3
5763 7992 5
5763 5185 5
5763 9435 5
5763 10640 5
5763 10850 5
5763 3316 5
5763 3920 5
5763 8124 4
5763 266 5
5763 8220 5
5763 1052 5
5763 2102 5
5763 6399 5
5763 708 5
5763 11334 5
5763 946 5
5763 8509 5
5763 10102 5
5763 5997 4
5763 927 5
5763 10105 5
5763 9508 5
5763 7836 5
5763 6105 5
5763 9526 5
5763 6093 5
5763 10848 5
5763 284 5
5763 3951 5
5763 1061 4
5763 1060 5
5763 5281 5
5763 4121 5
5763 10905 4
5763 9276 5
5763 6621 5
5763 3757 5
5763 1491 5
5763 5180 5
5763 919 4
5763 8033 5
5763 5951 5
5763 1411 4
5763 1049 5
5763 10645 5
5763 906 4
5763 918 4
5763 10356 5
5763 3717 5
5763 1042 4
5763 4935 5
5763 3659 5
5764 2265 1
5764 2714 5
5764 3275 5
5764 3869 5
5764 8634 2
5764 3810 5
5764 1203 3
5764 8514 1
5764 1280 5
5764 9978 5
5764 10692 5
5764 10624 4
5764 583 5
5764 910 4
5764 1042 4
5764 3155 2
5764 9966 5
5764 488 5
5764 9149 5
5764 4632 4
5764 3814 5
5764 10262 4
5764 10232 5
5764 8500 5
5764 4832 5
5764 10711 3
5764 969 4
5764 7507 5
5764 2746 5
5764 9233 5
5764 9483 3
5764 5200 5
5764 8493 4
5764 4936 5
5764 4834 5
5765 3873 5
5765 3887 5
5765 947 4
5765 7546 4
5765 3797 5
5765 3891 4
5765 6548 5
5765 5161 5
5765 5890 5
5765 3941 5
5765 10179 2
5765 3591 5
5765 8464 4
5765 1723 5
5765 3780 4
5765 9146 5
5765 10302 4
5765 9212 1
5765 4673 1
5765 5174 5
5765 10785 5
5765 10265 5
5765 5733 5
5765 3869 4
5765 8499 4
5765 11486 5
5765 3583 4
5765 3615 4
5765 9981 4
5765 1052 5
5765 10550 5
5765 992 3
5765 10525 5
5765 2648 5
5765 1515 5
5765 9393 5
5765 2707 5
5765 5849 5
5765 9900 1
5765 1522 5
5765 1060 5
5765 11345 5
5765 3617 5
5765 11389 5
5766 3892 5
5766 9857 4
5766 3630 3
5766 10322 5
5766 1509 5
5766 9656 5
5766 10232 4
5766 3617 5
5766 3615 4
5766 10587 5
5766 4586 5
5766 3252 5
5766 4022 5
5766 10583 5
5766 3943 5
5766 3952 5
5766 3953 5
5766 4597 5
5766 4794 5
5766 9858 5
5766 6941 1
5766 9734 5
5766 1522 3
5766 3863 5
5766 11365 3
5766 5293 1
5766 9260 4
5766 8312 5
5766 1082 5
5766 966 5
5766 3860 5
5766 638 5
5767 3686 4
5767 3226 4
5767 3469 3
5767 7560 2
5767 8881 4
5767 11673 4
5767 10684 5
5767 5476 4
5768 9672 4
5768 10705 5
5768 10705 5
5768 1031 5
5769 5850 5
5769 6562 5
5769 2095 5
5769 10483 1
5769 4634 5
5769 5453 5
5769 8336 5
5769 7873 4
5769 9134 5
5769 9885 4
5769 9886 2
5769 9887 5
5769 4022 4
5769 3806 5
5769 3808 5
5769 10231 3
5769 10029 4
5769 857 5
5769 8755 4
5769 11636 4
5769 2689 4
5770 2652 5
5770 3944 1
5770 11004 1
5770 1257 5
5770 3340 4
5770 8228 1
5770 11558 5
5771 3817 3
5771 9741 5
5771 2194 4
5771 5997 4
5771 7906 5
5771 550 4
5771 703 5
5771 10941 3
5772 234 5
5772 3959 4
5772 4295 4
5773 5539 5
5773 11672 4
5773 5617 3
5773 4784 5
5773 6694 5
5773 3447 2
5773 5397 5
5774 1067 2
5774 10122 2
5774 8242 3
5774 4189 4
5774 4949 5
5774 3950 4
5775 10397 3
5775 5071 1
5775 3444 5
5775 6573 5
5775 9406 2
5775 5220 4
5775 11336 4
5775 9664 1
5775 8519 5
5775 1442 3
5775 10177 3
5775 4275 4
5775 8898 5
5775 1481 4
5775 11477 3
5775 5656 2
5775 1390 5
5775 10613 3
5775 9773 5
5775 8491 4
5775 8500 5
5775 4807 3
5776 1277 5
5776 3245 2
5776 3777 5
5776 5658 5
5776 3796 5
5776 9694 5
5776 9824 5
5776 904 3
5776 10428 5
5776 1481 5
5776 8312 5
5776 10763 5
5776 8469 5
5776 3626 5
5776 10800 5
5776 11460 5
5776 10043 5
5776 11452 5
5776 1344 5
5777 4638 5
5777 8228 5
5777 8349 5
5777 11601 4
5777 5733 4
5777 11636 4
5777 11145 5
5777 5468 5
5777 2652 5
5777 11192 5
5777 11649 2
5777 8237 5
5777 3860 5
5777 10582 4
5777 11586 5
5777 10755 5
5777 10250 5
5778 269 4
5778 9606 5
5778 4522 5
5778 5307 5
5779 10270 4
5779 10705 5
5779 3267 5
5779 2928 5
5779 5495 5
5779 10670 5
5779 880 5
5779 2738 5
5779 1012 4
5779 977 4
5779 10897 5
5779 8362 5
5779 3781 5
5779 11283 4
5779 5315 5
5779 4634 5
5779 3717 4
5779 9238 5
5779 3940 5
5779 10405 5
5779 2748 5
5779 3884 2
5779 3801 5
5779 9902 4
5779 5379 5
5779 9853 5
5779 11617 5
5779 2220 4
5779 3623 5
5779 10895 4
5779 5315 5
5779 11001 5
5779 5393 5
5779 992 5
5779 4054 3
5779 2752 5
5779 8495 4
5779 10504 4
5779 3751 5
5779 5497 4
5779 3680 5
5779 3929 4
5779 3953 5
5779 8794 5
5779 10377 5
5779 3762 5
5780 4044 2
5780 409 5
5780 4009 3
5780 9615 1
5780 3814 5
5780 3714 2
5780 3949 2
5780 9607 4
5780 11477 4
5780 9434 4
5780 934 4
5780 4396 4
5780 998 5
5780 10614 4
5780 9403 2
5780 10881 5
5780 9918 5
5780 998 5
5780 998 4
5780 11568 5
5780 1067 1
5780 7998 5
5780 11568 4
5780 4056 2
5780 10509 5
5780 5646 4
5780 10004 5
5780 11568 5
5780 10509 5
5780 11485 3
5781 3790 5
5781 2500 2
5781 1466 5
5781 1062 5
5781 2095 5
5781 9678 2
5781 8234 5
5781 3793 5
5781 3770 5
5781 3804 5
5781 11048 5
5781 3791 5
5781 3791 5
5781 7966 5
5781 8353 5
5781 10653 5
5781 4216 5
5781 3422 5
5781 10366 4
5781 3795 5
5781 1101 5
5782 1003 4
5782 1444 4
5782 5226 4
5783 9821 5
5783 10321 3
5783 2639 4
5783 2616 5
5783 4949 5
5783 2615 4
5783 9858 3
5783 10583 4
5783 11368 3
5783 2613 3
5783 1329 1
5783 6961 5
5783 9397 5
5783 857 2
5783 6041 5
5783 7394 3
5783 9137 4
5783 9141 4
5783 2614 4
5783 7188 5
5783 3913 4
5783 11365 5
5784 5309 4
5784 4776 5
5784 3615 4
5784 3108 3
5785 1406 5
5785 3717 1
5785 4044 5
5785 10472 1
5785 10239 5
5786 2670 2
5786 10419 4
5786 924 4
5786 8228 2
5786 10165 5
5786 8232 5
5786 11616 5
5787 1365 5
5787 5466 5
5787 3880 5
5787 1097 2
5787 5226 5
5787 8455 5
5787 4019 4
5787 5213 5
5787 888 5
5787 10402 4
5787 5482 5
5787 10817 5
5787 4787 5
5787 8767 5
5787 6562 5
5787 6174 4
5787 3940 5
5787 4305 5
5787 3801 5
5787 9677 3
5787 10935 4
5787 812 5
5787 7579 4
5787 3952 5
5787 10543 4
5787 4629 4
5787 7319 5
5787 10476 4
5787 1493 5
5787 9219 2
5787 10265 5
5787 1522 2
5788 979 5
5788 4135 5
5788 3568 5
5788 9948 4
5788 977 4
5788 5733 4
5788 10746 3
5788 934 5
5788 8495 5
5788 9032 5
5788 6614 5
5788 7209 5
5788 1092 5
5788 3953 5
5788 5616 5
5788 1501 4
5789 5921 5
5789 3687 5
5789 11639 2
5789 10191 4
5789 4970 5
5789 7219 5
5789 5753 5
5789 7222 5
5789 4324 5
5789 5550 2
5789 10536 2
5789 5226 5
5790 1516 5
5790 9779 3
5790 1049 5
5790 876 4
5790 9741 5
5790 3852 4
5790 4399 4
5790 933 5
5790 2019 5
5790 11027 5
5790 1013 5
5790 8289 4
5790 5296 5
5790 10188 4
5790 954 5
5790 1450 4
5790 1022 5
5790 9189 5
5790 3250 3
5790 9603 4
5790 981 4
5790 11463 3
5790 955 5
5790 3796 5
5790 4785 5
5790 8362 5
5790 966 4
5790 3905 5
5790 3913 5
5790 1062 5
5790 1510 5
5790 6551 4
5790 10435 5
5791 5468 5
5791 5529 5
5791 3422 5
5791 9135 2
5791 2748 4
5791 5708 4
5791 5379 5
5791 1021 5
5791 8228 4
5791 8234 4
5791 4603 5
5791 4949 5
5791 8242 5
5792 3893 5
5792 3422 5
5792 5126 5
5792 10454 5
5792 10859 5
5793 5539 5
5793 9773 3
5793 11678 2
5793 10919 5
5793 5070 4
5793 1049 5
5793 3944 5
5793 10483 1
5793 1241 5
5793 11403 4
5793 4558 5
5793 5518 3
5793 10899 4
5793 2613 3
5793 1003 5
5793 6019 2
5793 8748 5
5793 2749 5
5794 10488 3
5794 5281 3
5794 10932 5
5794 703 3
5794 1510 5
5794 3796 5
5794 6039 5
5794 3874 5
5794 3826 5
5795 6041 5
5795 2748 4
5795 4189 5
5795 8664 4
5795 10577 5
5795 3617 5
5795 969 4
5795 5728 5
5795 7019 4
5795 5317 5
5795 3424 5
5795 8328 5
5795 11374 2
5795 7188 4
5795 11436 4
5795 2749 5
5795 2704 5
5796 1054 1
5796 9271 5
5796 3790 5
5796 108 3
5797 6151 5
5797 1470 4
5797 1344 5
5797 1457 4
5797 3680 4
5797 11057 5
5797 10917 4
5797 1524 4
5797 5833 4
5797 1097 4
5797 1329 5
5797 5370 4
5798 3704 5
5798 9322 5
5798 9588 5
5798 924 5
5798 4676 5
5798 5854 5
5798 10388 4
5798 1086 4
5798 919 5
5798 4372 5
5798 4419 5
5798 10728 5
5798 1042 5
5798 277 5
5798 4012 5
5798 5733 5
5798 266 5
5798 1450 5
5798 9094 5
5798 10727 2
5798 1723 5
5798 5026 5
5798 5105 5
5798 4791 5
5798 7742 5
5798 11248 2
5798 5467 5
5798 4902 5
5798 5618 5
5798 11454 5
5798 5163 5
5798 8993 4
5798 3627 5
5798 4673 5
5798 3757 3
5798 228 5
5798 5186 5
5798 947 5
5798 9741 5
5799 1029 5
5799 3750 4
5799 9999 5
5799 1515 3
5799 7342 1
5799 9804 5
5800 9411 5
5800 5325 5
5800 10128 5
5800 1329 5
5801 7966 5
5801 11119 4
5801 11505 3
5801 994 3
5801 8362 5
5801 10476 5
5801 10050 4
5801 7161 5
5802 9086 4
5802 9660 2
5802 867 4
5802 3888 1
5802 857 5
5802 5646 5
5802 5378 4
5802 10537 4
5802 2966 5
5802 10111 5
5802 8088 5
5802 9399 5
5802 4829 5
5802 3870 5
5802 6552 5
5802 10837 5
5802 6881 5
5803 4807 5
5803 3352 5
5803 5392 5
5803 3869 3
5804 10974 4
5804 8228 4
5804 8223 4
5804 4634 3
5804 8340 4
5804 9535 5
5804 11402 5
5804 10887 1
5804 11692 5
5804 917 5
5804 9240 4
5804 1506 4
5804 11624 5
5804 9488 2
5804 3155 4
5804 5401 4
5804 11188 5
5804 11430 5
5804 1003 3
5804 5130 4
5804 622 5
5804 934 5
5804 1526 5
5804 1506 4
5804 11339 5
5804 4685 4
5805 323 5
5805 28 5
5805 312 5
5805 211 5
5805 258 5
5805 313 3
5805 1049 5
5805 8717 5
5805 1084 5
5805 4511 4
5805 4598 5
5805 3702 5
5805 948 2
5805 8937 4
5805 6397 4
5805 8610 5
5805 10293 5
5805 7564 3
5805 10852 2
5805 4386 3
5805 5092 2
5805 284 4
5805 3949 2
5805 900 5
5805 8493 5
5805 4091 5
5805 7909 5
5805 5997 4
5805 8519 4
5805 10032 2
5805 1002 5
5805 3627 3
5805 1048 4
5805 729 5
5805 4321 4
5805 11369 5
5805 1021 5
5806 4216 2
5806 3659 5
5806 908 5
5806 5277 5
5807 892 4
5807 1526 3
5807 10779 5
5807 4683 5
5807 5359 2
5807 11174 5
5807 10491 4
5807 10583 5
5807 1501 1
5807 990 2
5807 4673 2
5807 10654 5
5807 11383 2
5807 1509 2
5807 3863 5
5807 11324 2
5807 9841 4
5807 3764 3
5807 3606 4
5807 6174 4
5807 3757 5
5807 5364 5
5807 4135 5
5807 9858 4
5807 900 5
5807 10142 2
5807 11586 4
5807 10939 5
5807 9734 3
5807 11696 5
5807 11446 5
5807 1071 4
5808 4673 1
5808 10846 2
5808 3156 3
5808 3768 4
5808 11367 5
5809 9841 4
5809 4044 3
5809 3480 5
5809 6141 5
5809 5257 4
5809 9262 3
5809 9672 4
5809 9734 4
5809 2722 4
5809 9691 3
5809 990 4
5809 4350 4
5809 990 4
5809 10775 4
5809 11457 2
5809 5606 4
5809 4645 3
5809 10128 5
5809 8500 4
5809 5466 4
5809 857 5
5809 7753 4
5809 327 4
5809 10746 3
5809 11257 4
5809 6784 1
5809 995 4
5809 11000 3
5809 3315 4
5809 5850 4
5809 5849 4
5809 1022 1
5809 10654 4
5809 1052 4
5809 3884 5
5809 1629 5
5809 1489 3
5809 1075 2
5809 10127 4
5809 4135 4
5809 4784 1
5809 8231 5
5809 2612 4
5809 5058 1
5809 9748 5
5809 10491 4
5809 3718 5
5809 1021 4
5809 8243 4
5809 4764 5
5809 10801 5
5809 5399 3
5809 3881 3
5809 10860 4
5809 3801 5
5809 11440 4
5809 9665 5
5809 3943 5
5809 11009 5
5809 3929 4
5809 3950 2
5809 9491 5
5809 5557 4
5809 8327 4
5809 5633 5
5809 3904 4
5809 5167 2
5809 5042 3
5809 981 5
5810 901 5
5810 5557 4
5810 3606 5
5810 5933 5
5810 978 2
5810 10812 5
5810 4788 2
5810 10735 4
5810 5042 5
5810 979 5
5810 6562 5
5810 10775 5
5810 900 5
5810 814 5
5810 5176 5
5810 8500 2
5810 9665 3
5810 966 4
5810 934 5
5810 1241 5
5810 990 4
5810 4685 4
5810 411 5
5810 3791 5
5810 11393 4
5810 3770 5
5810 10770 5
5810 5850 5
5810 5294 4
5810 3768 4
5810 1365 5
5810 9142 5
5810 3913 5
5810 5847 5
5810 10878 5
5811 10818 5
5811 4024 5
5811 1041 4
5811 9593 5
5811 9593 5
5812 5833 4
5812 10888 5
5812 6010 4
5812 4974 4
5812 4634 4
5812 1349 3
5812 3985 4
5812 10492 4
5812 5228 4
5812 9590 2
5812 11499 4
5812 4997 5
5812 6673 4
5812 5058 3
5812 10931 4
5812 9902 4
5812 3749 4
5812 10788 5
5812 6039 4
5812 885 4
5812 9574 4
5812 5183 4
5812 5048 3
5812 3598 4
5812 1493 4
5812 2701 4
5812 5370 4
5812 4394 3
5812 11053 4
5812 10583 4
5812 1075 3
5812 2009 4
5812 10251 3
5812 10979 4
5812 5287 4
5812 1101 4
5812 947 4
5812 11241 4
5812 3852 4
5812 8498 3
5812 10031 5
5812 1329 4
5812 6699 4
5812 4058 4
5812 3944 4
5812 3195 4
5812 3801 5
5812 1524 4
5812 8598 4
5812 9527 4
5812 6186 4
5812 981 4
5812 4216 3
5812 6332 4
5812 7319 5
5812 3934 4
5812 10699 3
5812 857 4
5812 10493 4
5812 900 4
5812 3884 4
5812 978 3
5812 550 4
5812 4834 4
5812 10923 3
5812 966 2
5812 8847 4
5812 10006 4
5812 10185 3
5812 3768 4
5812 9948 3
5812 1059 4
5812 5565 3
5812 3469 4
5812 5366 5
5812 9345 4
5812 1491 4
5812 1452 5
5812 9678 3
5812 934 4
5812 10748 3
5812 5131 4
5812 9771 3
5812 4386 3
5812 10122 3
5812 1021 5
5812 994 4
5812 9422 4
5812 3922 4
5812 1002 4
5812 4074 5
5812 8499 4
5812 979 5
5812 6770 4
5812 9888 4
5812 3680 4
5812 937 4
5812 910 4
5812 988 4
5812 1513 1
5812 9952 5
5812 4198 5
5812 1081 4
5812 5467 4
5812 10784 5
5812 7579 4
5812 1013 4
5812 4787 5
5812 8505 4
5812 4565 3
5812 8644 4
5812 284 4
5812 11050 4
5812 3819 4
5812 3949 3
5812 5664 4
5812 9189 4
5812 10889 3
5812 10977 4
5812 10791 2
5812 5213 4
5812 4135 4
5812 10232 4
5812 1097 4
5812 3830 4
5812 1076 3
5812 10393 4
5812 5585 4
5812 8362 4
5812 3927 3
5812 1450 3
5812 939 4
5812 3315 4
5812 8757 4
5812 1080 5
5812 1067 4
5812 935 4
5812 10415 4
5812 4054 3
5812 5226 4
5812 9296 4
5812 11449 3
5812 8033 3
5812 239 4
5812 8747 4
5812 5766 4
5812 2675 5
5812 10348 5
5812 9684 4
5812 1052 4
5812 1099 4
5812 906 4
5812 6652 5
5812 3829 4
5813 3929 5
5813 11037 4
5813 1052 5
5813 8362 5
5813 8500 5
5813 3832 4
5813 8033 5
5813 4358 5
5813 11485 1
5813 11437 2
5814 407 5
5814 2613 3
5814 2615 3
5814 3059 5
5814 2749 3
5815 2648 4
5815 239 4
5815 1035 5
5815 3951 5
5815 7920 5
5815 9168 4
5815 3250 1
5815 3600 5
5815 4198 5
5815 8831 4
5815 10896 3
5815 9953 4
5815 2045 4
5815 8005 3
5815 785 2
5815 8362 4
5815 10616 3
5815 3754 4
5815 1618 4
5815 1450 4
5815 1028 5
5815 1349 4
5815 3878 5
5815 10899 4
5815 1334 5
5815 8313 5
5815 9741 4
5815 10930 5
5815 1080 5
5815 5213 4
5815 3884 5
5815 3645 5
5815 3832 5
5815 4216 5
5815 10791 4
5815 4615 5
5815 5173 5
5815 8305 3
5815 4188 5
5815 11447 5
5815 631 2
5815 983 5
5815 10985 5
5815 8742 4
5815 11208 5
5815 3954 3
5815 935 1
5815 10897 4
5815 1515 5
5816 8384 1
5816 179 5
5816 1378 1
5816 5023 2
5816 8657 4
5816 5156 1
5816 832 3
5816 1275 1
5816 5843 5
5816 7441 5
5816 327 5
5816 5570 5
5816 4513 5
5816 4261 4
5816 10483 2
5816 9087 3
5816 5850 4
5816 3778 4
5816 9176 3
5816 5463 5
5816 9991 5
5816 3950 3
5816 3718 3
5816 11484 5
5816 10546 4
5816 5459 5
5816 1365 4
5816 5816 4
5816 1089 5
5816 4111 4
5816 7373 4
5816 3929 3
5816 11488 3
5816 10480 5
5816 10141 3
5816 4100 4
5816 1055 2
5816 8497 4
5816 2417 1
5816 4135 4
5816 1515 4
5816 1467 3
5817 3446 4
5817 10415 5
5817 4314 5
5817 9135 1
5817 10656 4
5817 3771 5
5817 3768 4
5817 4993 4
5817 3310 4
5817 5228 5
5817 10540 3
5817 10407 1
5817 5319 4
5817 1515 4
5817 5630 4
5817 857 5
5817 1515 5
5817 10129 4
5817 5461 4
5817 11425 5
5817 9417 5
5817 5071 5
5817 1457 2
5817 3627 1
5817 981 4
5817 5633 5
5817 3718 4
5818 1493 4
5818 3748 4
5818 4135 3
5818 11431 3
5819 4305 2
5819 11063 5
5819 1042 5
5819 11174 5
5819 10662 4
5819 5353 5
5820 11597 5
5820 1494 2
5820 6968 5
5820 1086 5
5820 7976 2
5820 1002 2
5820 994 1
5820 620 4
5820 9872 5
5820 4603 2
5820 11598 4
5820 4593 5
5820 6562 5
5820 10535 5
5820 3801 5
5820 10970 2
5820 11698 1
5820 934 5
5820 3803 5
5820 6558 4
5821 11339 5
5821 5355 5
5821 10885 4
5821 862 5
5822 8074 4
5822 10633 4
5822 749 5
5822 768 4
5822 3615 5
5822 9981 4
5822 7920 4
5822 7664 4
5822 3796 5
5822 465 5
5822 1452 5
5822 10238 3
5822 3250 1
5822 5163 2
5822 1450 4
5822 1084 4
5822 2550 4
5822 3137 5
5822 2710 5
5822 2616 5
5822 3806 4
5822 6511 4
5822 3761 5
5822 9465 5
5822 10466 5
5822 341 5
5822 1466 5
5822 4354 4
5822 130 2
5822 9174 5
5822 3499 5
5822 3762 5
5822 3852 3
5822 906 4
5822 3421 5
5822 4216 5
5822 2090 3
5822 4967 5
5822 1087 1
5822 9280 4
5822 3606 4
5822 4135 5
5822 3656 5
5822 1067 3
5822 10887 1
5823 6336 5
5823 1084 4
5823 3604 5
5823 3951 5
5823 6382 5
5823 11461 4
5823 992 5
5823 3252 3
5823 5210 5
5823 9495 5
5823 966 5
5823 10747 5
5823 1462 4
5823 3919 4
5823 8664 4
5823 8664 4
5823 8896 5
5823 934 5
5823 4292 5
5823 9998 5
5823 6344 4
5823 10815 5
5823 9665 2
5823 5985 5
5823 6774 5
5823 11091 4
5823 4941 5
5823 3863 5
5823 8500 5
5823 10269 4
5823 6910 5
5823 5468 5
5823 10375 5
5823 10491 4
5823 3953 5
5823 8351 5
5824 947 5
5824 8742 2
5824 857 5
5824 7402 4
5824 9189 2
5824 3623 5
5824 845 2
5825 4634 5
5825 1448 5
5825 11436 5
5825 1708 4
5825 4394 1
5825 5467 1
5825 8232 5
5825 934 5
5825 4876 4
5825 5459 5
5825 8242 4
5825 10839 5
5825 5524 5
5825 2704 5
5826 3860 5
5826 11582 5
5826 11145 5
5826 3863 5
5826 3478 5
5826 5460 5
5826 5468 5
5826 9142 5
5826 9140 5
5826 4965 5
5827 3626 5
5827 6752 5
5827 8228 4
5827 3579 5
5827 11365 5
5828 3884 4
5828 5890 5
5828 3601 3
5828 5200 5
5828 3861 4
5828 4400 3
5828 4791 4
5828 1493 4
5828 8549 4
5828 10136 5
5828 7579 5
5828 10499 4
5828 5518 2
5828 1052 3
5828 10888 5
5828 10252 5
5828 5163 3
5828 9650 4
5828 5229 2
5828 5351 5
5828 3686 5
5828 10989 5
5828 5776 4
5828 3948 4
5828 4784 4
5828 3905 4
5828 4801 5
5828 6824 4
5828 8415 4
5828 5232 4
5829 11675 5
5829 8242 4
5829 8234 4
5829 5482 4
5829 1002 3
5829 6562 5
5829 5358 5
5829 3801 5
5829 4634 5
5830 2722 5
5830 947 4
5830 5383 4
5830 4685 5
5830 962 5
5830 1526 4
5830 5458 3
5830 1506 5
5831 9172 4
5831 10578 4
5831 856 4
5831 10528 5
5831 5087 2
5831 8738 5
5831 3446 4
5831 9281 5
5831 3451 4
5831 10747 4
5831 11625 4
5831 9893 4
5831 5751 2
5831 6384 5
5831 11690 5
5831 10483 5
5831 1439 4
5831 11459 4
5831 8236 5
5831 2648 4
5831 5070 5
5831 7664 5
5831 954 4
5831 9328 1
5831 8288 5
5831 6184 2
5831 10589 2
5831 10590 5
5831 3952 5
5831 11029 5
5831 10910 4
5831 11359 4
5831 5228 4
5831 5222 5
5831 3016 4
5831 5597 4
5831 4807 5
5831 9327 5
5831 9617 4
5831 10408 4
5831 9635 2
5831 7579 5
5831 1457 2
5831 1509 4
5831 4051 5
5831 4673 1
5831 1438 5
5831 3569 5
5831 10321 5
5831 3819 4
5831 3195 5
5831 4135 4
5831 3943 5
5831 6965 5
5831 8269 5
5831 892 4
5831 4204 4
5831 1440 4
5831 5768 5
5831 3756 5
5831 5833 4
5831 3950 4
5831 3950 4
5831 11008 5
5831 11640 5
5831 9738 3
5831 8896 5
5831 10635 2
5831 5112 5
5832 5370 5
5832 857 4
5832 10497 5
5832 5226 2
5832 5343 5
5832 3796 5
5832 5229 3
5832 10476 5
5832 10541 5
5832 1329 4
5832 11466 5
5832 10502 5
5832 9492 5
5832 9995 5
5832 5318 3
5832 5375 4
5832 11375 5
5832 8406 5
5832 1067 4
5832 6774 4
5832 9867 4
5832 11188 4
5832 10239 3
5832 10414 5
5832 5318 1
5832 1082 5
5832 2618 3
5832 4135 4
5832 9486 2
5832 5401 5
5832 1514 5
5832 5228 4
5832 5386 5
5832 5363 4
5832 5058 4
5832 4536 4
5832 11600 5
5832 1344 5
5833 4833 1
5833 3735 5
5833 2749 1
5834 5026 5
5834 9483 2
5834 455 4
5834 10713 4
5834 2923 5
5834 5579 4
5834 2701 4
5834 9617 4
5834 7188 5
5834 10230 5
5834 10315 4
5834 5601 3
5834 11605 5
5834 3329 5
5835 3626 5
5835 5397 5
5835 11599 5
5835 10969 5
5835 11574 5
5835 11364 4
5835 8033 5
5835 9601 5
5836 10461 5
5836 3444 5
5836 8752 5
5836 3606 5
5836 4897 3
5836 10333 5
5836 622 2
5836 2021 4
5836 3905 5
5836 10466 5
5836 3852 5
5836 10670 4
5836 3761 5
5836 5985 5
5836 9901 5
5836 8758 4
5836 10911 5
5836 3446 4
5836 10616 5
5837 1074 4
5837 2616 5
5837 550 1
5837 10051 5
5837 2363 5
5837 934 5
5837 8234 5
5837 6950 1
5837 2550 5
5837 1067 4
5837 3812 5
5837 8954 1
5837 4762 5
5837 3883 5
5837 1469 2
5837 10583 4
5837 11365 4
5837 5530 5
5837 11398 3
5837 11507 3
5837 11617 4
5837 9332 4
5838 4409 3
5838 8993 2
5838 1629 5
5838 8491 3
5838 3606 5
5838 9831 1
5838 7437 3
5838 1049 5
5838 5318 1
5838 11693 3
5838 6224 2
5838 10321 5
5839 934 4
5839 4785 5
5839 2701 5
5840 1484 5
5840 4917 2
5840 4726 4
5840 3627 2
5840 5257 5
5840 4628 5
5840 3085 5
5840 1067 5
5840 3096 4
5840 5112 5
5840 4829 1
5840 5302 2
5840 934 5
5840 1365 5
5840 4135 4
5840 11001 4
5840 10478 5
5840 3694 3
5840 3937 4
5841 3945 4
5841 8432 4
5841 2712 5
5841 1104 1
5841 4703 3
5841 10602 5
5841 10820 5
5841 4200 5
5841 990 2
5841 934 4
5841 11670 4
5841 3801 5
5841 3606 3
5841 3913 5
5842 3942 5
5842 1390 2
5842 5467 2
5842 3618 5
5842 1049 4
5842 9619 5
5842 10688 5
5842 5790 5
5843 1466 5
5843 1504 5
5843 5387 4
5843 5228 4
5843 6146 4
5843 9920 4
5843 6587 5
5843 885 5
5843 6633 4
5844 10897 3
5844 4275 1
5844 9231 1
5844 10776 5
5844 4801 5
5844 5579 5
5844 9952 5
5844 5232 4
5844 5129 1
5845 576 5
5845 2315 2
5845 10765 5
5845 4190 5
5845 11242 3
5845 7739 3
5845 10217 2
5845 3892 2
5845 11575 5
5845 5232 3
5845 5057 4
5846 934 5
5846 3492 5
5846 1501 3
5846 4097 5
5847 267 5
5847 1894 5
5847 1078 4
5847 10472 4
5847 6935 4
5847 10784 4
5847 10780 4
5847 6186 5
5847 2697 4
5847 8396 5
5847 9527 5
5847 5321 2
5847 9771 4
5847 3867 4
5847 9665 4
5847 10945 4
5847 4634 3
5847 947 4
5847 3812 5
5847 5833 5
5848 3738 5
5848 8738 4
5848 3718 5
5848 6562 5
5848 11257 4
5848 5844 5
5848 3801 5
5848 4633 4
5848 10857 5
5848 4833 4
5848 5131 5
5848 4633 5
5848 5851 3
5848 3156 5
5848 10770 5
5848 11641 5
5848 11692 4
5848 7504 5
5848 10561 5
5848 11427 3
5848 5464 2
5848 3881 4
5848 9658 4
5848 5844 5
5848 10450 5
5848 10855 5
5848 3768 4
5848 10309 2
5848 10498 5
5848 1508 5
5848 5633 5
5848 10561 5
5848 8306 4
5848 10917 3
5848 5167 4
5848 3764 4
5848 3478 5
5848 9491 5
5848 10407 3
5848 5166 3
5848 4882 4
5849 3166 1
5849 4056 5
5849 5471 5
5849 11655 5
5849 5299 4
5849 2730 5
5849 8681 5
5849 1357 5
5849 7421 4
5849 10770 5
5849 3884 4
5849 4275 3
5849 861 5
5849 10450 5
5850 7921 5
5850 11244 5
5850 5867 3
5850 830 4
5850 3038 2
5850 2589 3
5850 7868 5
5850 2168 5
5851 8087 4
5851 11399 5
5851 7572 2
5851 2001 4
5851 1455 4
5851 4394 4
5851 8742 4
5851 10487 5
5851 5000 5
5851 9234 1
5851 10794 5
5851 5385 1
5851 1876 2
5851 3905 5
5851 7834 5
5851 9635 1
5851 5352 2
5851 3905 5
5851 8654 1
5851 9606 5
5851 1365 5
5851 4305 5
5851 6224 2
5851 974 1
5851 2093 5
5851 7730 4
5851 3764 5
5851 947 3
5851 992 4
5851 10698 2
5851 10472 4
5851 900 5
5851 7608 5
5851 10784 5
5851 1607 5
5851 8500 5
5851 2095 1
5851 1049 2
5851 4675 1
5851 11615 5
5851 4917 2
5851 7834 5
5851 2757 5
5851 857 5
5851 934 5
5851 7192 1
5851 10920 1
5851 9518 5
5851 5168 1
5851 1062 5
5851 10702 5
5851 8242 5
5851 3852 5
5851 10753 5
5851 3929 5
5851 1349 5
5851 4634 3
5851 11324 3
5851 1509 2
5851 9343 1
5851 1028 5
5851 11446 5
5851 956 4
5851 3612 4
5851 3752 5
5851 8299 1
5851 10949 5
5851 10839 5
5851 3757 5
5851 10078 1
5851 10968 2
5851 10669 3
5851 2616 5
5851 2639 5
5851 10142 2
5851 1071 4
5851 9212 1
5851 4673 2
5851 5481 5
5851 6186 5
5851 7259 5
5851 991 1
5851 10719 5
5851 9323 4
5851 1003 5
5851 10670 1
5851 3934 5
5851 9557 1
5851 3954 3
5852 1013 5
5852 10230 4
5852 5650 4
5852 3943 4
5852 5557 4
5853 3624 5
5853 5372 5
5853 10802 5
5853 4633 3
5853 9665 4
5853 5931 5
5853 4938 5
5853 2168 5
5853 1509 4
5853 3728 5
5854 1403 1
5854 8629 5
5854 10368 5
5854 11332 5
5854 7896 5
5854 5181 5
5854 923 5
5854 3884 4
5854 900 5
5854 3739 5
5854 9152 5
5854 810 5
5854 589 1
5854 6105 5
5854 9670 5
5854 10807 4
5854 8495 5
5854 814 5
5855 2417 5
5855 934 5
5855 2615 4
5855 3749 4
5855 5833 5
5855 3949 2
5855 9133 4
5855 3713 5
5855 2616 5
5855 2613 4
5855 2639 5
5855 11119 4
5855 1021 5
5855 5467 2
5855 1329 5
5855 9676 2
5855 11693 4
5855 5229 3
5856 10859 5
5856 3801 1
5856 9326 5
5856 1042 5
5856 8495 5
5856 10031 5
5856 3762 5
5856 8695 5
5856 5302 2
5856 3152 5
5856 9788 5
5856 3790 3
5856 9491 5
5856 5617 2
5856 3446 5
5856 10955 2
5856 10489 2
5856 10976 5
5856 10031 5
5856 9668 5
5856 5294 2
5856 3478 5
5857 1429 5
5857 913 3
5857 3422 4
5857 8121 5
5857 1884 1
5857 1443 3
5857 4074 3
5857 897 3
5857 4091 5
5857 5777 5
5857 574 1
5857 10637 5
5857 1876 5
5857 4967 5
5857 1048 5
5857 5985 4
5857 8644 5
5857 5597 5
5857 3935 5
5857 7751 5
5857 4121 5
5857 4627 5
5857 3761 5
5857 8074 5
5857 5998 4
5858 10755 3
5858 11139 5
5858 3952 5
5858 3943 5
5858 11009 5
5859 11069 4
5859 1049 4
5859 9749 5
5859 5355 5
5859 3947 4
5859 3863 3
5859 11504 5
5859 6963 4
5859 3252 3
5859 10435 5
5859 11578 5
5859 11383 5
5859 9858 4
5859 9535 5
5859 3422 4
5859 2689 4
5859 4708 4
5859 6369 4
5860 304 5
5860 1029 4
5860 9201 5
5860 11375 5
5860 3050 5
5860 890 5
5860 11014 4
5860 11014 5
5860 10301 4
5860 3884 5
5860 2005 5
5860 4829 5
5860 1101 5
5860 3770 4
5860 9720 4
5860 8198 5
5860 11459 5
5860 10407 3
5861 10473 5
5861 5625 4
5861 3884 5
5861 11488 4
5861 9484 5
5861 4135 5
5861 3950 5
5861 3627 5
5861 9139 5
5861 9041 5
5861 3947 5
5862 9461 5
5862 810 4
5862 7307 5
5862 5000 5
5862 5858 5
5862 1685 5
5862 9550 5
5862 5007 5
5862 8111 3
5862 9651 5
5862 10628 5
5862 784 5
5862 900 5
5862 790 5
5862 5997 3
5862 4414 4
5862 2639 5
5862 4040 4
5862 7752 5
5862 11445 5
5862 10098 4
5862 7259 5
5862 9435 3
5862 5763 5
5862 9418 4
5862 4749 5
5862 655 5
5862 5459 5
5862 956 5
5862 2205 5
5862 6858 3
5862 7289 5
5862 1062 4
5862 9969 5
5862 9036 5
5862 3421 5
5862 10669 4
5863 211 4
5863 6935 4
5863 3870 4
5863 10482 3
5863 7608 5
5863 934 5
5863 4645 4
5864 11699 3
5864 11569 4
5864 11633 4
5864 11364 3
5864 10270 5
5864 2741 5
5864 2742 5
5864 2743 5
5864 7160 5
5864 11315 5
5864 2713 5
5864 11705 5
5864 8402 4
5864 11570 3
5864 5379 5
5864 7919 5
5864 47 4
5865 11088 4
5865 10104 3
5865 341 4
5865 4400 4
5865 4040 2
5865 8998 4
5865 1522 4
5865 3626 5
5865 2052 4
5866 3146 5
5866 3777 4
5866 9175 2
5866 3797 5
5866 8751 4
5866 7546 3
5866 4958 4
5866 5235 5
5866 5429 5
5866 1876 3
5866 4507 3
5866 10902 5
5866 10534 5
5866 3814 4
5866 5877 5
5866 4275 2
5866 9966 4
5866 8982 4
5866 7215 5
5866 5593 4
5866 3656 5
5866 3782 5
5866 980 4
5866 9253 5
5866 5590 5
5867 997 5
5867 9781 5
5867 140 5
5867 11478 5
5868 830 5
5868 3801 5
5868 1047 5
5868 4958 3
5868 3047 5
5869 3794 4
5869 2467 3
5869 2720 4
5869 940 3
5869 6935 3
5869 10377 5
5869 4708 4
5869 2875 4
5869 10744 3
5869 9442 4
5870 5850 3
5870 10469 4
5870 10935 4
5870 11670 5
5870 6601 4
5870 11466 4
5870 9453 4
5870 6332 5
5870 1002 1
5870 3954 4
5871 4972 5
5871 6039 5
5871 3774 4
5871 3946 5
5871 3393 3
5871 1002 4
5871 3870 4
5872 11008 5
5872 4056 5
5872 5314 1
5872 5507 4
5872 6380 5
5872 3934 5
5872 930 4
5872 3884 5
5872 861 5
5872 9635 1
5872 11709 5
5872 4632 4
5872 9802 5
5872 5853 5
5872 9612 5
5873 11003 5
5873 9852 5
5873 11649 2
5873 11062 5
5873 1506 5
5873 9255 5
5873 10801 4
5873 10359 5
5873 389 4
5873 9848 4
5873 3952 5
5873 9137 4
5873 910 5
5873 10939 5
5873 5495 5
5873 11457 3
5874 5787 2
5874 9989 4
5874 10394 4
5874 6747 5
5874 4705 5
5874 130 1
5874 4971 4
5874 1202 4
5874 5210 5
5875 1357 5
5875 1357 5
5875 10929 5
5875 3119 2
5875 4917 2
5875 4054 4
5875 3881 5
5875 5776 5
5875 7692 4
5875 10445 5
5875 5356 5
5875 5356 5
5875 934 4
5875 3891 4
5875 11320 5
5875 5458 5
5875 11002 2
5875 11440 2
5875 8739 3
5875 3884 4
5875 5766 4
5875 1723 5
5875 11339 4
5875 1457 1
5875 6019 4
5875 9780 3
5875 10445 5
5875 5460 2
5875 5318 1
5875 11177 3
5875 4003 4
5875 8327 5
5875 11036 4
5875 10498 5
5875 11435 5
5875 5392 5
5875 5355 5
5875 9210 2
5876 11033 5
5876 10389 4
5876 1467 4
5876 717 5
5876 3494 5
5876 4834 3
5876 3870 4
5876 4935 4
5876 5531 5
5876 993 5
5876 3583 4
5876 10230 5
5876 4851 5
5876 5042 5
5876 7664 5
5876 1097 4
5876 10316 1
5876 3913 5
5876 4908 4
5876 3949 3
5876 10103 4
5877 6393 5
5877 11006 5
5877 2395 5
5878 102 5
5878 9563 3
5878 8234 3
5878 11387 4
5878 2713 5
5878 3945 4
5878 11369 4
5878 966 5
5878 1438 4
5878 947 4
5878 8362 3
5878 10421 4
5878 5226 4
5878 5003 5
5878 1060 4
5879 5564 5
5879 124 5
5879 10644 4
5879 10576 4
5879 5124 4
5879 10827 4
5879 7740 5
5879 5451 4
5879 11405 5
5879 5245 4
5879 5450 5
5879 6844 3
5879 10274 4
5879 9572 2
5879 10953 4
5879 4736 5
5880 10848 4
5880 3446 5
5880 8496 5
5880 5327 5
5880 4829 5
5881 1516 4
5881 5733 5
5881 8964 3
5881 3469 5
5881 6403 4
5882 981 1
5882 4949 5
5882 8005 4
5882 8231 5
5882 9952 2
5882 10421 5
5882 10808 4
5882 5288 3
5882 1077 5
5882 6791 5
5882 3819 5
5882 1067 5
5882 3351 5
5882 4787 5
5882 4414 5
5882 3852 5
5882 5229 5
5882 4321 5
5882 9671 5
5882 9527 5
5882 4565 1
5882 4597 5
5882 5286 5
5882 10411 5
5882 4019 5
5883 4368 4
5883 8088 5
5883 717 5
5883 4713 4
5883 3870 4
5883 1479 4
5883 554 5
5883 5136 5
5883 8184 5
5883 5693 5
5883 3755 4
5884 10392 5
5884 10238 4
5884 3814 4
5884 1039 4
5884 10816 3
5884 8509 5
5884 9445 3
5884 8312 5
5884 4135 4
5884 10735 3
5884 8359 3
5884 10287 3
5884 986 5
5884 910 5
5884 11442 4
5884 6622 3
5884 2095 5
5884 10651 3
5884 10645 5
5884 8500 3
5884 3606 5
5884 942 5
5884 943 5
5884 10406 4
5884 1003 3
5884 9375 4
5884 8005 4
5884 4439 4
5884 6309 5
5884 10412 2
5884 3927 2
5884 9605 2
5884 5186 2
5884 5985 5
5884 9382 4
5884 3852 5
5884 990 2
5884 11596 5
5884 3819 4
5884 8183 2
5884 11507 4
5884 1033 4
5884 4872 4
5884 1048 4
5884 1516 5
5884 4846 4
5884 7729 4
5884 10421 5
5884 5163 3
5884 816 5
5884 7141 5
5884 4022 5
5884 8074 1
5884 9697 2
5884 4408 2
5884 4472 5
5884 3942 4
5884 2974 1
5884 5279 4
5885 10336 5
5885 7885 4
5885 11220 5
5885 4673 3
5885 8054 5
5885 5058 2
5886 6491 5
5886 5257 4
5886 900 5
5886 3498 4
5886 10574 4
5886 5605 3
5887 1365 5
5887 10670 4
5887 9653 5
5887 9150 3
5887 3953 5
5887 11367 4
5887 5985 4
5887 11706 5
5887 9141 5
5887 7887 5
5887 3947 5
5887 3952 5
5888 6917 4
5888 4634 4
5888 5520 5
5889 11469 5
5889 8989 5
5889 11373 4
5889 3422 5
5889 638 3
5889 622 5
5889 2219 5
5889 3933 5
5889 9230 4
5889 8288 5
5890 2413 4
5890 3137 5
5890 1763 5
5890 10628 5
5890 10460 5
5891 867 5
5891 9788 3
5891 6662 1
5891 3871 1
5891 4628 5
5891 8954 2
5891 5296 4
5891 4016 4
5891 8746 1
5891 1876 4
5891 8299 5
5891 1466 5
5891 3891 5
5891 986 5
5891 11406 5
5891 5579 5
5891 9159 2
5891 3952 3
5891 10801 4
5891 9086 4
5891 4135 5
5891 933 5
5891 11444 1
5891 1518 2
5891 3393 5
5891 3583 5
5891 3802 3
5891 11412 1
5891 5464 3
5891 11284 5
5891 3881 2
5891 1042 5
5892 3935 5
5892 3089 4
5892 7508 5
5892 5563 4
5892 5502 4
5892 8469 5
5892 3936 3
5892 3787 5
5892 8798 3
5892 4771 4
5892 3932 5
5892 8477 5
5892 1949 4
5892 5744 4
5892 9232 3
5892 4719 4
5893 5409 5
5893 4001 5
5893 7336 5
5893 8565 4
5893 3686 3
5893 9944 5
5893 3606 5
5893 4662 4
5893 6622 3
5893 868 3
5893 1457 2
5893 185 5
5893 286 5
5893 10516 4
5893 3010 5
5893 9027 4
5893 4005 5
5893 5999 4
5893 1029 5
5893 4802 4
5893 10368 5
5893 7328 4
5893 953 5
5893 10010 4
5893 5163 3
5893 6163 5
5893 10965 5
5893 9322 5
5893 6371 5
5893 10238 4
5893 3717 5
5893 248 5
5893 4140 5
5893 11182 4
5893 10892 2
5893 8923 4
5893 11316 4
5893 3195 4
5893 4009 5
5893 10118 5
5893 4318 4
5893 11669 1
5893 8585 5
5893 4675 3
5893 981 4
5893 10456 5
5893 3721 5
5893 1515 3
5893 8615 4
5893 4394 4
5893 11642 4
5893 5985 5
5894 1329 5
5894 3161 5
5894 1021 5
5894 10184 5
5894 8242 5
5894 10734 3
5894 10216 5
5894 4949 5
5894 5356 5
5894 8231 5
5894 3892 5
5894 10834 4
5895 9969 5
5895 9650 5
5895 4270 5
5895 9880 4
5896 6994 5
5896 1509 5
5896 1329 4
5896 3943 5
5896 341 5
5896 10583 5
5896 3869 4
5896 3617 5
5897 6374 5
5897 5359 5
5897 1082 5
5897 4949 5
5897 3826 3
5897 9411 5
5897 5397 5
5897 934 5
5897 5042 5
5897 1002 2
5897 3738 4
5897 11641 5
5898 3796 5
5898 9843 5
5898 9853 2
5898 2689 4
5898 5501 1
5898 377 5
5898 11363 5
5898 5458 5
5898 10248 5
5898 4591 5
5898 8351 5
5898 5470 5
5898 4625 5
5899 9491 5
5899 3478 5
5899 10583 5
5899 11671 2
5899 9779 5
5899 3953 5
5899 5358 3
5899 10199 5
5899 10199 5
5899 5557 5
5899 3606 5
5899 8362 5
5899 8349 4
5899 11465 3
5899 3796 5
5899 991 4
5899 3892 5
5899 6962 5
5899 10594 5
5899 9853 5
5899 9666 5
5899 3946 4
5899 5058 5
5899 1329 5
5899 6039 4
5899 5287 5
5899 1021 5
5899 11187 5
5900 5309 5
5900 10294 5
5900 7375 5
5900 4509 5
5900 2499 5
5900 4100 3
5900 6035 4
5900 5489 3
5900 2091 3
5900 9555 4
5900 962 5
5900 925 5
5900 5071 3
5900 985 5
5900 10682 5
5900 3717 5
5900 10136 5
5900 1048 5
5900 9944 5
5900 8310 4
5900 1691 4
5900 1067 3
5900 10022 1
5900 6706 2
5900 8745 5
5900 10238 5
5900 5781 5
5900 4726 4
5900 239 4
5900 9668 5
5900 771 4
5900 180 4
5900 4829 5
5900 1629 2
5900 4673 4
5900 9649 5
5900 9763 5
5900 11347 3
5900 10783 4
5900 3941 4
5900 983 4
5900 638 5
5900 4703 3
5900 5284 2
5900 9676 4
5900 930 4
5900 9411 4
5900 10493 4
5900 5168 1
5900 7506 5
5900 9296 2
5900 10642 5
5900 9605 4
5900 10091 3
5900 4386 4
5900 906 4
5900 8954 4
5900 4559 3
5900 944 2
5900 4288 3
5900 9613 2
5900 994 1
5900 10752 3
5900 9445 1
5900 11708 4
5900 5065 1
5900 6351 5
5900 8856 1
5900 1052 3
5900 10947 5
5900 11308 5
5900 4275 3
5900 3753 2
5900 954 4
5900 1378 5
5900 5343 5
5900 4219 5
5900 10531 4
5900 8519 3
5900 11712 5
5900 1329 5
5900 5370 4
5900 8759 4
5900 10784 5
5900 739 5
5900 306 5
5900 952 5
5900 11056 4
5900 3903 4
5900 3800 4
5900 1493 5
5900 5537 4
5900 11050 3
5900 11410 5
5900 3469 4
5900 1461 5
5900 1042 4
5900 5738 5
5900 9210 3
5900 10524 5
5900 10844 5
5900 1938 5
5900 5318 4
5900 3954 2
5900 3884 5
5900 11372 4
5900 5400 5
5900 4917 1
5900 11127 5
5900 184 5
5900 3913 4
5900 8906 1
5901 3801 5
5901 9219 4
5901 10435 4
5901 8939 3
5901 1002 5
5901 6130 4
5901 10583 5
5902 4634 4
5902 8033 3
5902 10845 4
5902 9741 2
5902 6958 2
5902 7579 4
5902 9296 4
5902 5467 5
5902 1047 5
5902 1048 3
5902 934 3
5902 992 5
5902 3717 4
5902 3882 5
5902 3883 5
5902 4054 4
5902 3117 5
5902 1526 3
5902 9780 2
5902 6562 5
5902 2095 5
5902 11301 4
5902 1515 4
5902 1021 5
5902 8234 4
5902 10485 3
5902 8683 4
5902 10890 5
5902 5391 5
5902 10486 5
5902 5749 5
5902 5347 5
5902 1522 5
5902 5529 5
5902 11674 5
5902 5373 4
5902 10592 4
5902 8500 4
5902 3801 5
5902 5851 4
5902 5403 5
5902 3947 5
5902 9853 5
5902 3863 5
5902 2648 5
5902 9459 5
5902 3892 5
5902 3626 5
5902 5466 5
5902 10995 5
5902 10561 5
5902 3852 5
5902 10857 5
5902 3606 3
5902 910 5
5902 1515 5
5902 3762 5
5902 4632 5
5902 10813 4
5902 4464 5
5902 9491 5
5902 11470 4
5902 10860 4
5902 1365 5
5902 10858 4
5902 962 1
5902 3460 2
5902 5402 5
5902 10497 2
5902 10512 4
5902 1344 5
5903 7248 5
5903 7507 5
5903 994 4
5903 8493 5
5903 10820 5
5903 1365 5
5904 5121 5
5904 10304 5
5904 3790 4
5904 4902 5
5904 5654 3
5904 10012 4
5904 11254 4
5904 5521 4
5904 5059 4
5904 8834 5
5904 5810 5
5904 3870 5
5905 10438 5
5905 3832 5
5905 9827 5
5905 10993 5
5905 5294 5
5906 4634 4
5906 4203 5
5906 3796 5
5906 4788 5
5906 9804 3
5906 9188 5
5906 3951 5
5907 1876 5
5907 3091 5
5907 4056 5
5907 3444 5
5907 934 4
5907 9626 5
5907 10491 3
5907 4636 5
5907 926 4
5907 11244 4
5907 11580 3
5907 9855 5
5907 4788 2
5907 10361 4
5907 4210 3
5907 2590 5
5907 11662 2
5907 2281 5
5907 3501 4
5907 7979 4
5907 8837 5
5907 11183 3
5907 4188 5
5907 2941 5
5907 8351 5
5907 3813 3
5907 7853 5
5907 2636 5
5907 2656 3
5907 11016 3
5907 3853 5
5907 10480 5
5907 3032 5
5907 10343 2
5907 3617 4
5907 9888 5
5907 2363 5
5907 8843 5
5907 4826 5
5907 1466 4
5907 1062 4
5907 3421 5
5907 10994 3
5907 3275 5
5907 1084 3
5907 3388 2
5907 8404 5
5907 8285 3
5907 1067 5
5907 1082 4
5907 1291 4
5907 9535 5
5907 2398 2
5907 3762 5
5907 1060 5
5907 5828 5
5907 10700 1
5907 1101 5
5907 1520 4
5907 3810 5
5907 9851 5
5907 10240 3
5907 3811 5
5907 1054 5
5907 2320 2
5907 9390 5
5907 2323 5
5907 5176 1
5907 3810 5
5907 8846 5
5907 7148 5
5907 622 5
5907 1398 5
5907 2262 4
5907 1054 4
5907 1220 5
5907 2730 5
5907 8830 2
5907 4022 1
5907 4568 1
5907 9234 5
5907 4056 5
5907 10480 5
5907 3884 3
5908 10728 5
5908 3694 5
5908 1241 5
5908 10997 5
5908 8390 5
5908 10919 4
5908 10442 2
5908 4673 3
5909 9624 5
5909 11313 3
5909 9626 4
5909 10915 4
5909 11217 4
5909 1365 5
5909 4634 3
5909 5345 3
5909 5257 2
5910 10243 5
5910 3038 5
5910 3146 2
5910 7546 5
5910 10423 4
5910 3810 5
5910 2670 4
5910 1481 4
5910 6899 4
5910 3871 1
5910 3267 4
5910 10943 5
5910 9054 3
5910 3865 5
5910 1876 5
5911 4949 5
5911 9459 5
5911 10317 5
5911 4135 5
5911 2652 5
5911 1349 5
5911 5112 5
5911 11615 1
5911 9490 5
5911 3785 4
5911 10747 5
5911 1062 5
5911 5226 5
5911 11476 5
5911 4137 4
5911 10554 5
5911 9688 3
5911 3953 4
5911 3623 4
5911 10113 5
5911 5635 2
5911 9393 5
5911 4703 1
5911 8033 5
5911 4675 3
5911 3913 4
5911 4675 5
5911 9478 3
5911 11706 5
5911 3252 5
5912 313 3
5912 4735 5
5912 8720 5
5912 7264 5
5912 7538 4
5912 3814 5
5912 9159 4
5912 5490 4
5913 8634 4
5913 10497 2
5913 11007 5
5913 1344 5
5913 6614 5
5914 9939 4
5914 10961 5
5914 9583 5
5914 2746 5
5914 5311 5
5914 10526 5
5914 11679 5
5914 6551 5
5914 9416 5
5914 11699 3
5914 3059 5
5914 8372 5
5914 5472 4
5914 2713 5
5915 4049 3
5915 5816 5
5915 9087 5
5915 4673 4
5916 1429 4
5916 5362 3
5916 1457 1
5916 10682 2
5916 10504 5
5916 8455 5
5916 11005 1
5916 5579 4
5916 10800 4
5916 9672 1
5916 5403 4
5916 10860 2
5916 455 4
5916 5297 1
5916 5127 4
5916 8820 4
5916 5381 4
5916 9829 3
5916 3801 2
5916 5366 4
5916 5358 4
5916 10557 5
5916 9395 5
5916 5327 4
5916 10727 1
5916 2648 3
5916 946 1
5916 4960 5
5916 11631 4
5916 10427 2
5916 256 1
5916 5368 5
5916 885 4
5916 9826 5
5916 1344 3
5916 10691 5
5916 1426 4
5916 10221 2
5916 3755 2
5916 11469 4
5916 1450 4
5916 10434 1
5916 10512 3
5916 1495 3
5916 3892 5
5916 11434 5
5916 5347 5
5916 3947 5
5916 11692 5
5916 1439 4
5916 10825 4
5916 5223 5
5916 10432 4
5916 7329 5
5916 5474 5
5916 6614 5
5916 9830 5
5916 10420 5
5916 7483 4
5916 218 5
5916 3881 2
5916 3784 5
5916 11326 5
5916 10564 2
5916 5338 5
5916 10501 3
5916 3070 4
5916 10702 3
5916 6961 5
5916 9560 4
5916 5399 2
5917 3790 4
5917 3797 3
5917 1060 4
5917 11373 4
5917 455 5
5917 11631 4
5917 3772 5
5917 10663 5
5918 3949 2
5918 5635 1
5918 5166 1
5918 10127 3
5918 5293 1
5918 3616 4
5918 4690 3
5918 11037 3
5918 10265 5
5918 10846 4
5918 10407 4
5918 5435 5
5918 10321 4
5918 5294 5
5918 3315 2
5918 3329 4
5918 3446 5
5918 3156 5
5919 5265 3
5919 266 5
5919 3871 5
5919 5733 5
5919 934 5
5919 7627 1
5919 327 5
5919 4275 2
5919 4026 5
5920 11243 5
5920 3953 4
5920 11209 4
5920 3913 4
5920 5308 5
5920 5314 1
5920 4628 5
5920 10267 1
5920 975 1
5920 1513 1
5920 9944 4
5920 1517 4
5920 5269 5
5920 9219 1
5920 3156 5
5921 9949 4
5921 837 5
5921 585 5
5921 3797 5
5921 3146 5
5921 1509 5
5921 5520 4
5921 3623 5
5921 814 5
5921 9734 4
5921 5759 4
5921 263 4
5921 1439 4
5921 10116 4
5921 3272 4
5921 4386 4
5921 1047 4
5921 953 5
5921 10153 4
5921 965 4
5921 4935 4
5921 8717 5
5921 997 2
5921 10099 4
5921 11040 4
5921 153 2
5921 4661 4
5921 8759 3
5921 3583 3
5921 5617 4
5921 8428 5
5921 2928 5
5921 868 4
5921 261 4
5922 5520 4
5922 966 5
5922 3913 4
5922 8493 3
5922 3801 5
5922 4634 3
5922 3869 4
5922 857 5
5922 3478 4
5922 2749 5
5923 9443 3
5923 3954 5
5923 2095 5
5923 8243 3
5923 8405 5
5923 3156 5
5923 10612 3
5923 3945 4
5923 3606 4
5923 1048 5
5923 306 4
5923 981 1
5923 3946 5
5923 8738 5
5923 5579 5
5923 1509 3
5923 4616 4
5923 3750 2
5923 10367 5
5923 1021 5
5923 3444 5
5924 3749 5
5924 5058 2
5924 5301 2
5924 4771 5
5924 4054 2
5924 9446 1
5924 4634 3
5924 5314 1
5924 10793 1
5924 5322 1
5924 4833 4
5924 11691 5
5925 1349 4
5925 10920 3
5925 11039 4
5925 11037 5
5925 3620 4
5925 3949 5
5925 1044 5
5925 4788 5
5925 1457 4
5925 1485 4
5925 9771 4
5925 8362 4
5925 5166 2
5925 10122 1
5925 5467 3
5925 9395 4
5925 5383 5
5925 985 4
5925 3620 3
5926 2749 4
5926 9505 4
5926 11341 4
5926 3606 5
5926 830 2
5926 8242 3
5926 8402 5
5927 638 4
5927 4631 4
5927 1002 4
5927 3913 4
5927 4135 4
5927 4022 4
5927 934 4
5927 3869 4
5927 1329 5
5927 7734 4
5927 1067 4
5927 1001 4
5927 10458 3
5927 4595 2
5927 816 3
5927 3929 4
5927 2095 5
5927 4634 5
5927 9189 4
5927 10844 4
5927 5183 4
5927 3944 4
5927 3801 5
5927 4135 4
5927 5298 4
5927 6770 4
5927 1509 4
5927 4788 4
5927 9458 5
5927 5112 4
5927 4834 4
5927 994 5
5927 8322 4
5927 1021 4
5927 4784 4
5927 11669 3
5927 9147 5
5927 3583 4
5928 10200 5
5928 5338 5
5928 3738 5
5928 5402 5
5929 111 5
5929 10628 3
5929 10968 2
5929 5546 2
5929 11434 5
5929 3480 5
5929 10465 1
5929 8738 4
5929 11386 4
5929 5780 3
5929 5473 1
5929 1629 3
5929 9883 3
5929 11242 3
5929 5472 4
5929 11652 4
5929 11575 4
5929 11387 5
5929 11150 4
5929 3892 5
5930 934 4
5930 11570 4
5930 5379 5
5930 3388 4
5930 550 5
5930 10919 5
5930 5932 1
5930 5188 3
5930 6193 1
5930 10297 5
5930 7148 5
5930 10000 4
5930 9587 4
5930 1445 5
5930 9850 5
5930 8462 3
5930 2404 1
5930 11026 3
5930 4212 5
5930 9543 5
5930 2264 5
5930 8210 5
5930 8008 5
5930 6662 5
5930 7203 4
5930 9912 5
5930 3032 4
5930 5720 1
5930 10624 4
5930 4216 1
5930 11531 4
5930 1054 1
5930 9981 4
5930 2726 4
5930 2395 4
5930 377 5
5930 7966 4
5930 11413 5
5930 3422 5
5930 1502 5
5930 10833 4
5930 1411 5
5930 4708 5
5930 1466 4
5930 972 5
5930 3810 5
5930 3773 2
5930 1070 4
5930 4850 4
5930 3478 5
5930 655 5
5930 3108 4
5930 10885 3
5930 5441 3
5930 3870 4
5930 1434 1
5930 9142 4
5930 5787 5
5930 5557 4
5930 2943 2
5930 1522 4
5930 638 5
5930 3755 4
5930 978 3
5930 10583 5
5930 9086 3
5930 1503 3
5930 3044 4
5930 5496 5
5930 3863 5
5930 3393 3
5930 9361 4
5930 10594 5
5930 3606 4
5930 9212 1
5930 9491 5
5930 9599 4
5931 3861 5
5931 807 4
5931 2701 5
5931 9626 5
5931 9330 5
5931 9385 5
5931 2095 5
5931 5550 5
5931 857 5
5931 4135 3
5931 11710 5
5931 990 5
5931 5112 5
5931 10366 4
5931 9459 3
5931 9557 2
5931 9858 5
5931 3873 3
5931 5360 5
5931 3860 5
5931 10756 4
5931 9493 5
5931 3950 5
5931 5597 5
5931 3943 4
5931 10248 5
5931 11675 4
5931 3606 5
5931 11009 5
5931 4673 5
5931 9992 1
5931 10826 4
5931 9489 4
5931 4917 4
5931 7753 5
5931 3947 5
5931 11470 4
5931 9625 2
5931 10032 4
5931 1349 5
5931 9623 5
5932 9417 5
5932 5131 4
5932 10928 5
5932 5847 2
5933 1490 5
5933 10848 4
5933 8534 4
5934 9825 4
5934 5228 4
5934 10487 2
5934 1329 5
5935 9189 5
5935 7608 5
5935 11643 2
5935 3108 3
5935 4406 2
5935 11495 5
5936 11529 5
5936 9913 4
5936 7905 5
5936 1329 4
5937 5579 4
5937 11659 4
5937 4627 5
5937 2263 4
5937 3790 5
5937 3773 5
5937 10014 4
5937 11416 5
5937 341 4
5937 2290 4
5937 6968 4
5937 1466 2
5937 10513 4
5937 8284 4
5937 9936 3
5937 8168 3
5937 5994 4
5937 10147 4
5937 2395 4
5937 10361 5
5937 2730 4
5937 1261 4
5937 5932 5
5937 9935 2
5937 4842 4
5937 3405 3
5937 3686 4
5937 9484 4
5937 6935 5
5937 1599 4
5937 1501 5
5937 3416 4
5937 1075 5
5937 10221 3
5937 2174 1
5937 10483 1
5937 645 4
5937 10803 4
5937 8758 3
5937 363 4
5937 6159 4
5937 900 5
5937 10230 5
5937 3810 4
5937 130 3
5937 10466 5
5937 10878 4
5937 1002 1
5937 1049 2
5937 4395 2
5937 5481 2
5937 947 3
5937 5733 3
5937 3053 4
5937 327 3
5937 9064 5
5937 1450 4
5937 3930 5
5937 1506 2
5937 3884 4
5937 1042 3
5937 1457 1
5937 3119 4
5937 974 3
5937 9523 5
5937 6632 4
5937 5128 5
5937 11487 1
5937 3954 1
5938 1444 1
5938 5337 5
5938 3777 5
5938 10803 5
5938 5472 5
5938 6947 5
5938 8362 4
5938 10251 3
5938 10237 5
5938 934 5
5938 5482 4
5938 4935 4
5938 9411 5
5938 5766 5
5938 4396 5
5938 9395 5
5938 3155 5
5938 5780 4
5938 9495 5
5938 4275 4
5938 4673 3
5938 3208 4
5938 3156 5
5938 3444 5
5938 9212 1
5938 2893 4
5938 8287 2
5938 5307 5
5938 3478 5
5938 5071 4
5938 11143 5
5938 1365 5
5938 10669 4
5938 11020 4
5938 5720 5
5938 3645 5
5938 638 5
5938 9872 5
5938 11662 4
5938 10450 5
5938 10994 5
5938 2168 5
5938 2194 5
5938 3091 2
5938 6380 3
5938 9946 4
5938 7533 5
5938 5257 4
5938 4784 4
5938 3738 5
5939 3861 5
5939 6129 5
5939 1241 5
5939 4914 4
5939 6562 5
5939 5850 5
5939 3156 4
5939 1062 5
5939 11434 5
5939 4019 3
5939 9459 5
5939 10403 5
5939 10498 4
5939 2269 5
5940 322 5
5940 2365 1
5940 2941 5
5940 4161 2
5940 3462 5
5940 3762 5
5940 4412 5
5940 2932 1
5940 4700 5
5941 10091 5
5941 11678 2
5941 8565 5
5941 3443 4
5941 4056 5
5942 4619 4
5942 104 1
5942 313 4
5942 1332 5
5942 3593 4
5942 5624 5
5942 10313 5
5942 10442 5
5942 1329 4
5943 791 4
5943 3846 5
5943 10312 5
5943 93 4
5943 3089 4
5943 5159 4
5943 4717 5
5943 4393 3
5943 10662 5
5943 8815 5
5943 9347 5
5943 997 5
5944 9944 5
5944 9614 5
5944 4386 3
5944 10608 3
5945 5232 2
5945 9613 3
5945 3606 5
5945 1076 4
5945 11369 5
5945 4589 5
5945 10227 5
5945 1957 2
5945 1018 1
5945 4628 5
5946 4835 4
5946 1215 3
5946 2431 2
5946 2236 1
5946 2597 4
5946 4836 4
5946 9681 4
5946 4818 5
5946 4034 5
5946 686 4
5946 2091 5
5946 1154 3
5947 5205 5
5947 9858 4
5947 3625 5
5947 8602 1
5947 10120 5
5948 5112 5
5948 857 5
5948 3315 4
5948 11684 5
5948 8954 3
5948 3884 5
5948 5776 3
5948 4673 1
5948 2709 3
5948 3645 5
5948 10886 5
5948 11485 1
5948 10778 3
5948 5042 4
5948 5617 2
5948 9274 5
5948 10491 2
5948 4135 5
5948 3905 1
5948 10932 5
5948 10321 2
5949 4254 2
5949 3796 5
5949 3108 4
5949 900 5
5949 3615 5
5949 9173 4
5949 3860 2
5949 8808 5
5949 3949 5
5949 5746 4
5949 5441 5
5949 3420 3
5949 9677 3
5949 5663 5
5949 934 5
5949 10735 4
5949 10397 5
5949 2618 4
5949 9210 1
5949 5222 2
5949 6386 4
5949 3581 5
5950 1701 4
5950 853 3
5950 1743 2
5950 4977 4
5950 3833 3
5950 6858 1
5950 11420 3
5950 1070 5
5950 7850 5
5950 8808 2
5950 8943 4
5950 5509 5
5950 781 3
5950 3859 5
5950 7832 5
5950 5589 2
5950 10412 1
5950 890 5
5950 8553 4
5950 5076 3
5950 56 5
5950 10103 5
5950 10674 1
5950 3882 4
5950 684 4
5950 1059 2
5950 3581 4
5950 8516 4
5950 814 3
5950 900 4
5950 978 4
5950 6586 5
5950 1051 5
5950 3763 4
5950 3889 4
5950 9775 4
5950 10932 5
5950 1013 3
5950 11316 5
5950 10760 4
5950 1068 4
5950 4787 5
5950 143 4
5950 5481 1
5950 9435 5
5950 934 5
5950 8350 4
5950 1365 5
5950 9741 3
5950 8299 1
5950 10839 5
5950 8945 5
5950 2874 5
5950 11493 5
5950 5663 5
5950 3457 5
5950 3419 4
5950 5139 4
5950 729 2
5950 3050 5
5950 5582 2
5950 763 4
5950 10073 5
5950 10979 5
5951 11381 5
5951 3913 3
5951 1515 3
5951 3948 4
5951 4784 1
5951 8633 5
5952 4294 5
5952 5664 3
5952 3685 1
5952 4829 5
5952 9092 5
5952 844 5
5952 4040 5
5952 1005 2
5952 4863 5
5952 5473 3
5952 191 1
5952 7342 5
5952 9035 3
5952 3701 1
5952 1029 5
5952 5048 3
5952 10496 1
5953 11208 4
5953 4784 2
5953 11158 3
5953 8514 5
5953 4657 4
5953 7208 5
5953 7751 5
5953 10334 3
5953 1876 5
5953 1411 5
5953 9944 5
5954 10781 5
5954 4787 5
5954 1876 5
5954 1093 5
5954 5220 4
5954 6586 5
5954 10426 5
5954 955 5
5954 3941 4
5954 4784 4
5954 1960 4
5954 4400 5
5954 9741 4
5954 1067 4
5954 8054 5
5954 936 5
5954 4639 4
5954 924 5
5954 10300 5
5954 3884 5
5954 5890 5
5954 1493 5
5954 8124 4
5954 7885 5
5954 1490 5
5954 945 5
5954 8742 3
5954 993 5
5954 11404 5
5954 10563 5
5954 8122 5
5954 4834 5
5954 1516 5
5954 954 5
5954 910 5
5954 3315 2
5954 2746 4
5955 1329 5
5955 7712 4
5955 5355 4
5955 3867 2
5955 1520 3
5955 3879 3
5955 2749 3
5955 2712 4
5955 3252 5
5955 5833 4
5956 304 4
5956 5822 4
5956 4141 5
5956 4660 4
5956 9623 5
5956 9207 3
5956 5611 4
5956 8686 2
5956 3927 2
5956 10261 5
5956 11419 4
5956 3913 4
5956 11640 3
5956 5814 4
5956 11613 5
5956 7998 5
5957 10661 4
5957 10076 4
5957 11158 2
5957 3439 5
5957 3041 5
5957 2266 4
5957 3797 4
5957 10784 5
5957 10978 5
5957 9779 5
5957 3878 2
5957 7608 5
5957 11497 1
5957 9527 4
5957 7546 5
5957 5525 3
5957 10023 4
5957 2709 4
5957 9135 5
5957 3195 4
5957 810 4
5957 2329 4
5957 10359 4
5957 411 5
5957 2662 4
5957 10604 4
5957 3108 4
5957 4271 5
5957 9763 2
5957 9179 4
5957 2373 5
5957 5595 4
5957 9054 1
5957 1876 3
5957 1060 3
5957 1551 4
5957 9486 5
5957 1101 4
5957 1084 4
5957 10786 3
5957 2648 5
5957 3869 4
5957 8495 4
5957 8682 3
5957 4547 4
5957 11333 4
5957 7568 5
5957 1042 4
5957 11446 3
5957 4094 5
5957 11415 2
5957 3761 5
5957 1052 4
5957 974 3
5957 7969 5
5957 5593 4
5957 10713 4
5957 11442 4
5957 9376 4
5957 3908 3
5957 9444 4
5957 1365 4
5957 1026 5
5957 1522 4
5957 284 2
5957 1468 4
5957 8898 2
5957 7503 5
5957 4748 3
5957 992 2
5957 3617 4
5957 5579 4
5957 2616 5
5957 184 3
5957 1012 4
5957 1055 5
5957 5441 3
5957 4565 4
5957 266 4
5957 969 4
5957 1516 4
5957 10175 4
5957 5997 2
5957 9668 4
5957 550 4
5957 514 4
5957 10431 5
5957 3583 3
5957 8640 3
5957 1067 5
5957 8160 4
5957 4019 2
5957 8216 5
5957 9903 4
5957 964 4
5957 3275 4
5957 994 4
5957 7664 4
5957 4794 5
5957 11027 5
5957 2005 4
5957 9741 4
5957 6846 5
5957 1407 5
5957 3949 4
5957 1467 4
5957 1450 3
5957 906 3
5957 956 4
5957 4627 5
5957 3790 4
5957 1462 3
5957 9173 3
5957 10843 2
5957 2885 4
5957 903 5
5957 954 5
5957 3927 3
5958 3530 4
5958 313 4
5958 309 4
5958 1158 5
5958 816 3
5958 5307 4
5958 5170 3
5958 2095 5
5958 8505 4
5958 892 3
5958 9218 5
5958 1241 5
5958 4634 4
5958 3054 5
5958 4135 4
5958 8122 4
5958 4785 4
5958 3252 5
5958 3870 5
5958 1466 5
5958 9321 5
5958 10687 5
5958 1349 1
5958 7734 3
5958 8220 5
5958 2252 5
5958 5524 5
5958 3950 5
5958 10987 5
5958 10988 5
5959 5409 5
5959 3583 4
5959 4234 5
5960 10478 4
5960 10939 3
5960 1442 4
5960 3801 5
5960 9745 4
5960 8362 5
5960 10129 5
5960 11039 4
5960 2095 5
5960 10472 4
5960 3620 4
5961 3934 5
5961 919 5
5961 881 5
5961 10021 1
5961 1884 1
5961 3610 3
5961 3967 3
5961 5409 5
5961 896 5
5961 2901 4
5961 862 5
5961 1479 3
5961 1043 5
5961 1503 2
5961 3104 5
5961 3093 5
5961 10761 4
5961 5822 5
5961 918 2
5961 1003 1
5961 1462 5
5961 1629 4
5961 3445 5
5961 954 4
5961 3768 5
5961 5808 5
5961 3773 5
5961 3849 4
5961 8274 5
5961 2700 4
5961 10504 3
5961 3905 5
5962 10753 5
5962 11710 5
5962 3447 4
5962 5833 4
5962 812 4
5962 8954 4
5962 9780 2
5962 3940 4
5962 3469 4
5962 9785 3
5962 6664 1
5962 7506 4
5962 9237 2
5962 5585 5
5962 3208 4
5962 10475 3
5962 8500 5
5962 4135 3
5962 9741 4
5962 8033 4
5962 3801 5
5962 5633 5
5962 8495 4
5962 1515 4
5962 5324 4
5962 10506 5
5962 4690 3
5962 10792 2
5962 5335 2
5962 918 3
5962 5733 4
5962 10791 3
5962 10793 3
5962 10251 4
5962 10127 3
5962 947 3
5962 4673 2
5962 11326 3
5963 2749 5
5963 8504 5
5963 6784 4
5963 10168 4
5963 8227 4
5963 8779 5
5963 10702 4
5963 2652 5
5963 6041 4
5963 10270 4
5963 9698 4
5963 257 2
5963 10290 2
5963 5253 2
5963 4406 2
5963 2417 4
5963 6182 5
5963 8198 4
5963 9993 4
5963 11548 4
5964 9351 4
5964 2718 4
5964 11026 3
5964 5810 4
5964 3778 2
5964 2395 5
5964 3813 4
5964 5741 4
5964 10721 3
5964 3398 4
5964 10232 3
5964 2262 3
5964 6682 4
5964 4748 4
5964 638 4
5964 2722 4
5964 1060 5
5965 5080 5
5965 3985 4
5965 4690 3
5965 3782 4
5965 7544 4
5965 3872 4
5965 4026 4
5966 3919 5
5966 4203 5
5966 11041 3
5966 5850 5
5966 3875 3
5966 3782 5
5966 10755 5
5966 1526 5
5966 9834 3
5966 4033 5
5966 2919 4
5966 5383 4
5966 3478 5
5966 10479 4
5966 11465 5
5966 3951 5
5966 5460 5
5966 10248 5
5966 5851 4
5966 11706 5
5966 9677 5
5966 3718 5
5966 3881 3
5966 1776 5
5966 11641 5
5966 5828 5
5966 5816 4
5966 10309 3
5966 3156 4
5966 6863 4
5966 857 5
5966 3127 4
5966 10770 5
5967 2093 3
5967 4353 5
5967 7966 4
5967 1029 2
5967 7992 5
5967 8637 3
5967 9235 4
5967 11405 5
5967 1013 3
5967 11094 5
5967 932 5
5967 9179 5
5967 9205 4
5967 3194 5
5967 943 2
5967 8681 1
5967 485 5
5967 5530 5
5967 2329 1
5967 9969 4
5967 9613 4
5967 10421 3
5967 10238 3
5967 1067 4
5967 9781 4
5967 10640 4
5967 8815 5
5967 145 5
5967 181 5
5967 11443 5
5967 5536 5
5967 7328 4
5967 4005 3
5967 4244 4
5967 1320 5
5967 8973 5
5967 4933 4
5967 5564 5
5967 10637 5
5967 5451 5
5967 5318 1
5967 10850 5
5967 5246 5
5967 299 5
5967 10576 5
5967 7740 5
5967 9616 4
5967 10644 4
5967 10638 5
5967 10517 4
5967 4244 4
5967 10852 5
5967 8634 3
5967 9085 2
5967 4290 4
5967 8782 5
5967 7249 4
5967 2052 4
5967 5070 3
5967 4047 2
5967 9434 4
5967 5539 4
5967 7073 4
5967 7759 4
5967 181 5
5967 8993 2
5967 9454 5
5967 8815 5
5967 10237 4
5967 181 5
5967 145 4
5967 6706 3
5967 1444 5
5967 11443 4
5967 5272 5
5967 9465 5
5967 5564 5
5967 1067 4
5967 10344 3
5967 10039 3
5967 8543 3
5967 5188 4
5967 5810 5
5967 11695 3
5967 968 4
5967 9276 1
5967 2689 3
5967 4710 5
5967 9234 4
5967 1960 2
5967 1084 5
5967 5286 4
5967 1629 4
5967 5170 3
5967 10413 5
5967 1375 5
5967 8028 4
5967 4565 3
5967 1076 4
5967 10464 4
5967 1075 3
5967 10807 4
5967 3754 4
5967 9103 4
5967 7743 4
5967 10889 5
5967 9517 3
5967 5395 5
5967 9601 4
5967 10397 4
5967 8495 5
5967 10888 5
5967 10786 5
5967 10891 5
5967 5335 1
5967 5537 5
5967 947 2
5967 2045 4
5967 906 4
5967 952 5
5967 8505 3
5967 11028 4
5967 10526 4
5967 9820 5
5967 10813 5
5967 11023 5
5968 9083 5
5968 5246 5
5968 5478 5
5968 5998 1
5968 220 5
5968 9205 5
5968 5339 2
5968 1442 4
5968 3182 5
5968 10278 5
5968 8199 5
5968 8096 5
5968 5305 5
5968 9418 5
5968 763 5
5968 10903 5
5968 9617 4
5968 4074 1
5968 1461 1
5968 5473 2
5968 4057 2
5968 2831 2
5968 908 4
5968 3987 1
5968 8493 5
5968 1349 1
5968 2052 2
5968 862 2
5968 10573 5
5968 5445 4
5968 5058 1
5968 7232 5
5968 9378 2
5969 10499 5
5969 3952 5
5969 5355 5
5970 11476 4
5970 11393 5
5970 4135 4
5970 4784 5
5970 845 3
5971 978 5
5971 966 5
5971 934 5
5972 10778 5
5972 3949 5
5972 1021 5
5972 3954 4
5972 10366 4
5972 3949 3
5972 6562 5
5972 8493 5
5972 3949 3
5973 1572 5
5973 1329 5
5973 3796 5
5973 9491 5
5973 4189 4
5973 7160 5
5973 3852 5
5973 3797 5
5973 3146 5
5973 4135 4
5973 11494 5
5973 11283 5
5973 4949 5
5973 3943 5
5973 9672 5
5973 3946 4
5973 9332 3
5973 9332 5
5973 5355 5
5973 11339 4
5973 11339 4
5973 10629 5
5973 857 5
5973 1021 5
5973 3796 5
5974 990 4
5974 3606 4
5974 5080 5
5974 5733 5
5975 9145 4
5975 5041 4
5975 11658 3
5975 1493 4
5975 4056 5
5975 10136 3
5975 11046 3
5975 10914 2
5975 9281 3
5975 3446 4
5975 3766 2
5975 3861 4
5975 10766 5
5975 9775 4
5975 10308 5
5975 1481 3
5975 9771 1
5975 11486 1
5975 1440 5
5975 9740 3
5975 3798 5
5975 7373 5
5975 11396 4
5975 3094 5
5975 5756 5
5975 11516 4
5976 7965 5
5976 4670 5
5976 9136 5
5976 9142 4
5976 9139 5
5976 9140 5
5976 3352 4
5976 7712 5
5977 7222 5
5977 341 5
5977 1853 5
5977 5467 5
5977 4022 5
5977 3770 5
5978 3796 5
5978 4685 5
5978 3804 5
5978 1526 5
5978 11257 2
5978 2194 4
5978 3379 5
5978 3146 5
5979 10559 4
5979 954 4
5979 6141 4
5980 10440 4
5980 6865 1
5980 10082 1
5980 8652 2
5980 6108 4
5980 6562 5
5980 5310 4
5980 934 1
5980 5466 4
5980 3775 5
5980 10964 5
5980 974 1
5980 922 1
5981 8087 4
5981 10856 5
5981 10082 5
5981 11661 5
5981 1776 4
5981 11220 5
5981 4135 5
5982 10536 2
5982 857 5
5982 4436 3
5982 3801 5
5982 1002 3
5982 3796 5
5982 4629 5
5982 3393 5
5982 4634 3
5982 934 5
5982 10950 2
5982 10832 4
5982 5321 4
5982 5312 4
5983 3966 5
5983 154 5
5983 5411 5
5983 10294 5
5983 5507 5
5983 5340 4
5983 8380 5
5983 4048 1
5983 3445 3
5983 11289 2
5983 8322 5
5983 3928 5
5983 5809 5
5983 10902 5
5983 9463 4
5983 5112 5
5983 11433 4
5983 7579 4
5983 2691 4
5983 5197 3
5983 6633 4
5983 1389 5
5983 6634 4
5983 5228 4
5983 10254 5
5983 6595 4
5983 8117 4
5983 6629 4
5983 3146 5
5983 7749 4
5983 11687 5
5983 1107 5
5983 1629 4
5983 1099 4
5983 955 4
5983 6618 5
5983 6356 4
5983 4630 5
5983 1067 4
5983 8742 4
5983 1481 4
5983 3944 4
5983 4234 4
5983 1344 5
5983 10473 5
5983 11708 4
5983 7233 4
5983 5253 4
5983 2243 4
5983 11352 3
5983 9099 4
5983 10769 3
5983 1439 5
5983 885 5
5983 3756 5
5983 1876 5
5983 10917 4
5983 6638 4
5983 10136 5
5983 10505 5
5983 1516 4
5983 5220 4
5983 802 5
5983 9772 5
5983 10733 5
5983 4597 2
5983 10488 2
5983 5175 4
5983 9207 5
5983 5835 4
5983 9800 4
5983 10604 3
5983 5782 2
5983 3749 5
5983 3869 4
5983 808 5
5983 327 4
5983 5833 5
5983 3460 3
5983 862 5
5983 10947 5
5983 10010 4
5983 1302 4
5983 2690 4
5983 3849 5
5983 5229 4
5983 1524 5
5983 1049 4
5983 5228 5
5983 1959 5
5983 6631 5
5983 906 5
5983 3113 5
5983 3621 5
5983 749 4
5983 11376 5
5983 10509 4
5983 10487 4
5983 8959 4
5983 7692 4
5983 10789 4
5983 485 4
5983 6039 5
5983 1485 5
5983 934 4
5983 5611 5
5983 5226 4
5983 3739 4
5983 11393 4
5983 1512 4
5983 8671 4
5983 9101 4
5983 4899 5
5983 5228 4
5983 9487 4
5983 6186 5
5983 1444 5
5983 1521 5
5983 1329 5
5983 1052 5
5983 5370 4
5983 3748 4
5983 954 2
5983 4394 4
5983 3884 4
5983 10483 4
5983 4056 5
5983 11029 5
5983 4050 4
5983 10321 5
5983 7505 4
5983 6675 5
5983 10653 4
5983 1506 5
5983 1042 4
5983 10461 5
5983 5890 5
5983 10894 5
5983 6618 4
5983 9129 4
5983 10380 5
5984 2648 5
5984 3794 5
5984 1522 5
5984 3422 5
5984 389 4
5984 1062 5
5984 1466 5
5984 5177 5
5984 8227 5
5985 5597 4
5985 4673 2
5985 6633 4
5985 11217 4
5985 1450 4
5985 7505 4
5985 5324 1
5985 4917 2
5985 1607 2
5985 6664 1
5985 3680 4
5985 906 5
5985 3208 2
5985 10932 5
5985 6386 3
5985 3905 5
5985 1440 5
5986 8220 5
5986 10905 5
5986 9751 5
5986 1021 5
5987 643 4
5987 4220 3
5987 4634 4
5987 3949 5
5987 10321 5
5987 10127 4
5987 10411 5
5987 3770 5
5987 6749 4
5987 11684 5
5987 5300 4
5987 3108 3
5987 8499 4
5987 5071 5
5987 3447 5
5987 5400 5
5987 5000 4
5987 3796 5
5987 845 4
5987 10522 5
5987 995 5
5987 9296 4
5987 10918 5
5988 9847 4
5988 3582 5
5988 10299 4
5988 9139 5
5988 8612 4
5988 8612 4
5988 9140 5
5988 9140 5
5988 4965 5
5988 9140 5
5989 2263 4
5989 5467 4
5989 1043 5
5989 6946 5
5989 9617 2
5989 3801 4
5989 8232 4
5990 6961 5
5990 3952 5
5990 3117 3
5990 11655 3
5990 11259 5
5990 3952 4
5991 4208 5
5991 3107 4
5991 84 5
5991 1049 4
5991 11397 4
5991 10846 5
5991 5057 5
5991 8738 5
5991 4162 5
5991 10204 5
5991 10011 5
5991 11678 4
5992 11344 5
5992 4434 5
5992 8524 2
5993 9820 5
5993 5400 5
5993 3060 5
5993 2618 5
5993 9411 3
5993 2944 5
5993 2945 4
5993 11411 5
5993 8493 4
5993 11057 5
5993 10460 1
5994 5111 5
5994 3903 3
5994 994 5
5994 5135 2
5994 5646 5
5994 4964 2
5994 3954 5
5994 10084 2
5995 10635 4
5995 4834 5
5995 814 5
5995 9342 5
5995 10476 5
5995 3801 5
5995 3756 5
5995 6961 4
5995 979 5
5995 860 1
5995 8362 4
5995 934 4
5996 9702 1
5996 9795 5
5996 3462 5
5996 10026 4
5996 1928 5
5996 3329 4
5996 11372 2
5996 5226 4
5996 4788 2
5996 10699 1
5996 8993 1
5996 7505 1
5996 9638 3
5996 6707 2
5996 5305 4
5996 8752 1
5996 8534 4
5996 1733 4
5996 5108 4
5996 8777 1
5996 1457 1
5996 10022 3
5996 11069 2
5997 9085 3
5997 5274 5
5997 327 4
5997 9930 5
5997 1049 4
5997 10420 4
5997 6771 5
5997 1017 5
5997 11426 5
5997 6994 5
5998 5565 4
5998 5930 4
5998 10336 5
5998 906 2
5998 4726 4
5998 638 5
5998 3583 1
5998 4400 2
5998 4829 1
5998 1462 3
5998 5229 4
5998 3621 4
5998 8062 2
5998 5397 1
5998 1467 1
5998 860 5
5998 4826 3
5998 3428 4
5998 1067 2
5998 10922 2
5998 5397 2
5998 3329 5
5998 1467 1
5999 977 3
5999 10825 4
5999 3922 5
6000 9399 5
6000 5243 3
6000 11078 4
6000 10275 2
6000 934 5
6000 917 5
6000 1493 3
6000 3717 5
6000 992 5
6000 1511 5
6000 4703 2
6000 5890 5
6000 3887 4
6000 946 5
6000 3310 5
6000 5058 5
6000 5318 5
6000 11672 4
6000 9773 4
6000 3783 3
6000 5776 4
6000 1492 4
6000 10091 4
6000 1522 4
6000 4216 3
6000 3927 2
6000 1515 4
6000 9771 5
6000 4385 5
6000 1733 5
6000 3627 2
6000 3620 2
6000 4135 5
6000 11010 5
6000 1020 5
6000 9323 5
6000 5733 4
6000 11023 4
6000 10836 5
6000 1515 5
6000 3934 5
6001 5546 3
6001 3985 5
6001 2478 5
6002 934 4
6002 11411 4
6002 2652 5
6002 5310 5
6002 3801 5
6002 2752 5
6002 5042 5
6002 5315 5
6002 2749 5
6002 8234 3
6002 2746 2
6003 11631 5
6003 8237 4
6003 1462 5
6003 978 5
6003 10227 5
6003 979 5
6003 11017 5
6003 9665 4
6003 9240 5
6003 10476 5
6003 3091 5
6003 9933 5
6003 1444 5
6003 1522 4
6003 9743 5
6003 8499 3
6003 5363 4
6003 9459 4
6003 5579 5
6003 1083 5
6003 1021 3
6003 8495 2
6003 8234 5
6003 10912 1
6003 1438 2
6003 2093 5
6003 10986 5
6003 4545 4
6003 6965 5
6003 5222 5
6003 10928 4
6003 4354 1
6003 6994 5
6003 7966 4
6003 3892 2
6003 2602 5
6003 6041 4
6003 1003 2
6003 3478 5
6003 8500 5
6003 10129 4
6003 4216 5
6003 934 5
6003 11005 4
6003 3852 5
6003 2252 4
6003 10707 5
6003 3808 5
6003 8362 5
6003 9491 5
6003 3801 5
6003 10479 4
6003 10508 2
6003 2558 5
6003 4634 5
6003 10888 4
6003 6961 4
6003 4272 3
6003 1453 4
6003 2941 5
6003 1466 5
6004 10161 5
6004 943 2
6004 1518 4
6004 7579 4
6004 3737 5
6004 3776 1
6004 5579 2
6004 8291 3
6004 10671 5
6004 4960 4
6004 892 5
6004 7483 2
6004 2093 5
6004 974 2
6004 6791 4
6004 9993 5
6004 1034 4
6004 645 3
6004 7559 4
6004 7192 4
6004 9411 5
6004 5738 4
6004 8717 4
6004 948 4
6004 4135 4
6004 4536 5
6004 8633 5
6004 7460 5
6004 3404 2
6005 5657 3
6005 9002 2
6005 6857 5
6005 3329 5
6005 7519 5
6005 11664 1
6005 1870 4
6005 943 1
6005 5205 5
6005 6352 5
6006 11487 4
6006 2367 5
6006 3127 4
6007 9493 5
6007 5294 5
6007 2749 5
6007 10409 4
6007 5009 4
6007 4509 5
6007 8500 5
6007 2704 5
6007 4400 4
6007 9423 5
6007 5383 5
6007 10916 3
6007 3801 4
6007 11427 5
6007 7505 5
6007 11307 5
6007 7192 5
6007 10806 5
6007 1492 4
6007 6019 5
6007 9741 4
6007 11661 4
6007 1439 5
6007 4135 5
6007 3950 5
6007 3697 5
6008 772 5
6008 1067 2
6008 3797 4
6008 2589 3
6008 3870 3
6008 10854 4
6008 5545 4
6008 7546 5
6008 10086 5
6008 10820 4
6008 484 4
6008 10943 4
6008 3875 2
6008 3267 4
6008 898 4
6008 3790 4
6008 10774 4
6008 3041 4
6008 6682 4
6008 1462 4
6008 8664 5
6008 10845 3
6008 990 3
6008 10219 3
6008 10113 2
6008 3581 4
6008 7153 4
6008 3420 5
6008 9853 5
6008 7547 5
6008 11408 5
6008 4149 5
6009 3944 5
6009 9519 1
6009 9704 5
6009 57 5
6009 327 5
6009 10461 5
6009 5163 4
6010 919 4
6010 3594 5
6010 9866 3
6010 1501 5
6010 5407 4
6010 9614 5
6010 589 5
6011 1067 5
6011 1067 5
6011 10607 5
6011 1067 5
6011 8033 4
6011 3469 4
6011 1084 5
6011 1496 4
6011 1067 5
6011 995 5
6011 10824 4
6011 1067 5
6011 3801 5
6011 5584 5
6011 7427 4
6011 10386 5
6011 1478 5
6011 1067 5
6011 1067 4
6011 1067 4
6011 1060 3
6011 10672 4
6011 4849 5
6011 3913 5
6011 3803 5
6011 2648 4
6011 10466 5
6011 2618 5
6011 8500 5
6011 3985 5
6011 1067 4
6012 4336 5
6012 7608 4
6012 5620 2
6012 9611 5
6012 4143 5
6012 8399 2
6012 5142 5
6012 9330 1
6012 11274 4
6012 514 5
6012 6367 5
6012 5109 4
6012 6795 4
6012 11548 5
6012 6939 3
6012 3659 5
6012 3776 4
6012 4353 4
6012 7716 2
6012 11620 4
6012 7212 5
6012 7209 5
6012 4333 3
6012 11442 4
6012 1440 5
6012 4358 3
6012 8779 4
6012 10824 4
6012 8336 5
6012 6569 5
6012 11415 3
6013 4473 5
6013 8242 5
6013 9236 3
6013 11649 5
6013 4788 5
6013 3796 5
6013 1048 4
6013 5232 3
6013 2252 5
6013 10434 1
6013 1495 4
6013 11609 5
6013 3863 5
6013 934 5
6013 3606 4
6013 4673 2
6013 10497 4
6013 5223 4
6013 1426 3
6013 4949 5
6013 981 5
6013 10908 4
6013 5498 5
6013 5347 4
6013 3953 4
6013 10118 5
6013 10435 5
6013 4634 3
6013 11417 1
6013 3801 4
6013 10802 4
6013 10898 4
6013 3745 4
6013 11342 2
6013 3948 4
6013 3952 5
6013 5362 4
6014 11575 4
6014 11150 5
6014 8353 2
6014 8409 4
6014 4216 1
6014 4764 4
6014 8327 5
6015 7247 4
6015 3936 5
6015 8908 5
6016 11641 5
6016 5851 4
6016 11257 5
6017 9462 5
6017 10381 4
6017 4706 2
6017 4230 5
6017 4524 5
6017 4219 5
6017 10748 1
6017 9741 5
6017 181 5
6017 1457 2
6017 3765 5
6017 6515 5
6017 835 5
6017 10274 5
6017 1723 4
6017 8511 4
6017 9101 5
6017 3947 5
6017 5373 2
6017 10593 5
6017 944 5
6017 9771 5
6017 5997 4
6017 5226 3
6017 1042 5
6017 327 3
6017 3659 5
6017 5467 3
6017 4788 2
6017 4275 4
6017 3726 1
6017 4993 1
6017 1515 5
6017 10636 5
6017 10096 5
6017 8197 1
6017 7911 5
6017 10768 5
6018 3760 5
6018 3156 5
6018 4050 5
6018 1461 5
6018 3801 5
6019 10118 4
6019 10230 5
6019 5299 5
6019 11461 4
6019 9674 2
6019 1492 2
6019 11611 5
6019 184 2
6019 7759 3
6019 3698 4
6019 3064 4
6019 5279 3
6019 768 1
6019 2091 2
6019 10939 3
6019 3617 5
6019 1060 5
6019 5617 1
6019 3659 5
6019 10315 2
6019 7859 5
6019 6791 2
6019 9899 4
6019 6295 5
6019 7147 5
6019 2195 5
6019 9874 3
6019 6344 5
6019 6573 2
6019 8925 5
6019 1411 4
6019 880 5
6019 11334 5
6019 10281 5
6019 8893 5
6020 7734 5
6020 4395 5
6020 2618 5
6020 6916 5
6021 11583 5
6021 1485 2
6021 3795 4
6022 3801 4
6022 857 5
6022 3946 4
6022 3583 5
6022 10367 5
6022 1425 3
6022 363 5
6022 8830 5
6022 10589 4
6022 11009 5
6023 5545 5
6023 1429 4
6023 904 3
6023 8489 3
6023 3862 1
6023 2916 4
6023 3778 3
6023 3146 5
6023 3944 2
6023 3935 5
6023 1481 1
6023 3038 3
6023 3769 4
6023 3864 3
6023 857 4
6023 5833 5
6023 11603 5
6023 6039 4
6023 8234 4
6023 4834 5
6023 2632 5
6023 4829 5
6023 10032 4
6023 962 3
6023 3947 5
6023 3826 1
6023 1959 4
6023 10505 3
6023 9236 3
6023 10487 2
6023 5370 5
6023 1329 5
6023 6595 4
6023 3055 4
6023 10594 4
6023 10522 4
6023 11609 3
6023 3947 5
6023 11029 5
6023 3913 5
6023 2710 5
6023 1055 5
6023 10954 5
6024 1512 3
6024 1526 5
6024 11008 5
6025 4478 5
6025 1848 5
6025 10132 5
6025 10095 5
6025 5481 4
6025 3969 5
6025 975 2
6025 10637 5
6025 4993 2
6025 858 5
6025 5602 3
6025 11465 5
6025 11410 5
6026 9952 5
6026 3796 5
6026 3606 5
6026 9459 5
6026 966 5
6026 1365 5
6026 4634 5
6026 3863 5
6026 4135 4
6026 3768 5
6026 9237 2
6026 11002 3
6026 9838 5
6026 11466 5
6026 5585 3
6026 8033 4
6027 5010 4
6027 4196 4
6027 934 5
6027 900 5
6027 8549 4
6027 8491 5
6027 3315 4
6027 9592 4
6028 1067 2
6028 1481 4
6028 10010 4
6028 1876 3
6028 5228 3
6029 4044 5
6029 7394 4
6029 1515 2
6029 3156 2
6029 10497 5
6029 3954 2
6029 3768 4
6029 5611 4
6029 1054 3
6029 2400 4
6029 1461 4
6029 2652 5
6029 3762 5
6030 1985 4
6030 1524 5
6030 9494 4
6030 6962 4
6030 6631 4
6030 3943 5
6030 8322 4
6030 10413 4
6030 1093 4
6030 8005 4
6030 6638 5
6030 9952 4
6030 9949 4
6030 1097 3
6030 954 2
6030 937 4
6030 10789 3
6030 1092 3
6030 6633 4
6030 1006 4
6030 5300 5
6030 5833 4
6030 3621 4
6030 3839 4
6030 10731 2
6030 10487 3
6030 2690 4
6030 906 4
6030 2618 3
6030 5182 2
6030 8640 5
6030 5229 4
6030 1090 4
6030 5366 5
6030 6777 5
6030 3796 5
6030 11027 3
6030 10839 5
6030 3752 5
6030 3770 5
6030 8362 4
6030 1959 4
6030 3749 5
6030 1032 4
6030 9802 3
6030 3623 4
6030 10936 2
6030 11501 4
6030 9853 4
6030 11499 3
6030 5387 5
6030 10486 4
6030 5058 4
6030 6039 4
6030 11503 3
6030 11500 4
6030 6019 2
6030 11044 4
6030 11502 5
6030 3953 3
6030 5386 5
6030 5228 4
6030 6657 5
6030 5749 5
6030 5342 4
6030 5396 5
6030 1062 5
6030 10680 5
6030 5377 5
6030 11696 5
6030 6961 5
6030 10250 5
6030 11712 5
6030 5401 5
6030 5370 5
6030 11357 3
6030 1329 5
6030 3606 3
6030 6614 3
6030 9560 5
6030 9856 3
6030 8310 4
6030 5367 5
6030 5375 4
6030 1344 5
6030 9495 3
6030 5338 5
6030 11301 4
6030 1067 3
6031 10845 4
6031 11324 2
6031 1025 2
6031 1026 4
6031 11324 3
6031 5092 3
6031 5481 4
6031 1058 5
6031 1469 5
6031 8835 5
6031 10217 5
6031 3852 5
6031 10466 4
6031 3499 5
6031 3583 5
6031 10653 4
6031 4673 1
6031 6764 4
6031 2220 4
6031 3469 4
6031 9242 4
6031 1048 4
6031 3032 5
6031 5222 4
6031 3788 4
6031 8847 5
6031 2720 2
6031 749 4
6031 8830 4
6031 5188 4
6031 6682 4
6031 2262 5
6031 981 4
6031 3275 5
6031 10691 5
6031 1490 5
6031 1365 5
6031 1526 4
6031 638 5
6031 8500 4
6031 1083 5
6031 8757 4
6031 1509 4
6031 3782 5
6031 10492 5
6031 7052 4
6031 1496 4
6031 10849 4
6031 3617 5
6032 9347 5
6032 3819 4
6032 7550 5
6032 9989 5
6032 1522 4
6032 5756 4
6033 10358 4
6033 3166 5
6033 2697 5
6033 3267 3
6033 3780 3
6033 3867 4
6033 3869 4
6033 3875 1
6033 10766 3
6033 1607 1
6033 10461 2
6033 4636 5
6033 3870 5
6033 1522 3
6033 9159 2
6033 10227 4
6033 1509 4
6033 5579 4
6033 8681 1
6033 3776 2
6033 2720 2
6033 5126 5
6033 9788 3
6033 10977 5
6033 1438 5
6034 3430 4
6034 4393 5
6034 10614 2
6034 5441 4
6034 919 4
6034 5123 5
6034 4049 5
6034 3934 5
6034 8752 5
6034 10959 4
6034 6612 4
6034 3686 5
6034 11495 5
6034 965 4
6035 4629 1
6035 2048 5
6035 5744 5
6036 8551 4
6036 906 4
6036 327 5
6036 1516 5
6036 4675 4
6036 5733 2
6036 5938 2
6036 10280 5
6036 10058 4
6036 816 5
6036 5220 4
6036 9423 5
6036 3959 5
6036 5377 5
6036 3148 4
6036 1467 2
6036 3055 5
6036 110 4
6036 7141 4
6036 1329 2
6036 10891 5
6036 10291 5
6037 7289 4
6037 3935 5
6037 1670 4
6037 9978 5
6037 11198 4
6037 4399 4
6038 11615 5
6038 2589 5
6038 10361 5
6038 3315 5
6038 3940 5
6038 934 5
6038 978 5
6038 11294 4
6038 3785 5
6038 4394 5
6039 9745 3
6039 8429 5
6039 1506 5
6040 4784 1
6040 5597 5
6040 10878 5
6040 9490 5
6041 3940 5
6041 9772 5
6041 643 4
6041 7548 2
6041 4639 3
6041 3717 5
6041 966 4
6041 11338 5
6041 10950 4
6041 9780 4
6041 3801 5
6041 992 4
6041 4833 2
6041 4054 4
6041 10532 4
6041 10811 1
6042 5623 1
6042 5312 4
6042 2701 4
6042 5821 5
6042 4963 5
6042 8324 5
6042 3446 4
6043 4820 5
6043 3528 4
6043 1041 5
6043 1349 4
6043 1320 5
6043 7664 4
6043 1086 5
6043 7249 5
6043 1509 4
6043 3881 4
6043 2999 4
6043 8931 5
6043 8520 5
6043 9654 4
6043 7141 5
6043 10903 5
6043 10903 4
6043 944 5
6043 1510 4
6043 3949 4
6043 6081 5
6043 11688 4
6043 4711 4
6043 3932 4
6043 4829 4
6043 8350 4
6043 8404 4
6043 8871 5
6043 7441 5
6043 10882 5
6043 10888 4
6043 8666 5
6043 10407 2
6043 1060 5
6043 862 5
6044 3870 5
6044 10628 5
6044 1518 3
6044 1525 4
6044 1510 5
6044 3108 5
6044 1509 3
6045 5035 5
6045 5060 5
6045 1403 1
6045 5092 2
6045 3107 5
6045 8281 5
6045 956 5
6045 8681 2
6045 3884 5
6045 857 4
6045 6344 5
6045 969 5
6045 9617 5
6045 1607 1
6045 11060 5
6045 1067 5
6045 996 5
6045 5502 5
6045 4400 2
6045 9802 1
6045 995 5
6045 9329 4
6045 5097 4
6045 10616 5
6045 1671 5
6045 4784 3
6045 955 5
6045 3905 5
6045 9901 5
6045 947 5
6046 4312 5
6046 3265 1
6046 4630 4
6046 4311 4
6046 1602 3
6046 6053 4
6046 4875 5
6046 8064 4
6046 6048 4
6046 3044 5
6046 5233 2
6046 20 4
6046 9483 4
6046 308 5
6046 1396 4
6046 3838 5
6046 3841 5
6046 7907 3
6046 6053 5
6046 5397 3
6046 4833 1
6046 10569 4
6046 8563 4
6046 3717 5
6046 8496 3
6046 10472 3
6046 10391 5
6046 10012 5
6046 8745 5
6046 2831 1
6046 11317 4
6046 6389 5
6046 3791 5
6046 1522 3
6046 8910 3
6046 5016 2
6046 3230 5
6046 4786 2
6046 9741 4
6046 11146 3
6046 10415 4
6046 817 2
6046 10644 4
6046 8978 5
6046 4794 4
6046 3796 5
6046 4917 1
6046 4216 2
6046 10329 4
6046 514 3
6046 3940 4
6046 5383 4
6046 10925 5
6046 3161 2
6046 6707 4
6046 166 4
6046 11083 5
6046 10244 5
6046 4350 4
6046 3611 5
6046 2700 2
6046 1067 4
6046 9667 5
6046 11014 4
6046 10397 4
6046 7230 2
6046 810 5
6046 808 5
6046 924 2
6046 5058 3
6046 4054 4
6046 10096 3
6046 10888 5
6046 11485 1
6047 3149 4
6047 10581 4
6047 11610 3
6047 5920 5
6047 10393 4
6047 744 4
6047 3351 4
6048 1062 5
6048 3927 1
6048 10028 3
6049 5220 5
6049 3064 4
6049 8717 5
6049 10793 4
6049 7759 4
6050 5226 5
6050 9952 5
6050 5226 5
6050 2690 5
6051 4801 4
6051 4949 5
6051 3919 5
6051 4631 4
6051 4673 1
6051 3949 5
6051 3913 5
6051 10822 1
6051 1469 4
6051 11631 5
6051 6682 4
6051 9492 4
6051 4095 5
6051 1439 4
6051 3469 4
6051 1502 4
6051 11219 4
6051 10479 5
6051 11215 3
6051 1021 4
6051 3617 5
6051 11369 5
6052 1629 5
6052 1013 3
6052 4629 4
6052 10261 1
6052 4675 4
6052 8682 5
6052 8881 4
6052 7586 3
6052 11495 5
6052 5574 5
6052 1733 5
6052 1285 5
6052 9411 4
6052 9773 3
6052 9741 5
6052 944 4
6052 10265 5
6052 8033 4
6052 3929 5
6052 3934 4
6052 1928 4
6052 2701 5
6052 4349 4
6052 1101 5
6053 11642 5
6053 9502 4
6053 10933 5
6054 8376 4
6054 6477 4
6054 5914 1
6054 2812 2
6054 1864 5
6054 6889 4
6054 6482 4
6054 2017 4
6054 632 1
6055 7627 5
6055 512 3
6055 3228 4
6056 4889 5
6056 11656 5
6056 10037 5
6056 4604 3
6056 3089 5
6056 5846 5
6056 4402 4
6056 6520 4
6056 4782 5
6056 8117 5
6056 3419 5
6056 9551 5
6056 4631 3
6056 10236 5
6056 906 4
6056 5481 5
6056 3748 5
6056 2670 4
6056 8492 5
6056 1876 5
6056 7535 5
6056 3871 5
6056 5579 4
6056 3583 4
6056 9099 4
6056 8477 4
6056 10806 5
6056 8316 4
6056 3932 5
6056 11614 5
6056 363 5
6056 749 5
6056 4198 5
6056 3796 5
6056 1081 3
6056 1067 5
6056 1067 5
6056 3762 5
6056 4708 5
6056 9603 4
6056 11026 4
6056 3790 5
6056 3773 4
6056 5253 1
6056 6215 5
6056 8033 4
6056 9741 5
6056 8499 4
6056 1104 4
6056 9694 4
6056 9153 1
6056 1072 1
6056 2618 5
6056 3784 4
6056 3768 2
6056 7113 5
6056 4632 5
6056 954 3
6056 5175 5
6056 10466 5
6056 3852 5
6056 9949 3
6056 1025 2
6056 9952 4
6056 8794 5
6056 6791 4
6056 11393 5
6056 5106 3
6056 4861 4
6056 8808 3
6056 1070 4
6056 839 5
6056 862 5
6056 860 5
6056 1011 4
6056 8504 4
6056 4136 5
6056 1510 5
6057 2477 5
6057 4362 5
6057 1905 5
6057 6897 5
6057 10285 5
6057 3305 5
6057 2467 4
6057 6789 5
6057 1853 5
6057 4820 5
6057 9372 5
6057 1037 5
6057 9956 5
6057 4552 5
6057 3233 5
6058 2338 3
6058 5214 4
6058 2932 1
6058 722 5
6058 2400 5
6058 9872 5
6059 2461 2
6059 2932 4
6059 3877 5
6059 4412 4
6059 6648 5
6059 9391 3
6060 1699 5
6060 7457 3
6060 9192 5
6060 28 5
6060 7336 2
6060 5835 5
6060 1779 5
6060 3127 4
6060 5311 5
6061 5018 1
6061 1268 5
6061 4839 3
6062 6160 5
6062 3708 5
6062 309 3
6062 312 3
6062 3902 5
6062 9267 5
6063 3302 5
6063 4336 5
6063 11541 5
6063 290 5
6063 1779 3
6064 7239 5
6064 3000 5
6064 104 5
6064 7368 5
6064 2074 5
6064 11592 5
6064 9025 5
6064 8608 5
6065 1819 5
6065 8911 4
6065 7391 5
6065 11099 4
6065 2651 5
6065 8824 5
6065 4139 5
6066 6789 4
6066 313 3
6066 8899 5
6066 704 4
6066 706 3
6066 9310 4
6066 7520 5
6066 640 1
6066 609 1
6066 11309 4
6066 4543 5
6066 196 4
6066 732 4
6066 772 4
6066 1981 3
6066 1870 4
6066 1022 4
6066 712 4
6066 1467 4
6066 3936 4
6066 9582 5
6066 323 4
6066 762 4
6066 312 5
6066 5002 4
6066 671 4
6066 28 4
6066 649 4
6066 1955 4
6066 699 1
6066 713 1
6066 9674 5
6066 8465 3
6066 3645 4
6066 4058 2
6066 5041 4
6066 4710 4
6066 2630 2
6067 7154 5
6067 8395 3
6067 1267 1
6067 366 5
6067 1754 5
6068 4315 4
6068 4574 5
6068 1608 4
6069 6337 5
6069 7369 5
6069 1926 5
6069 7011 5
6070 1246 2
6070 491 4
6070 9817 4
6070 2656 5
6070 466 5
6070 11183 3
6070 2397 5
6070 2555 5
6070 2461 5
6070 2365 2
6070 2281 4
6070 9389 4
6070 6662 5
6071 2405 5
6071 4080 4
6071 3037 4
6072 3742 4
6072 7012 5
6072 4577 5
6072 3692 4
6072 5683 3
6072 4574 5
6072 11638 5
6072 5082 5
6073 11592 5
6073 3366 5
6073 3420 5
6073 3883 5
6073 11560 4
6074 1177 5
6074 1657 5
6074 4053 5
6075 5989 4
6075 7299 4
6075 3202 4
6075 6101 4
6075 7837 4
6075 2579 5
6075 4466 4
6075 2596 4
6075 3665 4
6075 11166 3
6075 7841 4
6075 6491 4
6075 2903 5
6075 11561 5
6075 9961 3
6075 3201 4
6075 11523 3
6075 2623 4
6075 9109 5
6075 3207 5
6075 3061 5
6075 8238 3
6076 1535 1
6076 728 1
6076 843 1
6077 366 3
6077 2416 4
6077 4475 3
6077 2592 5
6077 1195 5
6077 2568 4
6077 9282 4
6077 487 5
6078 6324 2
6078 6323 5
6078 6445 5
6078 2254 2
6078 2045 1
6078 7733 4
6078 8011 5
6078 2485 2
6078 4883 5
6078 5960 2
6078 1617 1
6078 3693 4
6078 3196 3
6078 532 5
6078 5724 3
6078 5488 5
6078 9078 5
6078 1226 3
6079 11521 4
6079 6018 4
6079 4821 5
6079 1209 4
6079 11331 3
6079 3413 4
6079 409 4
6079 1621 4
6079 3371 4
6079 6165 5
6079 8082 5
6079 4495 4
6079 428 4
6079 3458 3
6079 5923 4
6079 8919 5
6079 655 4
6079 4916 4
6079 3487 4
6079 1191 5
6080 7424 1
6080 8699 5
6080 2817 4
6080 2296 5
6080 7351 5
6080 3028 4
6080 5421 5
6081 3556 5
6081 8529 5
6081 10720 5
6081 246 5
6081 140 3
6081 8908 3
6081 9074 5
6081 7870 5
6081 1435 5
6081 5272 4
6081 93 5
6081 10638 5
6081 4489 3
6081 285 5
6081 4066 5
6081 7429 4
6081 10827 4
6081 9205 3
6081 3311 5
6081 1320 5
6081 5700 5
6081 8968 5
6082 8819 5
6082 6990 5
6082 3639 5
6083 1484 4
6083 11638 5
6083 1225 5
6083 3200 3
6084 333 4
6084 9224 5
6084 646 4
6084 10621 3
6085 2878 5
6085 6056 5
6085 1897 5
6085 153 4
6086 728 5
6086 1352 5
6086 934 5
6086 3378 5
6086 7164 3
6086 5458 5
6087 3089 5
6087 4454 5
6087 1467 5
6087 232 5
6087 7519 5
6087 7517 4
6088 258 3
6088 759 5
6088 1665 1
6088 4995 4
6088 6463 5
6088 2912 1
6088 3430 5
6089 471 3
6089 7526 5
6089 9695 5
6090 5494 3
6090 2192 5
6090 2212 4
6090 10174 4
6090 6561 4
6090 4256 4
6090 4156 5
6090 1312 2
6090 11585 3
6090 2600 1
6090 10962 5
6090 3486 1
6090 6868 5
6090 2997 2
6090 2553 1
6090 2342 3
6090 8822 2
6090 11197 5
6090 2985 1
6090 9932 3
6091 1301 5
6091 4131 4
6091 1673 3
6091 309 3
6092 2890 3
6092 5973 5
6092 2858 4
6092 3177 5
6092 6121 3
6092 4678 5
6092 4712 4
6092 5751 2
6092 2802 4
6092 4187 5
6093 5946 5
6093 9253 4
6093 2577 5
6093 3202 5
6094 3201 5
6094 4491 5
6094 11628 5
6094 8310 5
6094 11260 5
6094 363 5
6094 2413 5
6094 3333 5
6094 3371 5
6094 9257 4
6094 9037 4
6094 8859 5
6094 5020 4
6094 2506 5
6094 8091 5
6095 5901 5
6095 8861 1
6095 4048 2
6095 7278 4
6095 4501 5
6095 8535 1
6095 5502 5
6095 3076 3
6095 3514 5
6095 7600 4
6095 5409 5
6095 2409 4
6095 8816 5
6096 3474 4
6096 9113 4
6096 11209 4
6096 258 5
6096 4243 2
6096 3820 5
6096 3831 4
6096 9931 5
6096 5511 5
6096 4060 3
6096 2609 4
6097 4248 5
6097 3263 5
6097 4143 5
6097 3000 5
6097 1275 4
6097 309 5
6097 1352 5
6097 3549 5
6097 9007 3
6097 6880 4
6097 10155 5
6097 7201 5
6098 661 3
6098 3354 5
6098 11327 5
6098 678 3
6098 843 3
6098 9429 5
6098 1774 3
6098 11323 1
6098 4044 4
6098 4812 4
6099 4006 4
6099 9160 5
6099 4302 5
6099 2280 4
6099 10828 5
6100 4178 5
6100 8451 4
6100 3545 5
6100 2038 5
6100 2791 5
6100 8611 4
6100 1070 5
6100 8367 4
6100 788 5
6100 973 5
6100 706 5
6100 6284 5
6100 843 5
6100 5758 4
6100 4258 4
6100 4831 4
6100 8601 5
6100 8924 4
6100 1629 4
6100 2498 4
6100 832 5
6100 5583 5
6100 9247 5
6100 5288 5
6100 728 4
6100 4731 4
6100 719 5
6100 10070 4
6100 9478 4
6100 2934 5
6101 3075 5
6101 1403 1
6101 1767 5
6101 7364 4
6101 4552 5
6101 3782 5
6101 4057 5
6101 8747 1
6102 7750 3
6102 7578 3
6102 2853 5
6102 9641 4
6102 173 3
6102 6879 4
6102 668 4
6102 2232 3
6102 681 5
6102 4551 2
6102 11665 3
6102 7617 5
6102 7372 4
6102 433 3
6102 8269 2
6102 4402 2
6102 9177 3
6103 728 3
6103 276 4
6103 313 4
6103 309 4
6104 699 3
6104 1973 5
6104 1263 5
6104 10880 5
6104 5226 3
6104 3282 4
6105 251 4
6105 5154 5
6105 3533 4
6105 4203 4
6106 3480 5
6106 9025 5
6106 379 5
6106 2341 1
6106 1578 5
6106 4616 5
6107 3176 5
6107 8676 3
6107 4678 4
6107 2592 5
6108 8282 5
6108 11629 1
6108 580 5
6108 5836 5
6108 3211 5
6108 4211 5
6108 2715 5
6108 1741 5
6108 3371 4
6108 10011 4
6109 11556 4
6109 1877 5
6109 8367 5
6109 2495 5
6109 2701 5
6109 9419 5
6109 5437 5
6109 4919 5
6109 5040 4
6110 8017 5
6110 7184 5
6110 196 5
6110 323 5
6110 8575 5
6110 6278 5
6110 7486 4
6110 2422 5
6111 7415 5
6111 6073 5
6111 3224 4
6111 4138 4
6111 8386 1
6111 7990 4
6111 9558 3
6111 4361 2
6111 4117 5
6111 821 2
6111 3302 2
6111 4232 4
6111 4045 2
6111 1950 3
6111 5233 3
6111 10751 4
6111 4485 5
6111 8575 1
6111 1393 4
6112 8588 2
6112 1381 4
6112 8885 2
6112 8374 3
6112 1015 5
6112 6164 4
6112 2845 2
6112 8564 4
6112 1249 1
6113 902 5
6113 1939 5
6113 7330 5
6113 4117 5
6114 1198 5
6114 11166 5
6114 3957 2
6114 312 5
6114 1713 3
6114 3469 4
6114 326 5
6114 8598 2
6114 5332 5
6114 1467 1
6114 1965 1
6114 8371 4
6114 5207 4
6114 732 1
6114 8217 3
6114 1395 4
6114 10210 3
6114 2912 3
6114 2447 3
6114 891 5
6114 740 5
6114 9248 4
6114 3067 4
6114 7435 3
6114 1973 5
6114 9379 3
6115 3304 5
6115 775 4
6115 313 4
6115 3000 5
6116 3484 5
6116 3375 5
6116 3425 5
6116 2592 5
6117 11261 5
6117 9491 5
6117 3738 4
6117 8223 4
6117 4949 4
6118 5040 5
6118 6816 4
6118 3301 5
6118 3362 4
6118 5700 4
6119 657 3
6119 3468 5
6119 113 5
6119 9100 5
6119 1861 4
6119 1880 3
6119 5485 5
6119 2013 4
6119 7560 5
6119 8154 5
6119 7901 4
6119 9769 4
6119 7187 4
6119 1651 4
6119 8690 5
6120 1380 5
6120 5221 4
6120 8953 5
6120 1939 4
6120 4280 4
6121 258 5
6121 8091 5
6121 2732 5
6121 312 5
6121 1536 5
6121 832 5
6121 6052 5
6121 1343 5
6121 1829 5
6121 5486 5
6122 2897 2
6122 766 3
6122 1418 2
6122 10040 3
6122 1374 3
6122 1045 5
6122 3404 5
6122 8586 4
6122 8542 3
6123 5006 5
6123 4496 5
6123 2418 5
6123 8316 5
6124 3299 5
6124 1758 4
6124 6651 5
6124 10854 5
6124 11555 5
6125 496 5
6125 4949 4
6125 4482 4
6126 2501 4
6126 3377 4
6126 2599 5
6126 7966 5
6126 2558 5
6126 3617 5
6126 8168 5
6126 2577 5
6126 6953 5
6127 8775 5
6127 991 5
6127 6956 4
6127 1655 5
6127 2139 4
6127 1637 4
6127 3353 5
6127 4948 5
6127 5983 5
6127 3503 5
6127 9872 4
6127 2928 3
6127 3363 4
6128 7184 5
6128 11175 5
6128 8725 3
6128 7366 5
6128 8366 5
6129 751 4
6129 323 4
6129 8823 4
6129 313 4
6129 104 4
6129 3476 4
6129 276 4
6129 1277 4
6129 706 5
6129 309 5
6130 1241 5
6130 4368 2
6130 10078 3
6130 1298 4
6131 10131 4
6131 3133 4
6131 3146 5
6132 9268 5
6132 9043 5
6132 8631 4
6132 9354 2
6133 3000 5
6133 5666 3
6133 5918 2
6133 2977 5
6133 961 2
6133 2502 4
6134 1139 3
6134 2817 4
6134 5721 4
6134 6406 2
6134 2914 3
6134 5864 5
6134 632 4
6134 974 1
6134 4385 4
6134 2655 3
6134 9503 4
6134 7388 4
6134 609 4
6134 1049 2
6134 963 3
6134 9169 4
6134 6647 5
6134 211 4
6134 2947 5
6134 2996 5
6134 8562 4
6134 7967 4
6134 6520 4
6134 6814 5
6135 661 5
6135 11079 5
6135 1713 1
6136 3557 5
6136 276 5
6136 649 5
6136 650 5
6136 309 4
6136 4267 5
6136 3146 5
6136 4199 5
6136 686 5
6136 3999 5
6137 6836 4
6137 2501 2
6137 1707 5
6137 1755 5
6137 3173 5
6137 2576 3
6137 9225 5
6137 4380 3
6137 1272 1
6137 640 2
6137 7712 4
6137 3797 4
6137 2932 4
6137 3046 3
6137 4417 5
6137 3488 4
6137 3762 5
6137 2461 5
6137 2936 3
6137 5052 3
6137 6130 3
6137 5018 4
6137 4080 5
6137 638 5
6137 2921 5
6137 10011 5
6138 276 5
6138 706 4
6138 772 5
6138 1278 5
6138 712 5
6138 312 5
6138 704 5
6138 288 5
6138 323 3
6138 217 5
6138 211 5
6138 9236 3
6139 3576 5
6139 11623 5
6139 5513 5
6139 3166 4
6139 594 5
6139 6904 1
6140 6952 3
6140 4836 5
6140 1876 5
6141 11245 4
6141 4686 4
6141 8564 5
6142 1419 3
6142 1418 5
6142 1762 5
6142 11544 4
6142 4919 4
6142 1682 4
6143 3362 5
6143 9230 5
6143 5412 5
6143 6038 4
6144 5930 5
6144 3301 4
6144 2592 4
6144 3860 5
6144 3275 4
6144 9209 3
6144 3348 4
6144 675 4
6144 2997 4
6144 5757 4
6144 1832 4
6144 5979 4
6144 4491 4
6144 11385 5
6145 41 5
6145 3897 4
6145 4948 5
6145 3159 4
6146 9226 5
6146 383 4
6146 2640 5
6146 7873 5
6147 1884 1
6147 3348 4
6147 1998 1
6147 4525 5
6147 3533 5
6148 3089 5
6148 2965 5
6148 830 5
6148 7547 5
6148 1425 5
6148 255 5
6148 1467 5
6148 2999 5
6148 5649 5
6148 3583 3
6148 3905 4
6148 10602 4
6148 5200 5
6148 5730 5
6148 3936 5
6148 7566 4
6149 6923 4
6149 1496 4
6149 9159 4
6149 5409 4
6149 10613 5
6149 11340 4
6150 4101 5
6150 1417 5
6150 11599 4
6150 4105 5
6150 11020 4
6150 5228 3
6150 1755 5
6150 2653 4
6151 3158 3
6151 11281 5
6151 4919 3
6151 9380 4
6152 6000 5
6152 5086 4
6152 9459 5
6152 9820 5
6153 679 5
6153 3497 5
6153 11083 5
6153 4792 5
6153 4080 5
6153 8091 5
6153 5520 5
6153 962 3
6153 11713 5
6153 10196 4
6153 2745 5
6153 5340 4
6153 9748 5
6154 9563 4
6154 7468 1
6154 958 5
6155 6662 5
6155 2730 5
6155 2333 4
6155 9139 5
6155 1330 3
6155 1272 3
6155 8354 5
6155 9145 4
6155 6676 1
6155 9529 3
6155 2882 5
6155 8425 3
6155 699 3
6155 9640 4
6155 1275 5
6155 2693 1
6155 1673 1
6155 2365 1
6155 6667 5
6155 4891 3
6155 3853 5
6155 1980 4
6155 713 1
6155 6656 5
6155 217 5
6155 4688 4
6155 3853 5
6155 3853 5
6155 2911 5
6155 4381 4
6155 4113 5
6155 4844 4
6155 1325 4
6155 5346 5
6155 3504 5
6155 1981 4
6155 9248 4
6155 4965 5
6155 672 2
6155 4627 5
6155 4249 1
6155 11475 3
6155 4818 4
6155 4743 5
6155 1643 4
6155 5640 5
6155 2995 2
6155 6627 4
6155 3810 5
6155 9544 3
6155 2643 5
6155 4398 1
6155 2264 2
6155 2727 4
6156 1275 3
6156 4072 1
6156 288 5
6156 609 3
6156 28 5
6156 11114 5
6156 1981 3
6156 4045 5
6156 309 4
6157 8459 5
6157 5228 5
6157 5018 5
6157 3252 5
6157 11295 3
6157 2671 5
6158 1903 5
6158 1754 5
6158 1332 5
6158 4745 4
6158 8579 4
6159 28 5
6159 728 5
6159 843 4
6159 695 4
6159 309 5
6160 4541 5
6160 9350 4
6160 3480 5
6160 3431 5
6160 675 4
6160 4302 3
6160 4491 5
6161 323 4
6161 3431 5
6161 5022 5
6161 832 4
6161 309 4
6161 1332 5
6161 728 4
6161 843 4
6161 1439 5
6162 832 4
6162 728 4
6162 741 5
6163 661 5
6163 4617 5
6163 6138 5
6164 3788 4
6164 3259 4
6164 3146 5
6164 8948 5
6164 9843 2
6164 10518 4
6164 7375 5
6164 8142 5
6165 843 3
6165 309 4
6165 1332 3
6166 379 3
6166 6607 3
6166 1170 4
6166 6636 3
6166 1631 5
6166 2894 3
6166 2397 1
6166 2594 4
6166 1248 3
6166 5707 4
6166 8400 4
6166 5144 4
6166 6278 4
6166 4691 5
6166 695 5
6166 4206 5
6166 9112 3
6166 2622 3
6166 6500 4
6166 2623 3
6166 2298 4
6166 2280 4
6166 9180 5
6166 1136 5
6166 4541 4
6166 4156 5
6166 4071 5
6166 3501 4
6166 2338 4
6166 3143 3
6166 2647 1
6167 2408 4
6167 9921 4
6167 8112 5
6167 3067 5
6168 2347 4
6168 11582 4
6168 5882 4
6169 9782 5
6169 10139 5
6169 5716 5
6169 3333 5
6169 8614 4
6169 6375 5
6170 6695 5
6170 312 4
6170 1343 4
6170 2998 3
6170 832 3
6170 5081 5
6170 305 5
6170 196 1
6170 323 5
6170 7679 5
6170 5826 5
6170 3536 4
6170 276 1
6170 6082 4
6170 5864 5
6170 1418 3
6170 6240 5
6170 309 3
6170 1403 1
6170 8462 5
6171 3435 1
6171 11162 1
6171 4919 4
6171 9258 5
6171 4744 5
6172 3732 4
6172 2623 4
6172 4243 1
6172 9960 4
6172 4093 5
6173 3726 5
6173 1714 4
6173 9302 5
6173 2924 5
6173 2684 5
6174 8883 5
6174 11116 2
6174 5502 5
6174 3923 4
6174 8729 4
6174 1987 5
6175 6491 5
6175 4491 5
6175 3133 4
6175 5464 4
6175 11334 5
6175 5549 4
6175 4645 4
6175 991 5
6175 5054 1
6175 1675 5
6175 10011 5
6175 3498 4
6175 1506 4
6175 3166 5
6175 4243 4
6175 5557 5
6175 5116 5
6175 5821 4
6175 10860 4
6175 5428 5
6175 3606 5
6175 5575 4
6175 1779 5
6175 10435 4
6175 3252 2
6175 5355 4
6175 934 4
6175 11383 3
6175 9494 4
6175 3582 5
6175 11578 5
6176 4243 5
6176 8177 4
6176 8030 5
6176 148 2
6176 5996 4
6176 9371 5
6176 8491 3
6176 6548 5
6176 2145 5
6176 7465 5
6177 6399 5
6177 10363 4
6177 20 5
6177 5471 5
6177 3880 5
6177 11274 4
6178 1419 1
6178 463 5
6178 11179 5
6179 94 5
6179 11057 3
6179 9224 5
6180 5468 5
6180 5018 5
6180 11172 4
6180 1393 4
6180 1417 5
6180 9225 5
6180 3352 5
6180 2747 5
6180 3621 3
6180 8091 5
6181 11090 3
6181 8586 2
6181 8762 3
6181 8663 2
6181 11495 3
6181 1733 1
6181 10269 5
6181 5794 5
6181 10790 4
6181 11397 3
6181 11704 5
6181 10969 5
6181 10054 4
6181 9629 5
6181 9391 4
6181 8633 4
6181 3505 5
6181 6503 5
6181 1332 5
6182 11557 4
6182 9239 5
6182 7207 3
6182 1316 5
6182 5539 4
6182 4686 4
6182 4919 5
6182 5087 3
6182 5132 5
6182 9188 4
6182 9637 5
6183 5841 5
6183 1408 5
6183 4745 1
6183 1332 4
6183 757 4
6183 9411 2
6183 5910 5
6183 8799 5
6183 689 4
6183 610 4
6183 7850 5
6183 574 2
6183 4758 2
6183 9430 5
6183 7295 5
6183 4297 5
6183 10619 5
6183 4277 3
6183 7849 4
6183 4674 5
6183 9623 5
6183 8858 5
6184 4026 5
6184 5069 4
6184 11692 5
6184 1876 5
6184 4379 4
6184 7505 2
6184 4565 1
6184 2095 5
6184 1002 2
6184 10995 1
6184 2262 4
6184 3770 5
6184 9230 5
6184 8288 4
6184 3801 5
6184 3929 5
6184 3849 4
6184 218 4
6184 11712 4
6184 9212 1
6184 10453 5
6184 9671 4
6184 9493 3
6184 11420 5
6184 9212 1
6184 9212 1
6184 10790 5
6184 10701 5
6184 4135 4
6184 9212 1
6185 4702 5
6185 4197 4
6185 4197 4
6186 4023 5
6186 309 4
6186 10063 5
6186 8661 1
6186 7207 5
6186 4371 5
6187 4694 5
6187 9600 5
6187 3525 5
6187 5537 3
6187 2701 5
6187 313 4
6187 8490 5
6187 717 5
6187 5002 5
6187 4919 3
6188 640 3
6188 8599 3
6188 4561 5
6188 7498 5
6189 5090 4
6189 3316 5
6189 8805 4
6189 4225 5
6189 4169 5
6189 5222 5
6189 717 5
6189 4045 3
6189 9505 3
6189 9968 4
6190 5813 4
6190 9752 4
6190 3748 5
6190 7478 5
6190 4238 4
6190 8075 5
6190 2848 5
6190 4964 2
6190 7039 5
6190 309 5
6190 8958 4
6191 1629 5
6191 9637 5
6191 7496 5
6191 8486 5
6191 1902 5
6191 10009 4
6192 1333 4
6192 3471 5
6192 8598 5
6192 5331 4
6193 792 5
6193 313 3
6193 706 5
6193 258 5
6193 211 5
6193 1275 1
6193 832 5
6193 1813 5
6193 4383 4
6193 762 1
6193 8958 3
6193 1049 5
6193 8652 1
6194 3025 4
6194 10195 2
6194 10979 5
6194 9172 3
6195 1367 5
6195 3601 3
6195 4361 1
6195 8825 5
6196 5647 5
6196 5002 4
6196 3913 4
6196 7191 5
6196 5217 4
6197 6440 1
6197 4420 5
6197 4324 5
6197 5028 5
6198 10511 4
6198 276 5
6198 5460 5
6198 1506 5
6198 211 5
6198 4618 4
6198 5468 5
6198 8091 5
6198 2727 5
6199 104 5
6199 10907 5
6199 9247 5
6199 3738 5
6199 6388 5
6199 4613 5
6199 8565 5
6200 11260 3
6200 3496 5
6200 5447 5
6200 6882 4
6200 7461 4
6200 10107 4
6200 3280 1
6200 7306 4
6201 10190 4
6201 1625 3
6201 1776 4
6202 2910 1
6202 2701 5
6202 8235 2
6203 9071 4
6203 4824 5
6203 3435 5
6203 5802 5
6203 9387 5
6203 5000 4
6204 5113 4
6204 1625 5
6204 4233 5
6204 297 2
6204 5019 5
6204 271 5
6204 9076 5
6204 1675 5
6205 9993 5
6205 6708 4
6205 5488 5
6205 120 5
6205 4094 4
6206 309 5
6206 2703 5
6206 9460 5
6207 4634 2
6207 2701 5
6207 4952 4
6207 10812 3
6207 1675 5
6207 9625 5
6207 3156 4
6207 4080 5
6207 3939 5
6207 6388 5
6207 5737 5
6207 7712 5
6207 5226 4
6208 4949 4
6208 9029 4
6208 5472 4
6208 4965 5
6208 10299 4
6208 6551 4
6208 9744 4
6208 9139 5
6208 3797 4
6208 1469 5
6208 2398 4
6208 10450 4
6208 5606 4
6208 3947 5
6208 9137 4
6208 1731 4
6208 5850 4
6208 10936 4
6208 10859 5
6208 10248 5
6208 11257 2
6208 4684 5
6208 3738 5
6208 9219 3
6208 9396 4
6208 3156 4
6208 3252 5
6208 9834 4
6208 8491 4
6208 10498 5
6208 10770 5
6208 11522 5
6209 8843 5
6209 8351 5
6209 4030 4
6209 9789 5
6210 4137 2
6210 3615 4
6210 3156 4
6210 904 4
6210 9758 5
6210 2916 4
6210 4400 4
6210 4627 5
6210 1513 1
6210 10775 4
6210 4632 3
6210 1870 4
6210 947 3
6210 3744 5
6210 8519 3
6210 3590 5
6210 6174 3
6210 3085 5
6210 7442 5
6210 1003 4
6210 4058 2
6211 978 4
6211 992 3
6211 4634 2
6211 4854 4
6211 11303 4
6211 1440 5
6212 3949 5
6212 3446 2
6212 9507 5
6212 8857 5
6212 7834 5
6212 10091 4
6212 10154 4
6212 8528 4
6212 9630 4
6212 5781 5
6212 1003 4
6212 8929 3
6212 10877 3
6212 9627 5
6212 4633 5
6212 9705 4
6212 5012 4
6212 3912 5
6212 5019 3
6212 10768 4
6212 3716 5
6212 5537 5
6213 1466 5
6213 1021 5
6213 952 5
6213 4277 5
6213 3801 5
6213 11044 5
6213 11499 5
6213 5389 5
6213 2663 5
6213 7375 5
6213 2730 5
6213 4636 5
6213 2618 5
6213 4135 4
6213 11052 5
6213 3754 5
6213 1470 5
6213 1048 5
6213 1329 5
6213 4135 4
6213 3929 5
6213 9417 5
6213 966 4
6213 9741 4
6213 9676 4
6213 7442 2
6213 1365 5
6213 10920 5
6213 8499 5
6213 3627 4
6213 11048 5
6213 4917 4
6213 11342 1
6213 11054 4
6213 5058 4
6213 4788 5
6213 5228 3
6213 10936 5
6213 6019 4
6213 5355 4
6213 3884 5
6213 8362 4
6213 1514 5
6213 10499 4
6213 3252 5
6213 3953 5
6213 2710 5
6213 934 4
6213 8500 5
6213 10894 5
6213 4634 5
6213 3478 4
6213 9773 4
6213 10594 4
6213 10813 5
6213 9212 1
6213 9493 5
6213 9853 5
6213 10248 5
6213 3751 4
6213 10790 3
6213 4789 3
6213 9491 5
6213 1526 5
6213 5606 5
6213 5299 5
6213 5495 4
6213 10032 5
6213 5497 4
6214 6413 4
6214 4830 4
6214 3782 5
6214 3624 4
6214 10466 4
6214 3617 2
6214 3645 4
6214 3788 4
6214 3790 3
6214 1496 4
6214 9331 4
6214 5199 5
6215 3252 4
6215 9952 5
6215 10786 5
6215 5228 2
6215 9417 3
6215 1367 4
6215 11697 5
6216 3919 4
6216 1029 5
6216 3447 4
6216 3919 5
6217 3739 5
6217 1439 4
6217 7421 4
6217 4694 4
6218 288 4
6218 706 3
6218 258 4
6218 4911 4
6218 4745 4
6218 323 4
6218 10020 4
6218 1332 4
6218 712 4
6218 739 5
6218 313 5
6218 762 3
6218 104 5
6218 759 3
6218 829 4
6218 312 4
6218 1263 5
6218 309 5
6218 934 5
6218 8118 3
6219 313 5
6219 309 5
6219 4567 5
6219 7965 5
6219 6214 4
6219 9258 5
6219 759 5
6219 829 5
6219 4496 5
6219 7406 5
6219 3000 5
6219 4262 5
6219 1939 5
6219 3263 5
6220 4400 4
6220 10602 4
6220 4829 5
6221 4883 5
6221 127 4
6221 4735 3
6221 3424 5
6221 4884 4
6221 3552 5
6221 4463 5
6221 8417 4
6221 5764 5
6221 4927 5
6222 10227 4
6222 3627 1
6222 11147 5
6222 10317 5
6222 7520 5
6222 1083 3
6222 3138 5
6222 5525 3
6222 3762 4
6222 8033 4
6222 10831 5
6222 4616 5
6222 1329 5
6222 11009 4
6222 7579 5
6222 6633 4
6223 6727 5
6223 28 5
6223 9993 5
6224 4631 5
6224 5307 5
6224 4693 5
6224 9603 4
6224 3761 5
6224 11419 5
6224 4738 4
6224 4532 3
6224 2908 4
6224 994 5
6224 284 4
6224 10754 4
6224 5282 5
6224 10658 5
6224 1450 1
6224 2648 5
6224 8183 1
6224 1002 5
6224 550 5
6224 4135 4
6224 957 4
6224 6633 5
6224 1075 4
6224 3773 4
6224 10654 5
6224 5657 5
6224 5489 4
6224 910 2
6224 981 5
6224 10227 2
6224 6621 5
6224 10723 5
6225 4404 4
6225 3819 5
6225 4974 4
6225 10866 5
6225 9665 5
6225 6551 5
6225 8924 5
6225 1092 3
6225 5768 5
6225 1097 4
6225 4408 5
6225 5997 3
6225 3852 5
6225 10672 5
6225 1067 4
6225 1506 4
6225 10990 4
6225 9458 4
6225 8504 4
6225 6019 5
6225 9745 3
6225 5985 5
6225 10936 5
6225 5358 4
6225 3985 1
6225 10987 3
6225 1466 5
6225 4031 4
6225 5368 5
6225 11390 4
6225 4634 4
6225 7716 5
6225 3954 4
6225 3913 5
6225 5595 5
6225 1022 3
6225 9139 4
6225 4414 5
6225 4358 5
6226 4768 5
6226 5024 5
6226 4203 5
6226 3913 4
6226 4919 5
6227 3469 4
6227 6946 4
6227 3905 5
6227 10409 3
6227 3748 3
6227 8534 1
6227 4712 4
6227 10972 5
6228 1501 5
6228 4103 5
6228 312 5
6228 288 5
6228 1386 4
6228 712 5
6228 6365 5
6228 2969 5
6228 6892 4
6228 772 5
6228 766 5
6228 8346 2
6228 1403 1
6228 5513 5
6228 9174 5
6229 10770 5
6229 5628 5
6229 5370 5
6230 9553 5
6230 8785 5
6230 10489 3
6230 998 4
6230 1429 4
6230 3827 4
6230 875 1
6231 11322 5
6231 3480 5
6231 4473 5
6231 3892 5
6231 10197 5
6231 3738 5
6232 5283 5
6232 8362 5
6232 11310 5
6232 10201 5
6232 5228 4
6232 9665 4
6232 7888 5
6232 5763 3
6232 10446 5
6232 6146 3
6232 4345 2
6232 1067 4
6233 8005 5
6233 934 5
6233 5808 5
6233 896 5
6233 7543 2
6234 9300 5
6234 309 3
6234 8770 5
6234 4167 5
6234 11620 2
6234 258 5
6234 851 4
6234 6402 4
6234 4796 5
6234 3546 5
6235 4598 5
6235 7798 5
6235 4825 5
6236 4829 5
6236 2715 5
6236 9208 5
6236 1406 4
6237 9972 5
6237 6932 4
6237 797 3
6237 4802 4
6237 1029 5
6237 3949 4
6237 8098 5
6237 4057 4
6237 9906 4
6237 1466 5
6237 2756 4
6237 3275 5
6237 8168 4
6237 3422 5
6237 10480 5
6237 3469 4
6237 5058 2
6237 8500 5
6237 3361 4
6237 4141 5
6237 880 5
6237 10509 4
6238 3328 5
6238 3148 4
6238 9675 4
6238 8450 5
6238 609 5
6238 925 5
6238 9058 5
6238 309 4
6238 9660 4
6238 3959 5
6239 1775 5
6239 1772 3
6239 656 1
6239 1535 1
6239 104 5
6239 9311 5
6239 728 5
6239 5441 5
6239 5096 5
6239 211 5
6239 7822 4
6239 695 4
6239 309 4
6239 9058 5
6240 5671 5
6240 1735 4
6240 870 4
6240 2139 4
6240 165 5
6240 126 4
6240 1346 5
6240 2696 5
6240 3672 5
6240 4919 4
6240 4203 4
6240 4537 4
6240 857 4
6240 5671 5
6240 5856 5
6240 6043 4
6240 239 4
6240 5063 4
6240 5671 5
6241 5458 5
6241 5850 5
6241 4033 5
6241 5356 5
6242 11647 4
6242 10038 5
6242 11349 5
6242 4203 4
6242 3123 2
6242 1453 4
6243 1177 5
6243 7212 5
6243 5673 5
6243 7241 5
6243 112 5
6243 5731 5
6243 7959 4
6243 1045 5
6243 8564 5
6243 2617 2
6243 3512 5
6243 798 5
6243 4368 2
6243 4361 4
6243 5218 5
6243 8167 5
6243 8924 5
6243 820 3
6243 9364 4
6243 10227 1
6243 638 5
6243 9173 4
6243 4411 2
6243 11327 4
6243 857 4
6243 10067 4
6244 2940 5
6244 4421 5
6244 7497 5
6244 10321 3
6244 11453 5
6244 10380 5
6244 10380 5
6244 9703 4
6245 3897 4
6245 4225 4
6245 3091 1
6245 3883 5
6245 5112 4
6245 477 5
6245 622 5
6245 3882 5
6245 5388 4
6245 3883 5
6245 3446 4
6246 10022 2
6246 5206 5
6246 2755 5
6246 1602 5
6246 9084 5
6246 8747 1
6246 8521 5
6246 1101 4
6247 211 5
6247 1441 5
6247 1329 5
6247 6146 3
6247 9774 3
6247 5229 3
6247 6153 4
6247 8362 4
6247 5370 4
6247 5377 5
6247 11392 5
6248 946 1
6248 5359 5
6248 1515 3
6248 9491 5
6249 3805 4
6249 8232 5
6249 1509 4
6249 9981 5
6249 5579 1
6249 10462 5
6249 3859 5
6249 2648 4
6249 2242 2
6249 6846 5
6249 2720 4
6249 3625 4
6249 4624 5
6249 5472 5
6249 5310 3
6249 4597 5
6249 11035 5
6249 4834 5
6250 7340 5
6250 11622 5
6250 5177 4
6250 6103 4
6250 3223 3
6251 288 5
6251 196 5
6251 1395 5
6251 746 4
6251 728 5
6251 775 1
6251 3804 5
6251 1998 5
6251 4581 4
6251 3450 1
6252 2230 3
6252 4394 5
6252 3905 2
6253 3024 4
6253 4127 5
6253 3266 5
6254 5705 5
6254 976 4
6254 3499 5
6254 5776 3
6254 47 4
6254 5307 4
6254 9697 2
6255 3954 4
6255 3913 5
6255 5307 5
6256 4361 4
6256 8653 5
6256 2837 4
6256 309 3
6256 8860 4
6256 3025 5
6256 9017 3
6256 919 3
6257 1458 4
6257 4690 4
6257 10350 4
6257 3255 3
6257 7753 5
6257 3906 5
6257 1438 5
6257 6515 5
6257 4826 2
6257 11307 4
6257 880 4
6257 3329 5
6258 11602 4
6258 3861 5
6258 3861 5
6258 4917 3
6258 9656 4
6258 1496 5
6258 9212 4
6258 1082 5
6258 11365 5
6258 5359 5
6258 11689 3
6258 2987 3
6258 10756 5
6258 11491 5
6258 11541 5
6258 9140 5
6258 2095 5
6258 11359 5
6258 6941 2
6258 3625 4
6258 9489 4
6258 10755 5
6258 11606 4
6258 4965 5
6258 9114 4
6258 857 5
6258 11692 5
6258 6019 5
6259 377 4
6259 1509 1
6259 843 3
6259 3422 5
6259 577 5
6259 2718 4
6259 11157 3
6259 3579 5
6259 4625 5
6259 395 2
6259 9478 5
6259 11532 1
6259 411 5
6259 4893 5
6259 11430 5
6259 4949 2
6259 3790 4
6259 8242 5
6259 4627 5
6259 5458 3
6259 6549 4
6259 11689 3
6259 1469 4
6259 8351 2
6259 11365 4
6259 6774 2
6259 5356 4
6259 9265 3
6259 5533 1
6259 9332 4
6259 3056 4
6259 9142 4
6259 11510 5
6259 10121 5
6259 3267 3
6259 3770 5
6259 10583 4
6259 9851 4
6260 772 5
6260 4393 4
6260 211 4
6260 727 4
6260 1779 4
6260 1403 1
6260 997 5
6260 9402 5
6260 1285 5
6260 8970 5
6260 843 4
6260 327 2
6260 11472 4
6260 10861 4
6260 11422 4
6260 5443 5
6261 867 5
6261 3558 5
6261 10802 5
6262 11607 4
6262 5804 5
6262 5351 5
6263 2194 4
6263 947 5
6263 3951 4
6264 1963 4
6264 6822 4
6264 6406 2
6264 7660 5
6264 196 5
6264 11199 5
6264 8400 3
6264 814 5
6264 706 5
6264 7847 5
6264 803 5
6264 695 5
6264 1536 5
6264 1775 5
6264 1682 5
6264 5583 5
6264 4844 5
6264 728 5
6264 211 5
6264 4105 5
6264 251 5
6264 1277 5
6265 312 5
6265 3796 5
6265 5226 4
6265 728 3
6266 5084 5
6266 934 4
6266 10790 4
6267 196 4
6267 5197 5
6267 1403 5
6267 739 4
6267 832 4
6267 706 3
6267 276 3
6267 288 4
6267 258 5
6267 323 5
6267 1395 4
6267 312 5
6267 759 4
6267 309 5
6267 4113 5
6267 1767 4
6267 1263 3
6267 1260 4
6267 4280 5
6267 732 3
6267 4478 5
6267 785 5
6267 8520 5
6267 9516 5
6267 1275 3
6267 178 5
6267 5824 5
6267 9219 5
6267 8925 5
6267 1039 5
6267 10449 5
6267 8521 5
6267 2242 5
6267 7196 5
6267 914 5
6267 8785 5
6267 9537 5
6268 3313 3
6268 1000 5
6268 2979 5
6268 1029 3
6268 3015 5
6268 3063 5
6269 4496 4
6269 1319 3
6269 2687 5
6269 805 5
6270 1049 5
6270 3765 4
6270 1389 5
6271 5620 5
6271 5417 3
6271 857 3
6271 5733 5
6271 1042 5
6271 5891 4
6271 8495 5
6272 9308 5
6272 9209 5
6272 11283 4
6272 2152 4
6272 7375 5
6272 766 3
6272 4963 5
6272 1854 5
6272 10858 5
6272 10634 4
6272 9833 4
6272 990 5
6272 6664 5
6272 6562 5
6272 4801 5
6272 1416 5
6272 959 5
6272 6035 4
6272 2692 5
6272 4351 5
6272 7546 5
6272 3055 5
6272 6269 5
6272 861 5
6272 10472 4
6272 1048 5
6272 903 5
6272 10775 5
6272 3934 5
6272 7188 4
6272 978 5
6272 910 5
6272 3801 5
6272 935 1
6272 934 5
6272 1049 3
6272 9671 5
6272 3208 4
6272 7505 5
6272 3748 5
6272 947 5
6272 5579 5
6272 5464 2
6272 990 5
6272 4135 5
6272 4639 5
6272 4054 1
6272 631 5
6272 845 3
6272 1450 5
6272 812 5
6272 4788 4
6272 3108 5
6272 9270 5
6272 3041 2
6272 9418 5
6272 5318 2
6272 2095 1
6272 2749 4
6272 2749 4
6272 3315 4
6272 11490 5
6272 4634 4
6272 2558 5
6272 6970 4
6272 10731 4
6273 5520 5
6273 9858 5
6273 10634 1
6273 9455 3
6273 2095 5
6273 9665 1
6273 11541 4
6273 5126 4
6274 323 3
6274 732 5
6274 712 1
6274 474 5
6274 728 5
6274 6700 5
6275 830 5
6275 756 4
6275 3834 4
6275 4549 4
6275 1409 5
6276 9313 5
6276 3146 5
6276 9623 5
6276 904 3
6276 3778 3
6276 1481 4
6277 3498 4
6277 5850 4
6277 11293 5
6277 4044 4
6278 258 4
6278 4634 1
6278 288 4
6278 211 1
6278 728 5
6278 766 5
6278 4341 5
6279 6954 5
6279 136 5
6279 7567 5
6279 4988 5
6279 857 4
6279 5745 3
6279 6075 4
6279 3146 5
6280 9159 5
6280 10341 5
6280 10288 5
6280 9698 5
6280 7716 3
6280 5281 4
6280 9137 5
6280 3195 4
6280 10153 5
6280 4414 5
6280 5997 3
6280 7560 4
6280 711 4
6280 4239 2
6280 2974 4
6280 2966 5
6280 2367 4
6280 589 4
6280 11442 4
6281 5997 3
6281 3819 5
6281 3195 5
6282 4408 2
6282 9515 4
6282 5837 5
6282 850 5
6283 8134 5
6283 1136 4
6283 4988 5
6283 5864 5
6283 2918 4
6283 2655 1
6283 9415 5
6283 4824 5
6283 6498 4
6284 1065 5
6284 7866 5
6284 9859 5
6284 1352 5
6284 4955 5
6285 4607 5
6285 534 5
6285 5897 5
6285 1819 1
6285 3165 2
6285 11159 5
6286 10261 5
6286 5756 5
6286 8856 5
6286 5756 5
6286 9188 5
6286 3950 5
6287 11645 5
6287 10261 5
6287 3849 1
6287 11704 2
6287 1364 2
6287 2722 5
6287 4135 5
6287 5855 5
6287 3869 1
6287 3768 1
6287 4673 5
6287 3768 1
6287 3950 1
6287 10506 5
6287 8744 5
6288 1902 5
6288 258 4
6288 747 4
6289 11275 5
6289 5458 3
6289 10301 5
6289 11441 5
6289 11142 5
6289 5392 5
6289 9745 4
6289 9534 5
6289 9138 5
6289 9142 5
6290 6595 4
6290 10695 5
6290 11633 4
6290 9927 5
6290 10626 5
6290 7160 5
6290 10057 5
6290 11409 5
6291 3763 5
6291 897 1
6291 246 5
6291 3795 5
6291 662 5
6292 8081 5
6292 343 3
6292 6896 4
6292 2392 4
6292 548 5
6292 4839 5
6292 358 3
6292 4026 5
6292 2318 5
6292 377 5
6292 842 5
6292 3483 5
6292 518 5
6292 9109 2
6292 2595 5
6292 1061 5
6292 1255 4
6292 551 3
6292 7392 5
6292 7027 5
6292 9477 5
6292 3396 5
6292 340 4
6292 4495 5
6292 11157 5
6292 2897 5
6292 367 3
6292 5207 4
6292 9060 5
6292 6415 5
6292 2371 5
6292 8928 5
6292 548 5
6292 4836 5
6292 8308 5
6293 9849 4
6293 1607 5
6293 10802 5
6293 7712 4
6293 11005 5
6293 11006 3
6293 3860 5
6293 3352 4
6294 742 2
6294 2194 3
6294 3861 5
6294 7259 3
6294 10121 5
6294 11111 4
6294 10702 5
6294 7209 4
6294 9140 5
6295 8761 5
6295 8963 5
6295 4059 5
6295 9700 4
6295 10350 4
6295 1439 5
6296 3301 5
6296 3474 5
6296 7192 5
6296 3665 5
6297 4152 5
6297 1901 5
6297 8288 5
6297 3251 5
6297 3146 4
6298 9488 3
6298 3123 4
6298 211 5
6298 6139 4
6298 3601 5
6298 1736 4
6298 4782 5
6298 4919 5
6299 9399 4
6299 7526 5
6299 4847 3
6299 9223 5
6299 6093 4
6299 8998 4
6299 5620 1
6299 9406 5
6300 1317 2
6300 830 5
6300 649 4
6301 10714 4
6301 6917 4
6301 4618 5
6301 1506 5
6301 9273 5
6301 4080 4
6301 7398 4
6302 1992 5
6302 712 4
6302 7215 5
6303 8335 5
6303 8402 5
6303 5379 5
6303 10376 5
6303 10583 5
6303 1870 5
6303 1466 1
6303 885 5
6303 6961 5
6303 11586 5
6304 5468 5
6304 9852 4
6304 3863 4
6304 5370 2
6304 9802 3
6304 2093 2
6304 5606 5
6304 4726 3
6304 10172 4
6304 5003 4
6304 2722 4
6304 5383 4
6304 3195 4
6304 10582 4
6304 3569 5
6304 10529 5
6304 2095 4
6304 1452 5
6304 10729 4
6304 9665 3
6304 9952 5
6304 5368 4
6304 3275 4
6304 11470 5
6304 2045 2
6304 9949 4
6304 11307 5
6304 9099 4
6304 2701 5
6304 8499 3
6304 11369 5
6304 937 3
6304 4634 4
6304 934 5
6304 954 3
6304 10122 4
6304 3852 5
6304 1097 1
6304 8362 3
6304 8502 4
6304 1062 4
6304 1048 4
6304 8574 5
6304 8745 2
6304 5371 5
6304 10701 4
6304 6511 4
6304 4135 4
6304 9493 4
6304 11170 3
6304 11568 4
6304 6961 5
6304 3953 2
6304 9779 1
6304 3801 5
6304 3905 3
6304 8756 5
6305 5932 5
6305 2168 5
6305 6126 5
6305 11330 5
6305 5193 5
6306 6478 4
6306 2896 4
6306 5841 5
6306 8833 4
6306 2425 5
6306 11428 5
6306 10269 5
6307 3503 4
6307 7701 5
6307 679 5
6307 11061 4
6307 9149 5
6307 3596 5
6307 10663 5
6307 7572 4
6307 9094 4
6308 640 1
6308 6844 5
6308 10648 5
6308 10863 5
6308 4353 5
6308 5792 5
6309 3779 4
6309 3865 4
6309 1486 4
6309 3267 5
6309 8950 5
6309 6520 5
6309 3864 4
6309 10073 5
6309 9243 4
6309 3944 2
6309 9442 4
6309 920 5
6309 947 4
6309 10908 5
6309 3781 4
6309 548 4
6309 4631 3
6309 3870 2
6309 3814 5
6309 9179 4
6309 3108 4
6309 3776 2
6309 484 4
6309 8033 2
6309 3985 5
6309 3152 5
6309 3830 4
6309 4396 4
6309 9403 4
6309 1081 3
6309 3796 5
6309 638 3
6309 11706 5
6309 3949 4
6310 8747 1
6310 5733 5
6310 3583 4
6310 3267 4
6310 10400 3
6310 3869 4
6310 943 2
6310 3032 5
6310 10885 3
6310 3874 5
6310 5467 2
6310 11319 3
6311 991 5
6311 4394 5
6311 9322 5
6311 1494 2
6311 4188 5
6311 3340 5
6311 3501 5
6311 7871 5
6311 5594 5
6311 10972 5
6311 10962 5
6311 9952 5
6311 8503 5
6311 10685 5
6311 2414 5
6311 300 5
6311 958 5
6311 888 5
6311 1083 5
6311 10920 5
6311 1034 5
6311 8410 5
6311 1027 5
6311 9887 5
6311 11248 4
6311 4074 5
6311 10115 2
6311 851 5
6311 10323 5
6311 5494 5
6311 7441 5
6311 11254 5
6311 9592 5
6311 11326 5
6312 3194 5
6312 5611 4
6312 3315 5
6312 11254 3
6312 5539 5
6312 4829 2
6313 5733 4
6313 2398 5
6313 8745 5
6313 6010 5
6313 3252 3
6313 11627 1
6314 6275 5
6314 4971 5
6314 2701 5
6314 3717 5
6314 4926 1
6314 5220 3
6314 5537 5
6314 717 5
6314 10392 5
6314 3797 4
6314 3870 3
6314 4358 5
6314 1521 4
6314 3776 2
6314 981 5
6314 947 4
6314 10888 5
6314 2305 3
6314 9202 4
6314 2558 4
6314 3615 3
6314 3913 5
6314 1515 4
6315 10183 1
6315 2269 5
6315 8943 3
6315 10181 4
6315 5072 4
6315 8087 3
6315 5065 2
6315 3446 4
6315 5067 4
6315 10179 5
6316 7556 5
6316 3927 4
6316 9777 1
6316 5167 2
6316 7792 4
6316 5620 2
6316 4097 4
6316 1067 3
6316 5359 3
6316 4091 4
6316 5597 4
6316 5226 4
6316 3645 5
6316 8258 2
6316 2701 5
6317 10627 1
6317 1001 4
6317 4274 4
6317 873 5
6317 5400 5
6317 8761 5
6318 10181 2
6318 4680 4
6318 3617 4
6318 2011 1
6319 4402 3
6319 2152 4
6319 4694 5
6319 10317 1
6319 5558 5
6319 11640 4
6319 857 4
6319 6269 5
6319 3446 5
6319 3832 4
6319 5385 2
6319 4788 5
6319 969 4
6319 771 5
6319 8491 4
6319 10309 5
6319 11612 5
6319 10738 4
6319 4135 5
6319 934 4
6319 11450 4
6319 10346 5
6319 903 5
6319 5467 3
6319 1344 5
6319 4785 4
6319 2701 4
6319 10897 5
6319 4917 1
6319 3914 4
6319 935 5
6319 4137 1
6320 2461 5
6320 4383 4
6320 5627 5
6320 842 5
6320 2315 2
6320 2582 3
6320 3322 5
6320 3446 3
6320 2718 4
6320 10358 3
6320 2716 3
6320 830 5
6320 2756 2
6320 2194 2
6320 3828 4
6320 904 4
6320 8489 4
6320 1429 4
6320 3146 5
6320 10776 5
6320 1481 4
6320 3797 4
6320 1876 5
6320 10220 3
6320 1503 4
6320 1344 5
6320 5321 1
6320 3882 5
6320 1515 4
6320 4633 4
6320 3687 5
6320 8160 3
6320 2695 4
6320 4917 3
6320 9411 5
6320 6899 4
6320 1733 5
6320 1515 5
6320 3686 4
6320 4833 1
6320 11052 1
6320 8493 4
6320 3108 3
6320 2558 4
6320 9990 4
6320 880 5
6320 1462 4
6320 4019 4
6320 3883 5
6320 7834 2
6320 9173 5
6320 3790 5
6321 3583 1
6321 10682 4
6321 4631 4
6321 11242 3
6321 1730 5
6321 4784 4
6321 5397 4
6322 5217 4
6322 4551 4
6322 904 3
6322 5744 4
6322 10036 3
6323 3581 5
6323 5634 2
6323 8443 5
6323 466 5
6323 5359 5
6323 3778 4
6324 8338 1
6324 4265 3
6324 10737 4
6324 10858 5
6324 1493 4
6324 4135 5
6324 11538 1
6324 3267 4
6324 1876 3
6324 10058 3
6324 1096 5
6324 3814 5
6324 5501 1
6324 11643 3
6324 3852 5
6324 9276 5
6324 8087 3
6324 2036 3
6324 5467 5
6324 4675 4
6324 9780 4
6324 10876 3
6324 3936 5
6324 767 5
6324 2930 3
6324 8332 5
6324 3936 4
6325 4723 1
6325 9488 5
6325 5525 4
6325 9478 5
6325 9459 4
6325 2709 4
6325 3055 5
6326 11542 5
6326 3985 5
6326 5765 4
6326 11220 5
6326 5776 3
6326 1607 4
6326 3779 4
6326 4634 4
6326 9452 4
6326 945 4
6326 4694 4
6326 3055 5
6326 5474 4
6326 857 4
6326 1062 5
6327 11258 5
6327 9594 5
6327 4286 4
6327 3718 4
6327 2242 4
6327 1607 3
6327 5853 4
6327 8681 4
6327 2656 5
6327 3943 5
6327 4645 4
6327 11578 4
6327 3863 5
6327 3947 5
6327 9668 4
6327 977 5
6327 1479 1
6327 3913 4
6327 8087 4
6327 8519 4
6327 4807 5
6327 3950 4
6328 11697 5
6328 2168 5
6328 3870 3
6328 10721 4
6328 6960 5
6328 2713 5
6328 9583 5
6329 10298 3
6329 5766 5
6329 6586 4
6329 8421 5
6329 4698 4
6329 3076 3
6330 1377 3
6330 3315 1
6330 933 5
6330 8830 5
6330 9935 5
6330 10232 5
6331 9287 5
6331 891 4
6331 3728 5
6331 1607 1
6332 10937 5
6332 4888 5
6332 1000 2
6332 1607 3
6332 1029 3
6332 3701 4
6332 327 4
6332 6515 5
6332 3627 4
6333 8402 5
6333 1272 5
6333 1275 5
6333 824 5
6333 47 5
6333 5982 4
6333 4378 4
6334 943 1
6334 9233 5
6334 8747 4
6334 934 4
6334 10262 2
6334 10646 3
6334 3918 4
6334 5291 3
6334 7504 4
6334 981 4
6334 3930 4
6334 10920 3
6334 8514 2
6334 9173 4
6334 8881 3
6334 9741 4
6334 11196 4
6334 3606 5
6334 6174 5
6334 10039 2
6334 1365 5
6334 9993 4
6334 1048 5
6334 4853 5
6334 10466 5
6334 11069 3
6334 990 4
6334 4033 4
6334 10936 5
6334 9476 5
6334 11021 4
6334 908 4
6334 4400 1
6334 8142 5
6334 1510 3
6334 839 5
6334 11548 5
6334 11516 4
6334 4784 3
6334 1511 4
6335 11652 4
6335 2670 3
6335 10666 5
6335 4203 5
6335 9045 5
6335 9146 4
6335 2095 4
6335 9730 5
6335 9959 5
6335 4634 4
6335 8230 5
6336 4919 5
6336 1607 5
6336 9459 5
6336 5850 5
6336 2720 4
6336 3943 5
6336 5359 5
6336 857 5
6337 11393 2
6337 4807 4
6337 5112 4
6337 5597 5
6337 857 4
6337 3592 3
6337 3209 4
6337 6551 5
6337 8586 5
6337 11142 5
6337 900 5
6337 814 5
6337 992 5
6337 934 3
6338 9656 4
6338 3252 5
6338 3861 5
6338 857 5
6338 11445 4
6338 1101 5
6338 7160 5
6338 4629 3
6339 10267 4
6339 8384 1
6339 6960 5
6340 1021 5
6340 1498 3
6340 9455 4
6340 9831 5
6340 3832 5
6340 9520 5
6340 10654 5
6340 2095 4
6340 10199 5
6340 10915 2
6340 10732 4
6341 994 1
6341 3810 5
6341 4949 5
6342 7734 1
6342 3195 4
6342 6400 4
6342 898 5
6342 1081 5
6342 1516 4
6343 8493 3
6343 5441 5
6343 8697 2
6343 3149 5
6343 10956 5
6343 8504 5
6343 8239 4
6343 3913 3
6343 1048 4
6343 9772 1
6343 3138 4
6343 4135 5
6343 5597 5
6344 3619 3
6344 10445 4
6344 11046 5
6345 979 1
6345 9368 5
6345 4703 3
6345 5611 4
6345 5404 4
6345 1365 5
6346 5605 4
6346 3773 5
6346 10150 1
6346 484 4
6346 972 4
6347 8115 5
6347 5263 4
6347 8560 5
6347 5176 5
6347 3871 5
6347 3447 4
6347 3913 4
6347 10724 3
6347 11701 3
6347 10280 3
6347 5253 2
6347 768 2
6347 3801 5
6348 5466 5
6348 1462 5
6348 1462 5
6348 1508 5
6348 876 4
6348 5369 5
6348 3926 5
6348 8682 4
6348 954 5
6348 966 5
6348 5656 5
6348 8926 5
6348 9237 4
6348 1011 4
6348 10446 1
6348 1439 5
6348 10247 3
6348 7188 2
6348 5003 5
6348 5168 1
6348 3606 2
6348 9673 4
6348 10752 4
6348 9995 5
6348 5062 5
6349 814 5
6349 6374 5
6349 3760 4
6349 11242 5
6349 4764 5
6349 3606 5
6350 3782 5
6350 5482 5
6350 934 5
6350 5302 2
6350 4673 3
6350 5466 5
6350 11012 5
6351 3329 5
6351 10461 5
6351 10747 4
6351 10914 4
6352 4673 5
6352 5226 5
6352 10407 5
6352 3949 5
6353 3861 5
6353 10412 2
6353 10345 5
6353 11170 5
6353 10227 5
6353 11145 4
6353 11139 5
6353 991 5
6353 1047 4
6354 2495 4
6354 9172 5
6354 1403 2
6354 932 5
6354 1042 4
6354 5630 5
6354 4786 5
6354 4540 5
6354 10663 5
6354 11647 5
6354 5158 5
6354 4056 5
6354 3446 4
6354 10766 5
6354 11437 5
6354 11437 4
6354 11437 5
6354 9337 5
6354 910 5
6354 9943 5
6354 4787 5
6354 11453 5
6354 10321 4
6354 3800 4
6354 9739 5
6354 11367 4
6354 11367 5
6354 10028 5
6355 4829 5
6355 810 5
6355 1691 4
6355 3149 5
6355 3791 5
6355 3687 5
6356 3883 5
6356 9491 5
6356 3892 5
6356 7188 5
6356 10572 4
6356 3478 5
6357 9567 4
6357 11277 4
6357 5069 4
6358 11660 3
6358 10429 5
6358 5331 4
6358 4753 5
6358 297 5
6358 3460 4
6358 3498 4
6358 5626 4
6358 3276 4
6358 8639 4
6358 4951 4
6358 10003 5
6358 3127 4
6358 9633 5
6359 1332 5
6359 3739 5
6359 11334 5
6359 5023 5
6359 5571 5
6359 2746 5
6359 10025 4
6359 1439 5
6359 7579 5
6359 1870 4
6359 6174 5
6359 1520 2
6359 5776 4
6360 5459 5
6360 4800 5
6360 3796 5
6360 9952 5
6360 4771 5
6360 9901 5
6360 10604 4
6360 8115 5
6360 3784 5
6360 3617 5
6360 1522 5
6360 4597 5
6360 2648 3
6360 10535 5
6360 3275 5
6360 1060 5
6360 4653 5
6360 554 4
6361 1522 5
6361 1344 5
6361 6614 4
6361 5342 5
6361 10548 3
6362 925 5
6362 10532 5
6362 947 4
6363 964 5
6363 5296 4
6363 10704 5
6363 5997 4
6363 9527 5
6364 5230 5
6364 10515 2
6364 10717 3
6364 10317 4
6364 5003 2
6364 10617 4
6364 4848 4
6364 3790 2
6364 3117 5
6364 1763 4
6364 3117 4
6364 5476 4
6364 5213 4
6364 5464 4
6364 10666 4
6364 5767 4
6364 4386 2
6364 9296 3
6364 2713 5
6364 11380 4
6364 2639 4
6364 5530 5
6364 845 3
6364 9624 2
6364 1329 4
6364 3627 3
6364 1705 4
6364 4019 3
6364 4627 4
6364 892 4
6364 3944 2
6364 4135 4
6364 3784 4
6364 3599 3
6364 10541 3
6364 5228 3
6364 6634 4
6364 11119 3
6364 8115 5
6365 4834 4
6365 6004 4
6365 1020 5
6366 10732 5
6366 4092 5
6366 10006 5
6367 1469 5
6367 9834 4
6367 3422 5
6367 6019 5
6367 4690 4
6367 6662 5
6367 9749 4
6367 10629 4
6367 5392 4
6367 2242 4
6367 9748 4
6367 8742 4
6367 9140 4
6367 9361 5
6367 10495 4
6367 9507 5
6367 1082 5
6367 8830 4
6367 3144 4
6367 5850 5
6367 4917 2
6367 466 5
6367 3852 2
6367 377 5
6367 3849 1
6367 3625 4
6367 2656 5
6367 1522 4
6367 9220 4
6367 11681 4
6367 9954 5
6367 3275 4
6367 1285 3
6367 2373 3
6367 2413 4
6367 2269 5
6368 3687 5
6368 4135 4
6368 5228 3
6368 3819 4
6368 2741 3
6368 857 5
6368 3801 5
6368 3810 5
6368 10113 2
6368 2944 5
6368 10747 1
6368 8234 4
6369 5906 5
6369 992 5
6369 3953 3
6369 1493 4
6369 9463 5
6369 8670 5
6369 3958 4
6369 9454 5
6369 1448 5
6369 1457 3
6369 1067 2
6369 8310 4
6369 8362 4
6369 3715 4
6369 1329 5
6369 3600 5
6369 5502 3
6369 9808 5
6369 1514 5
6369 10916 3
6369 4834 3
6369 1445 5
6369 5355 3
6369 4634 4
6369 4676 5
6369 3846 5
6369 10821 5
6369 10544 5
6369 580 5
6369 3761 5
6369 9916 5
6370 8362 5
6370 5458 5
6370 11192 5
6371 9189 5
6371 3748 5
6371 1241 5
6371 8857 5
6371 1060 5
6371 4250 5
6371 6821 3
6371 4630 4
6371 4854 5
6371 5376 5
6371 8495 2
6371 5537 5
6371 9676 4
6371 5322 1
6371 3468 5
6371 9490 5
6371 10793 3
6371 10792 2
6371 10792 2
6371 218 5
6371 10791 2
6371 10127 4
6371 5312 4
6371 9769 5
6371 947 4
6371 4643 4
6371 4642 5
6371 11477 4
6371 5322 4
6371 3623 4
6371 3422 4
6372 8514 4
6372 934 4
6372 966 5
6372 3852 5
6372 10140 5
6372 5016 2
6373 9847 5
6373 4590 5
6373 11398 5
6373 11673 5
6373 9330 4
6373 10519 2
6373 5166 1
6373 845 4
6373 5339 4
6373 923 2
6373 9546 4
6373 4676 4
6374 4847 4
6374 8648 5
6374 978 4
6374 3863 5
6374 4091 4
6374 5997 4
6374 936 4
6375 7588 5
6375 4963 5
6375 9992 4
6375 4091 4
6375 8289 3
6375 6691 5
6375 9411 4
6375 1076 4
6375 1516 4
6375 11328 5
6375 306 5
6375 955 5
6375 4785 5
6375 954 4
6375 4040 4
6375 10324 4
6375 1022 5
6376 4694 5
6376 4694 5
6376 3138 5
6376 4135 5
6376 857 5
6376 7920 4
6376 2558 4
6376 5467 5
6376 1021 5
6376 4095 5
6376 981 1
6376 2618 5
6376 10684 5
6376 5930 5
6376 5355 3
6376 4019 4
6377 11217 5
6377 11494 4
6377 11188 4
6377 11459 5
6377 9490 2
6377 5851 5
6377 9950 4
6378 4881 4
6378 3447 1
6378 11313 4
6379 10366 2
6379 10240 4
6379 3770 5
6379 2269 5
6379 3041 4
6379 3032 5
6379 10622 5
6379 11681 4
6379 5294 4
6379 10435 4
6379 5139 4
6379 7976 4
6379 1002 5
6379 7943 4
6379 3950 2
6379 4022 2
6379 10359 3
6379 5355 4
6379 1082 4
6379 1629 4
6379 11580 4
6379 3614 5
6379 3252 3
6379 1498 3
6379 5498 5
6379 1365 5
6379 3953 4
6379 378 4
6379 5438 5
6379 8953 5
6379 10672 4
6379 5293 4
6379 3801 5
6379 7373 4
6379 3810 3
6379 11470 4
6379 535 5
6379 3877 5
6379 11531 4
6379 1101 5
6379 5360 4
6379 2413 3
6379 4632 3
6379 3422 5
6379 6622 3
6379 11671 4
6379 4771 5
6379 9489 4
6379 11390 3
6379 622 5
6379 10890 4
6379 11048 4
6379 11426 4
6379 5529 5
6379 466 4
6379 10840 5
6379 10936 4
6380 5846 5
6380 4603 5
6380 3913 5
6380 3954 4
6380 9330 5
6380 9517 5
6381 5368 1
6381 7153 5
6381 11014 4
6381 3891 1
6381 10345 4
6381 11147 5
6381 4590 5
6382 5585 2
6382 9858 4
6382 11582 5
6383 11319 4
6383 11002 4
6383 910 3
6383 3891 4
6384 164 3
6384 1275 3
6384 7394 4
6384 747 5
6384 839 5
6384 9593 5
6384 8118 4
6384 862 5
6384 3885 4
6384 11677 5
6384 3940 5
6384 10561 5
6384 3478 5
6384 8606 4
6384 8359 3
6384 9397 4
6384 6019 5
6384 9569 5
6384 10093 3
6384 934 5
6384 10247 4
6384 3208 4
6384 3768 5
6384 10859 5
6384 6961 4
6384 3155 5
6384 4784 5
6384 3801 5
6384 10055 5
6384 10508 4
6384 900 5
6384 11710 4
6384 10250 4
6384 9137 4
6384 5464 5
6384 9494 4
6384 9494 4
6384 327 2
6384 10617 4
6384 10132 4
6384 9139 5
6384 3611 5
6384 8349 5
6384 3881 2
6384 9491 4
6384 4308 4
6384 5293 5
6384 9459 5
6384 3796 5
6384 10445 4
6384 5326 4
6384 1506 5
6385 3630 2
6385 1241 5
6385 3760 3
6386 11339 4
6386 7572 5
6386 3121 5
6386 2558 5
6386 6019 5
6386 5355 5
6386 3748 4
6386 10629 5
6386 3625 3
6386 11463 4
6386 3825 4
6386 2670 4
6386 1097 5
6386 2701 5
6386 3469 3
6386 11430 5
6386 11369 5
6386 7966 4
6386 10161 5
6386 8280 3
6386 5392 5
6386 4820 4
6386 4634 5
6386 1466 5
6386 6950 4
6386 954 5
6386 2262 4
6386 3656 5
6386 8638 4
6386 5409 4
6386 8504 4
6386 3275 4
6386 3422 4
6386 3617 5
6386 1469 5
6386 10905 4
6386 10230 4
6386 6041 3
6386 10418 4
6386 2746 5
6386 2712 5
6386 4019 5
6386 9135 4
6386 3252 5
6386 3761 5
6386 8168 4
6386 5042 5
6386 3879 4
6386 3626 5
6386 2615 5
6386 4022 3
6386 8242 3
6386 5458 5
6386 5356 5
6386 936 4
6386 5592 4
6386 1062 5
6386 8234 4
6386 2749 4
6387 3107 4
6387 5602 4
6387 3162 5
6387 7707 4
6387 5808 4
6387 7512 4
6387 10925 3
6387 9607 4
6387 8589 4
6387 4710 4
6387 10882 5
6388 1365 5
6388 3208 4
6388 9676 5
6389 4491 5
6389 8362 5
6389 935 3
6389 4785 3
6389 11470 5
6389 4634 3
6389 991 5
6389 8033 3
6389 9240 5
6389 10129 4
6389 10776 5
6389 7188 4
6389 5630 5
6389 861 5
6389 967 4
6389 10128 5
6389 9677 3
6389 9455 5
6389 10731 4
6389 8606 4
6389 8007 4
6389 10682 5
6389 10899 2
6389 1450 5
6389 631 4
6389 11221 3
6390 4829 5
6390 10934 4
6390 9690 3
6390 3950 4
6391 1071 4
6391 4676 5
6391 1506 4
6391 11522 3
6391 3951 5
6392 3950 5
6392 11283 4
6392 3252 1
6392 9478 5
6392 341 5
6392 4776 4
6392 3810 5
6392 10227 5
6392 3871 2
6392 3774 2
6392 4877 4
6392 9620 5
6392 9838 5
6392 11029 5
6392 9734 5
6392 4783 5
6392 3785 3
6392 857 5
6393 10691 4
6393 3905 4
6393 10878 5
6394 2712 5
6394 5492 2
6394 5058 1
6394 5232 5
6394 10927 5
6394 8592 5
6394 8362 4
6394 11021 4
6394 8666 4
6394 3762 5
6394 1103 1
6394 4400 4
6395 6968 5
6395 8836 5
6395 2242 4
6395 7153 5
6395 3611 4
6395 3773 5
6395 3793 4
6395 4401 3
6395 5283 1
6395 5438 5
6395 10842 5
6395 3614 5
6396 10502 5
6396 10497 4
6396 5402 5
6397 3952 5
6397 8160 5
6397 10051 5
6397 9671 4
6397 4949 5
6397 10487 1
6397 3388 4
6397 2689 4
6397 2726 5
6397 2262 4
6397 885 5
6397 4642 5
6397 1469 5
6397 9923 5
6397 9535 5
6397 2558 5
6397 1062 5
6397 2570 5
6397 1802 5
6397 7920 5
6397 4022 5
6397 1021 1
6397 10702 5
6397 9492 5
6397 10707 5
6397 11363 4
6397 4095 5
6397 4597 5
6397 10583 5
6397 7331 3
6397 8242 5
6397 5042 5
6397 8234 5
6398 3480 5
6398 8335 4
6398 10243 3
6398 523 4
6398 7853 5
6398 7871 4
6398 7976 4
6398 10942 4
6398 2720 3
6398 2648 4
6398 2220 4
6398 5458 5
6398 11578 3
6398 3790 4
6398 3583 4
6398 10691 5
6398 3615 4
6398 377 5
6398 9491 5
6398 11415 2
6398 5933 4
6398 3501 5
6398 4026 4
6398 9933 5
6398 11157 5
6399 343 4
6399 994 1
6399 1097 3
6399 6770 2
6399 6141 5
6399 7664 4
6399 7966 3
6399 2194 4
6399 10736 4
6399 10161 3
6399 2709 5
6399 2624 5
6399 11061 5
6399 2726 5
6399 3615 4
6399 4019 4
6399 1450 3
6399 1067 4
6399 935 4
6399 954 4
6399 3684 4
6399 2928 4
6399 1466 4
6399 3421 5
6399 2570 3
6399 10583 5
6399 10227 5
6399 3612 5
6399 1028 5
6399 10526 5
6399 4794 5
6399 10839 5
6399 11028 4
6399 11027 4
6399 9969 5
6399 10995 5
6399 3796 5
6399 4787 4
6399 5368 3
6399 3852 3
6399 10949 5
6399 10413 5
6399 6664 3
6399 327 2
6399 8033 5
6399 11662 5
6399 3943 5
6399 11565 5
6399 5220 5
6399 6041 5
6399 11457 5
6399 4965 4
6399 3252 5
6399 2558 5
6399 11674 4
6399 10867 5
6399 5497 4
6399 9843 4
6399 8639 4
6399 2648 3
6399 2711 4
6399 8493 4
6399 5371 5
6399 5606 4
6399 5355 3
6399 3762 5
6399 11358 5
6399 11578 4
6399 3863 5
6399 3626 5
6399 10249 5
6399 1522 3
6399 6019 2
6399 3953 5
6400 10511 4
6400 10503 5
6400 9838 5
6400 5315 4
6400 11016 4
6400 5355 5
6401 1076 2
6401 8830 3
6401 7943 4
6401 5106 1
6401 9778 4
6401 3688 4
6401 9747 3
6401 3782 2
6402 5804 5
6402 1526 5
6402 3581 5
6402 326 5
6402 4812 4
6402 4517 3
6402 3827 4
6403 1361 4
6403 5072 1
6403 5040 4
6403 4640 5
6404 9414 5
6404 5545 4
6404 8761 5
6404 5354 5
6405 3093 4
6405 3831 1
6405 11704 4
6405 5062 5
6406 8740 5
6406 4726 4
6406 5220 4
6407 8223 5
6407 11532 5
6407 5329 5
6407 2745 5
6407 3915 5
6407 3801 5
6407 2624 5
6407 857 5
6407 9444 4
6407 2616 5
6407 8503 5
6407 5366 5
6407 11505 5
6407 10051 5
6407 3825 5
6407 7331 5
6407 7160 5
6407 1021 5
6407 2095 5
6407 3952 5
6407 990 4
6407 5379 5
6407 8225 5
6407 3782 5
6407 8830 5
6407 6141 5
6407 10435 5
6407 3863 5
6407 1522 5
6407 3762 5
6407 10583 5
6407 2609 5
6407 8234 5
6407 3252 5
6407 11009 4
6407 3943 5
6408 10359 4
6408 11013 5
6408 3600 2
6408 2718 5
6408 742 1
6408 4777 5
6408 3872 5
6408 1519 4
6408 1302 5
6408 3870 3
6408 3583 4
6408 5579 1
6408 9910 5
6408 3782 5
6408 11030 5
6408 1291 5
6408 3812 5
6408 857 5
6408 11433 4
6408 10747 5
6408 3943 3
6408 2242 5
6408 9934 4
6408 1505 5
6408 2656 5
6408 3810 3
6408 1792 1
6408 2999 5
6408 2602 1
6408 577 4
6408 9937 5
6408 7978 5
6408 2636 5
6408 5720 1
6408 8455 5
6408 2662 4
6408 1220 5
6408 2730 4
6408 7969 5
6409 9275 4
6409 4694 5
6409 8761 5
6409 7856 2
6409 4673 2
6409 5841 5
6409 1506 5
6409 900 3
6409 10461 3
6409 934 4
6409 9665 5
6409 2558 5
6409 3421 4
6409 968 5
6409 10861 5
6409 2095 4
6410 3764 4
6410 4044 4
6410 6403 5
6410 1492 1
6411 1344 5
6411 10433 4
6411 11167 4
6411 11600 5
6412 8479 4
6412 5126 5
6412 9488 4
6412 5058 2
6412 8500 5
6412 9668 5
6412 9458 4
6412 2689 3
6412 9528 5
6412 4935 5
6412 377 2
6412 5579 5
6412 1052 5
6412 1498 2
6412 8315 5
6412 5302 2
6412 10269 5
6412 8586 5
6412 1452 2
6412 6129 4
6412 11691 5
6412 11418 4
6412 1618 5
6412 8043 5
6412 3791 5
6412 9949 5
6412 1075 4
6412 3852 3
6412 1671 5
6412 3801 5
6412 9119 2
6412 8528 1
6412 10238 4
6412 9948 2
6412 5170 3
6412 1079 3
6412 2682 5
6412 2045 1
6412 5318 1
6412 3796 5
6412 5368 5
6412 10875 3
6412 942 5
6412 990 5
6412 768 1
6412 11039 5
6412 4437 2
6412 10118 5
6412 10431 5
6412 4198 5
6412 1097 4
6412 8635 5
6412 11490 5
6412 4794 4
6412 10674 5
6412 11404 5
6412 6511 2
6412 2247 4
6412 3806 4
6412 3884 2
6412 2318 5
6412 3935 5
6412 7006 4
6412 4273 5
6412 10345 4
6412 1802 5
6412 9885 1
6412 11702 5
6412 11146 5
6412 11147 5
6413 3801 1
6413 3860 5
6413 9852 4
6413 1241 5
6414 10392 1
6414 2778 5
6414 4131 5
6415 9535 4
6415 10912 2
6415 239 1
6415 8594 4
6415 9562 5
6415 9943 4
6415 3741 1
6415 3861 4
6415 143 5
6415 8493 4
6415 9176 5
6415 7373 5
6415 4561 4
6415 10366 3
6415 868 3
6415 218 4
6415 857 5
6416 4638 5
6416 9557 3
6416 11641 5
6416 9780 5
6416 11459 2
6416 9220 4
6416 10439 2
6416 10587 3
6416 10414 2
6416 4585 5
6416 10894 5
6416 9700 4
6416 10251 4
6416 6961 4
6416 3861 4
6416 10199 4
6416 10248 3
6416 11649 2
6416 3352 4
6416 5355 4
6416 3252 2
6416 5377 4
6416 10454 4
6416 10775 4
6416 8500 4
6416 11365 3
6416 3952 5
6416 11429 2
6416 6019 2
6416 10472 4
6416 10732 4
6416 3599 3
6416 3953 4
6416 11691 3
6416 3832 5
6416 9491 5
6416 4636 5
6417 9873 5
6417 1344 5
6417 5338 5
6417 3626 5
6417 10156 5
6418 4135 5
6418 11541 5
6418 10687 5
6418 10950 4
6418 11459 5
6418 8228 2
6418 5533 5
6418 2921 5
6418 10809 5
6418 8237 5
6418 9867 5
6418 934 5
6418 11494 5
6418 3810 5
6419 1515 4
6419 9212 2
6419 3881 2
6419 5226 4
6419 5738 4
6419 11276 4
6419 1049 3
6419 3755 2
6419 4673 2
6419 10469 5
6419 9278 4
6419 3913 4
6419 4784 4
6419 5020 5
6419 1280 5
6419 891 5
6419 10925 5
6419 4400 4
6419 323 5
6420 4135 4
6420 3944 5
6420 9295 5
6420 6295 5
6420 5776 4
6420 11048 5
6420 6174 5
6420 10424 2
6420 4414 2
6420 10491 5
6420 4634 2
6420 8362 5
6421 3617 5
6421 2701 5
6421 857 5
6421 10736 4
6421 3478 5
6421 4711 4
6421 4033 5
6421 10199 3
6421 5003 4
6421 8288 5
6421 3469 5
6421 8777 1
6421 5383 5
6421 9741 5
6421 4384 5
6421 11684 5
6421 10366 2
6421 11487 2
6421 4633 5
6421 1002 4
6421 9137 4
6421 9140 5
6421 1060 5
6421 3757 5
6421 10747 5
6421 3726 4
6422 934 5
6422 3633 4
6422 6443 5
6422 6551 5
6422 4628 4
6422 11279 5
6422 8348 4
6422 1062 4
6422 8752 5
6422 3137 5
6423 8969 4
6423 5743 1
6423 11302 1
6424 327 4
6424 5767 5
6424 3930 4
6424 3863 5
6424 11706 5
6425 8087 3
6425 4667 4
6425 10719 3
6426 11693 2
6426 5472 5
6426 10256 5
6426 3784 3
6426 2704 1
6426 2920 5
6426 9911 5
6426 10255 5
6426 5710 3
6426 2712 5
6426 11389 5
6427 10130 5
6427 4048 1
6427 10997 3
6427 5611 3
6427 11414 5
6428 9564 5
6428 9563 2
6428 4582 4
6428 4649 5
6428 3716 3
6428 5737 5
6428 8415 2
6428 6646 4
6428 327 4
6428 4829 4
6428 5602 2
6428 7300 5
6428 4919 4
6428 9732 5
6428 2095 5
6428 11680 1
6428 966 4
6428 3829 4
6428 11611 4
6428 4095 5
6428 10845 5
6428 4633 3
6428 3445 5
6428 10694 4
6428 3195 3
6428 4565 1
6428 9953 4
6428 954 3
6428 1059 4
6428 1452 1
6428 8635 4
6428 2045 4
6428 3920 3
6428 5213 4
6428 4629 3
6428 10981 5
6428 8993 3
6428 239 5
6428 8634 5
6428 7230 3
6428 779 3
6428 9526 5
6428 9763 4
6428 10211 4
6428 10124 5
6428 3285 3
6428 3287 5
6428 8716 3
6428 8291 4
6428 645 4
6428 6332 3
6428 3686 3
6428 3064 3
6428 5997 4
6428 4753 1
6428 5177 4
6428 2726 5
6428 5494 4
6428 3405 1
6428 6399 5
6428 4135 4
6428 11338 4
6428 4550 5
6429 8500 3
6429 5226 5
6429 5058 1
6429 4629 5
6429 8362 4
6429 966 5
6429 9665 5
6429 5495 5
6430 9858 4
6430 5370 3
6430 3952 4
6430 10322 5
6431 8033 1
6431 2036 5
6431 5309 4
6431 5295 5
6431 4784 1
6431 4135 5
6431 10424 1
6431 2711 5
6431 5042 5
6431 4135 5
6432 7547 3
6432 9869 3
6432 5736 4
6432 7707 4
6432 1051 4
6432 4634 3
6432 8362 4
6432 10189 4
6432 2965 4
6433 288 4
6433 550 5
6433 3003 4
6433 2091 5
6433 11645 5
6433 9649 5
6433 4449 5
6433 1403 2
6433 10176 5
6433 1049 4
6433 1501 5
6433 8093 2
6433 2244 4
6433 5999 4
6433 857 5
6433 4872 4
6433 10872 4
6434 8942 4
6434 5663 5
6434 2676 5
6434 2673 5
6434 5762 5
6434 7794 5
6434 11043 4
6435 11687 4
6435 5646 5
6435 712 5
6435 11687 3
6435 11687 4
6435 11687 5
6435 11687 3
6435 11687 4
6435 11687 5
6435 1959 4
6435 11687 4
6436 9457 1
6436 11689 3
6436 934 4
6436 11703 5
6436 11649 3
6437 5816 1
6437 8493 4
6437 11645 5
6438 5092 5
6438 3882 5
6438 862 5
6438 1478 4
6438 4673 4
6438 4220 1
6438 1960 5
6438 3949 2
6438 1733 5
6438 1551 5
6438 4386 1
6438 11004 4
6438 9945 1
6438 1457 1
6439 3985 2
6439 1442 1
6439 9210 2
6440 1466 5
6440 1469 5
6440 2384 5
6440 6019 3
6440 857 5
6440 10321 4
6440 3949 4
6441 5355 5
6441 10321 5
6441 11706 5
6442 4634 5
6442 3623 4
6442 6664 4
6442 9459 5
6443 4135 5
6443 4135 4
6443 7535 5
6443 4135 5
6444 9491 5
6444 11170 4
6444 10583 5
6444 1506 5
6444 10755 4
6444 4645 4
6444 9841 4
6444 9255 5
6445 1452 5
6445 11163 5
6445 11244 5
6445 1450 4
6445 3772 4
6445 5338 5
6445 1100 5
6445 8351 5
6445 10343 3
6445 11016 3
6445 1802 5
6445 4597 4
6445 8315 3
6445 1469 5
6445 9535 4
6445 537 4
6445 1202 5
6445 2444 4
6445 4198 2
6445 2941 4
6445 1036 5
6445 9908 5
6445 1037 4
6445 8262 5
6445 8310 5
6445 5176 3
6445 5177 5
6445 8313 3
6445 1308 4
6445 4861 4
6445 3762 4
6445 7869 3
6445 8834 4
6445 2590 5
6445 5494 3
6445 2262 2
6445 5932 4
6445 9923 3
6445 1106 4
6445 10238 4
6445 8640 4
6445 10563 4
6445 1081 5
6445 4628 5
6445 10233 5
6445 5170 2
6445 6994 5
6445 11531 2
6445 395 5
6445 1028 5
6445 3142 5
6445 9871 5
6445 10592 5
6445 4545 2
6445 10176 5
6445 3415 5
6445 8285 3
6445 3876 5
6445 1054 2
6445 2320 4
6445 1498 5
6445 2168 5
6445 423 3
6445 620 5
6445 10622 5
6445 11247 3
6445 377 2
6445 2380 4
6445 3851 4
6445 1062 1
6445 3597 5
6445 10539 4
6445 10697 2
6445 9916 4
6445 1158 4
6445 8409 4
6445 9096 4
6445 1445 5
6445 3612 4
6445 3839 5
6445 8835 4
6445 9913 5
6445 9466 4
6445 2363 2
6445 1497 4
6445 3059 5
6445 4521 5
6445 11451 1
6445 3032 5
6445 3117 5
6445 2214 4
6445 4738 3
6445 10359 4
6445 3877 4
6445 3389 4
6445 466 5
6445 1083 4
6445 3619 1
6445 10562 2
6445 1025 2
6445 3275 3
6445 9390 5
6445 8351 5
6445 2376 5
6445 10255 5
6445 8830 3
6445 9830 5
6445 9290 4
6445 11330 4
6445 9918 5
6445 6544 5
6445 619 3
6445 5191 4
6445 622 2
6445 2413 3
6445 8060 5
6445 1424 4
6445 3499 5
6445 1015 5
6445 10071 4
6445 3916 5
6445 10256 5
6445 10692 4
6445 2323 5
6446 4464 5
6446 9877 5
6446 3611 5
6446 3155 4
6446 4690 3
6446 9663 4
6447 3108 4
6447 8313 5
6447 924 5
6448 3923 5
6448 9493 4
6448 11437 5
6449 1466 5
6449 1042 4
6449 5579 5
6449 1509 4
6449 3905 5
6449 4026 3
6449 9296 5
6449 5733 5
6449 10684 5
6449 10777 4
6449 8362 4
6449 1349 5
6450 10583 4
6450 9563 3
6450 11426 4
6450 5312 3
6450 327 3
6450 5355 3
6450 4394 2
6450 10536 3
6450 1469 5
6450 5539 4
6450 763 5
6450 4135 4
6450 8629 5
6450 4395 4
6450 4673 2
6451 4561 4
6451 6352 4
6451 5924 5
6451 9606 5
6451 5277 5
6451 4829 5
6451 3698 3
6451 6721 4
6451 8531 3
6451 185 4
6451 5664 2
6451 9468 5
6451 1055 5
6451 797 5
6451 4642 3
6451 9495 5
6452 4317 4
6452 5546 1
6452 5005 5
6453 897 1
6453 782 1
6453 10709 1
6453 7933 1
6453 3849 1
6453 5550 3
6453 976 5
6453 4634 1
6454 5605 5
6454 876 4
6454 4807 5
6454 5597 5
6454 4135 5
6454 857 4
6454 3950 5
6454 8915 4
6454 4965 5
6454 6549 5
6454 10142 5
6454 3738 5
6454 900 5
6454 11031 5
6454 3478 5
6454 11150 5
6454 4616 5
6454 10793 4
6454 11675 5
6454 6845 3
6454 10412 3
6454 5821 5
6454 3892 5
6454 10252 5
6454 6947 5
6454 10857 5
6454 6174 4
6454 934 5
6454 9487 4
6454 3913 5
6454 3305 2
6454 7511 4
6454 8753 5
6454 5652 5
6454 5351 5
6454 9758 5
6454 6881 3
6454 11633 4
6454 3626 5
6454 8216 3
6454 10810 5
6454 8234 5
6454 5684 3
6454 10989 5
6454 3880 5
6454 11492 3
6454 3337 4
6454 10453 4
6454 3768 5
6454 5464 2
6454 1717 5
6454 4033 4
6454 5338 5
6454 9491 5
6454 10196 4
6454 9210 4
6454 10461 5
6454 3881 1
6454 11318 4
6454 3849 2
6454 1438 4
6454 10737 5
6454 3478 5
6454 5128 5
6454 1526 3
6454 1526 5
6454 10058 5
6454 3873 5
6454 3581 5
6454 2262 5
6454 9100 3
6454 10391 5
6454 9741 5
6454 10058 4
6454 9676 5
6454 10920 4
6454 8033 5
6454 3929 5
6454 962 4
6454 947 5
6454 7734 4
6454 5476 5
6454 4914 4
6454 1096 5
6454 10538 5
6454 11259 5
6454 4675 4
6454 7966 5
6454 10455 5
6454 1506 5
6454 4645 4
6454 3117 5
6454 10968 4
6454 5222 4
6454 6174 5
6454 7203 5
6454 1367 3
6454 991 4
6454 10582 3
6454 9459 5
6454 10287 5
6454 10701 3
6454 10591 4
6454 2404 4
6454 1054 1
6454 9546 3
6454 5557 4
6454 11612 3
6454 4585 5
6454 3505 5
6454 10738 4
6454 3953 4
6454 6548 5
6454 4645 2
6454 5130 4
6454 1506 5
6454 10582 3
6454 3582 5
6454 10252 5
6454 6019 4
6454 10252 5
6454 4191 5
6454 4271 2
6454 3252 5
6454 6201 5
6454 4673 5
6454 6019 5
6454 4585 5
6455 4822 5
6455 7751 5
6455 3550 4
6455 10341 4
6455 10268 4
6456 11444 5
6456 10839 4
6456 5530 5
6456 8640 4
6456 1075 5
6456 1076 3
6456 4437 4
6456 5182 2
6456 8362 4
6456 10594 4
6456 1097 5
6456 3830 5
6456 10816 1
6456 9952 5
6456 5286 4
6456 9048 5
6456 3250 2
6456 4565 4
6456 9948 2
6456 11455 4
6456 11699 5
6456 11600 2
6456 2018 5
6456 8005 5
6456 10143 5
6456 10674 5
6456 11666 3
6456 10844 5
6457 706 5
6457 11569 5
6457 2942 4
6457 3897 5
6458 2100 4
6458 934 3
6458 3665 4
6459 4091 4
6459 1657 5
6459 2137 5
6459 6496 5
6459 3304 3
6459 3042 5
6460 8762 4
6460 9782 5
6460 3046 4
6460 8486 4
6460 11065 4
6460 8719 4
6460 3869 5
6460 5881 3
6461 3539 1
6461 1584 1
6461 11100 4
6461 2412 5
6461 11234 1
6461 7105 5
6461 1444 1
6462 9163 5
6462 5722 5
6462 5415 5
6463 154 5
6463 6067 4
6463 3513 5
6463 2507 5
6463 2816 2
6463 4355 4
6463 2093 3
6463 8900 2
6463 1973 5
6463 6286 3
6463 1046 5
6463 4045 4
6463 810 5
6463 110 5
6464 7663 3
6464 8566 5
6464 4181 3
6464 6977 2
6464 8699 5
6464 2591 5
6464 2551 5
6464 2704 4
6464 4189 5
6465 3200 5
6465 11342 5
6465 2059 5
6465 7623 5
6465 8017 5
6465 828 5
6465 8154 5
6465 3365 5
6465 11520 4
6465 6505 5
6465 3217 4
6466 4117 4
6466 6839 5
6466 1362 5
6466 8917 4
6466 9498 5
6466 7186 5
6466 2408 5
6467 6347 5
6467 6009 5
6467 9258 5
6468 11180 5
6468 2596 5
6468 1188 5
6468 5254 1
6468 726 4
6468 211 5
6468 6140 5
6468 11237 5
6469 2501 2
6469 10070 5
6469 1836 2
6469 1275 5
6469 323 5
6469 5803 5
6470 3647 4
6470 8687 5
6470 4506 5
6471 4511 1
6471 5071 5
6471 1279 1
6471 3356 4
6471 9521 5
6471 11101 5
6471 199 5
6472 6379 5
6472 9636 5
6472 7849 4
6472 8350 4
6472 9359 5
6473 3181 5
6473 5444 5
6473 8725 4
6473 6662 5
6473 8354 5
6473 218 5
6473 2552 5
6473 4679 5
6474 8564 4
6474 1467 3
6474 3438 4
6475 11073 1
6475 8780 4
6475 232 5
6475 4948 4
6476 4578 4
6476 7014 4
6476 6210 5
6476 1673 3
6476 1787 4
6476 5124 5
6476 8886 4
6476 6368 4
6476 4995 1
6476 7819 4
6476 3356 5
6476 9563 4
6476 6421 4
6476 4871 4
6476 1813 4
6476 9367 3
6476 5115 4
6476 8924 2
6476 2499 4
6476 8917 4
6476 3220 5
6476 9316 3
6476 10534 5
6476 11538 5
6476 326 5
6476 4403 4
6476 2816 1
6476 5985 5
6476 3348 3
6476 4642 5
6476 4068 5
6476 9091 5
6477 3489 3
6477 465 4
6477 9048 5
6477 3425 3
6477 3301 5
6477 7243 4
6477 2297 5
6477 8846 5
6478 3203 5
6478 1673 4
6478 5445 5
6478 8566 5
6478 9006 5
6478 2103 5
6478 4947 4
6478 2091 4
6478 3302 5
6478 3165 3
6478 8002 4
6478 9890 5
6479 4173 5
6479 5337 4
6479 5332 5
6479 4952 4
6480 433 4
6480 11676 5
6480 11265 2
6480 11676 5
6480 4204 4
6481 2062 4
6481 7366 5
6481 934 3
6481 9947 2
6481 323 3
6481 3168 4
6481 7000 5
6481 1324 1
6481 7310 5
6482 8158 5
6482 727 3
6482 789 5
6482 843 4
6482 3084 1
6482 1263 5
6482 6062 5
6482 7053 4
6482 1314 4
6482 2903 5
6482 699 3
6482 1275 1
6482 8067 4
6482 5942 5
6482 2406 4
6482 7453 3
6482 4904 5
6483 323 5
6483 258 3
6483 7056 4
6483 1535 3
6483 728 3
6483 3647 4
6483 2996 5
6484 3742 4
6484 5910 4
6484 9847 5
6484 6785 5
6484 4132 5
6484 10561 4
6485 9391 4
6485 5140 5
6485 5455 5
6486 4496 5
6486 4528 4
6486 7750 5
6486 9498 5
6487 6038 5
6487 2465 5
6487 2664 5
6488 2683 3
6488 7842 5
6488 1637 3
6489 3069 5
6489 4203 4
6489 5035 3
6490 3264 5
6490 4034 4
6490 9259 5
6490 4950 4
6490 5428 5
6491 735 5
6491 759 5
6491 1773 5
6491 728 5
6491 656 5
6491 3509 2
6492 9796 5
6492 4135 5
6492 11087 4
6492 9635 3
6492 4919 4
6492 3530 4
6492 5353 5
6492 4380 5
6492 3542 4
6492 556 5
6492 9467 4
6493 1374 3
6493 2422 4
6493 10013 5
6493 2739 5
6493 2189 4
6493 1090 5
6493 9959 5
6493 884 5
6493 728 4
6493 6008 5
6493 6351 5
6493 312 5
6493 6829 5
6493 8635 5
6493 4193 5
6493 11654 5
6494 9425 4
6494 5331 5
6494 1875 5
6494 9618 4
6494 182 5
6494 572 5
6495 4870 3
6495 11240 4
6495 11281 5
6495 3174 5
6495 9889 3
6495 1741 3
6495 5432 5
6495 5428 5
6495 3812 5
6495 2281 4
6495 4500 4
6495 1902 5
6495 48 5
6495 5697 5
6495 4235 1
6495 306 5
6495 7449 5
6495 4208 5
6495 280 5
6495 2145 1
6495 4883 5
6495 9961 5
6495 139 5
6495 105 4
6495 1393 4
6495 4880 5
6495 9014 2
6495 36 4
6496 5336 1
6496 4042 5
6496 10203 5
6497 5520 4
6497 7368 5
6497 4780 3
6497 3234 4
6497 3370 3
6497 11607 4
6497 11554 3
6497 3863 5
6497 990 4
6497 4587 3
6497 11175 5
6497 3681 5
6497 10391 2
6497 4858 5
6497 5672 4
6497 9545 3
6497 3375 5
6497 5972 4
6497 2525 5
6497 4580 5
6497 4033 5
6498 7122 4
6498 9549 4
6498 10955 4
6498 1241 5
6498 6666 5
6498 6140 5
6498 4574 5
6498 7405 5
6498 4463 5
6498 538 5
6498 8935 5
6498 4948 5
6499 11113 4
6499 9205 3
6499 6876 5
6499 11273 4
6499 8441 4
6500 4463 5
6500 3409 5
6500 6120 4
6500 7010 5
6500 2562 3
6500 3678 4
6500 3408 4
6501 1609 5
6501 4189 5
6501 3661 5
6501 6120 5
6501 2512 4
6501 6188 5
6501 2591 5
6502 4301 5
6502 5964 5
6502 5947 2
6502 6292 3
6502 6343 3
6502 6929 2
6502 2840 3
6502 6835 4
6502 7912 3
6502 2777 4
6502 2784 3
6502 6974 5
6502 3510 4
6502 2770 4
6502 6290 5
6502 2008 5
6502 7766 5
6502 3311 4
6502 5714 4
6502 7995 4
6502 7061 5
6502 2812 4
6503 6162 5
6503 4671 5
6503 7411 2
6503 1657 5
6503 3353 5
6504 2192 4
6504 7915 5
6504 6352 4
6504 7908 4
6505 622 5
6505 6897 5
6505 583 5
6505 1787 5
6506 1324 3
6506 6633 4
6506 4103 5
6506 3979 5
6506 8168 5
6506 821 3
6506 4448 5
6506 3165 5
6506 11233 5
6506 3474 4
6507 7197 4
6507 112 4
6507 4117 5
6508 3469 2
6508 5602 4
6508 1301 5
6509 2088 5
6509 7603 4
6509 4151 5
6509 4151 4
6509 4329 5
6509 7717 4
6509 11204 5
6509 7092 4
6509 9008 5
6509 1195 4
6509 7839 4
6509 2319 5
6509 8102 3
6509 4471 5
6509 3365 4
6509 2059 5
6509 2134 4
6509 7197 4
6509 7227 4
6509 7270 4
6509 2048 5
6509 2083 4
6509 6888 5
6509 8124 4
6509 2014 5
6509 632 4
6509 6290 4
6509 7089 4
6509 4390 3
6509 8120 4
6509 8018 4
6509 7609 3
6509 6014 4
6509 5101 4
6509 366 4
6509 4274 2
6509 2158 4
6509 9890 5
6509 6571 4
6509 5602 5
6509 3639 4
6509 3469 4
6509 3221 4
6509 813 5
6509 2005 5
6509 6733 4
6509 6318 4
6509 8044 5
6510 8751 5
6510 8218 5
6510 8169 5
6510 8165 1
6510 3429 5
6511 10556 5
6511 7474 5
6511 423 2
6511 45 3
6511 2988 4
6512 8865 4
6512 5444 5
6512 4113 5
6512 4941 5
6512 1469 5
6512 773 4
6512 1526 5
6512 1638 4
6512 5717 5
6512 7238 4
6512 11577 5
6513 1655 5
6513 3065 2
6513 2574 5
6513 2501 3
6513 1234 4
6513 11233 5
6514 2358 4
6514 2428 4
6514 2876 5
6514 9864 5
6514 1188 5
6514 9891 5
6514 11212 5
6515 2140 5
6515 2096 4
6515 7012 5
6516 6814 4
6516 8110 3
6516 10907 5
6517 8026 5
6517 8734 4
6517 8808 4
6517 2672 5
6517 9505 4
6518 3302 5
6518 5094 4
6518 7315 5
6518 4704 5
6519 3065 5
6519 6545 5
6519 5698 4
6520 3430 3
6520 3479 5
6520 11628 5
6520 8935 5
6520 2983 4
6520 8851 4
6520 3542 4
6521 4442 3
6521 3683 4
6521 4446 5
6521 11241 4
6522 6207 3
6522 4033 5
6522 7952 5
6522 5379 5
6522 1226 3
6522 9226 3
6522 3176 2
6522 2592 1
6522 631 4
6523 3742 4
6523 4323 4
6523 9158 3
6523 5195 5
6523 7946 4
6523 1279 4
6523 6822 3
6523 11546 3
6523 865 3
6523 6803 5
6523 7844 3
6523 7767 5
6523 104 3
6524 5970 5
6524 2635 5
6524 4527 4
6524 973 2
6525 2547 5
6525 647 4
6525 10381 4
6526 11093 4
6526 5306 3
6526 3042 5
6526 2157 4
6526 3474 5
6527 312 3
6527 6515 5
6527 3513 4
6527 3071 5
6527 762 2
6527 2852 4
6527 2067 4
6527 3435 5
6527 8706 4
6527 6104 4
6527 10758 4
6528 11632 4
6528 5332 5
6528 7351 5
6528 4035 4
6528 11268 5
6528 11628 5
6528 9257 5
6529 309 5
6529 3530 4
6529 3052 4
6529 5597 2
6529 4919 5
6530 1606 3
6530 1406 1
6530 5673 5
6530 3638 5
6530 1877 5
6530 1861 4
6530 7047 2
6530 6875 4
6530 1608 4
6530 7111 5
6530 6020 5
6530 4483 2
6530 6154 5
6530 3164 5
6530 2100 5
6530 5988 4
6531 2056 5
6531 974 3
6531 3661 5
6531 1894 5
6531 627 5
6531 3513 5
6531 7061 5
6531 6476 4
6531 5966 5
6531 3670 4
6531 306 3
6531 4453 5
6531 7227 5
6531 4274 5
6531 3185 4
6531 7251 5
6531 7818 5
6531 4455 5
6531 2005 5
6531 1604 5
6531 5997 4
6531 10163 4
6531 6710 5
6531 3232 4
6531 2059 5
6531 2759 5
6531 8126 5
6531 6839 5
6531 6566 5
6531 632 4
6531 2041 3
6531 7908 4
6531 2239 5
6531 590 5
6532 11630 5
6532 973 5
6532 954 5
6532 4236 5
6532 5035 4
6532 325 5
6532 10719 4
6533 6361 5
6533 2541 3
6533 2408 5
6533 2525 5
6534 3812 5
6534 7347 5
6534 6944 5
6535 5690 5
6535 9355 3
6535 11623 4
6535 5689 5
6536 4327 4
6536 7956 5
6536 2059 5
6536 2013 3
6536 7658 5
6536 4336 4
6536 6693 4
6536 6724 5
6536 770 5
6537 2956 4
6537 6207 5
6537 6602 4
6537 9622 5
6538 7297 5
6538 6820 4
6538 3178 5
6538 11560 5
6538 8575 4
6539 4044 4
6539 3498 1
6539 9396 5
6539 9833 5
6540 5673 4
6540 5672 5
6540 8017 5
6540 4425 5
6540 11171 5
6540 7371 5
6540 9221 5
6540 1640 3
6541 1379 3
6541 5255 4
6541 10556 5
6541 5563 4
6541 4848 1
6541 9379 4
6542 8265 5
6542 2592 4
6542 2354 4
6542 10854 5
6542 3369 4
6542 3363 5
6542 6268 5
6542 11604 3
6542 1640 3
6542 11065 5
6542 3176 4
6543 661 3
6543 8330 5
6543 9302 4
6544 11034 4
6544 10385 2
6544 3362 5
6545 2725 4
6545 1226 1
6545 3995 2
6545 728 4
6546 2447 4
6546 842 5
6546 2897 3
6547 1352 5
6547 6992 5
6547 8230 5
6547 3153 3
6548 1010 4
6548 948 5
6548 10379 4
6548 8808 4
6548 9871 5
6548 580 5
6548 10138 5
6548 1406 5
6549 3831 3
6549 2277 5
6549 4380 1
6549 3976 5
6549 3895 5
6549 11127 3
6550 6309 4
6550 284 2
6550 4449 4
6550 7583 4
6550 3064 3
6550 4274 3
6550 8567 3
6550 3871 3
6551 8985 4
6551 8417 3
6551 647 3
6551 8442 4
6551 9756 3
6552 4773 4
6552 3263 5
6552 7671 5
6552 3465 4
6552 6518 5
6552 7208 3
6552 10352 5
6552 10781 2
6553 10757 5
6553 123 5
6553 8775 4
6553 3105 4
6553 179 5
6553 4111 5
6553 1714 4
6553 7857 5
6554 309 3
6554 829 4
6554 606 5
6554 7152 5
6555 10463 5
6555 4998 5
6555 3497 3
6555 11200 5
6555 11034 4
6556 9941 5
6556 8640 4
6556 8575 5
6556 3301 5
6556 8074 5
6556 8312 5
6556 3304 4
6556 5182 2
6556 1447 2
6556 8954 5
6556 4021 4
6556 9956 5
6556 5376 4
6556 4117 5
6556 6938 3
6556 707 4
6556 10777 4
6556 9603 4
6556 4569 3
6556 3870 4
6557 6007 4
6557 11657 4
6557 653 4
6558 1421 2
6558 3449 5
6558 1332 1
6558 6845 5
6558 5129 5
6558 5092 3
6558 1301 4
6559 6148 4
6559 3897 5
6559 3348 5
6559 7246 5
6560 5231 5
6560 706 1
6560 1230 5
6560 2298 3
6561 8768 4
6561 4203 4
6561 4781 5
6562 814 1
6562 4023 5
6562 7430 4
6563 9964 5
6563 10135 5
6563 11161 5
6563 7654 4
6563 1907 2
6564 5526 5
6564 5001 5
6564 6968 5
6564 11644 5
6564 2206 5
6564 4164 3
6564 2664 5
6564 2907 4
6564 7871 5
6564 336 5
6564 3844 4
6564 11567 5
6564 6108 4
6565 8529 4
6565 8507 5
6565 5305 5
6565 4673 2
6565 10170 1
6566 11614 4
6566 6633 3
6566 1329 5
6566 6595 3
6566 10949 5
6566 10782 2
6566 2095 4
6566 1077 5
6566 1002 2
6566 897 2
6566 3943 5
6567 3812 5
6567 8265 5
6567 7139 5
6568 3000 5
6568 4709 1
6568 5773 4
6569 3086 1
6569 1089 5
6569 3849 1
6569 8954 4
6569 1028 5
6569 944 5
6569 4064 5
6569 3204 4
6570 3975 5
6570 8754 5
6570 4509 3
6570 5476 2
6571 4665 4
6571 7101 1
6571 3664 5
6571 4047 5
6571 4139 5
6571 3679 5
6571 3181 5
6571 3692 5
6571 8357 2
6571 4583 5
6571 1657 5
6571 6200 4
6571 6355 4
6571 4915 5
6571 6953 5
6571 764 4
6571 747 5
6571 4673 1
6571 5153 1
6571 974 3
6571 3333 5
6571 3563 1
6571 1519 4
6571 4205 4
6571 1242 4
6571 1403 1
6571 3088 5
6571 8362 2
6571 11189 5
6571 1741 5
6571 3211 5
6571 3203 5
6571 4912 3
6571 1221 2
6571 4184 5
6571 2979 5
6571 5993 1
6571 9306 3
6571 3173 5
6571 4785 2
6571 8273 5
6571 10757 5
6571 9497 5
6571 3822 4
6571 5112 5
6571 6440 2
6571 9576 5
6571 9980 4
6571 239 1
6571 5550 5
6571 3773 5
6571 10506 4
6571 2811 2
6571 6087 5
6571 8943 5
6571 9945 1
6571 10878 5
6571 946 1
6571 3741 1
6571 11568 5
6571 8742 1
6571 3985 5
6571 4135 5
6571 3567 2
6572 889 2
6572 3276 4
6572 1779 4
6572 2095 4
6572 5460 5
6572 4720 4
6572 990 4
6572 3238 5
6572 3238 5
6572 6970 3
6572 8165 1
6573 8068 5
6573 4132 4
6573 4446 5
6573 178 4
6573 2257 5
6573 5262 4
6573 9082 4
6573 8890 4
6573 5431 5
6573 136 5
6573 4131 5
6573 2019 5
6573 4141 5
6573 4053 5
6573 3716 5
6573 4001 4
6574 11100 4
6574 11658 4
6574 8288 5
6575 6707 5
6575 153 5
6575 891 5
6575 4083 5
6575 3024 5
6575 4034 4
6575 4044 4
6575 3066 4
6575 6259 5
6575 7800 5
6576 844 4
6576 1049 1
6576 1501 5
6576 1516 4
6576 8362 5
6576 1081 4
6576 970 5
6576 962 5
6577 9535 5
6577 4967 4
6577 186 5
6578 5325 5
6578 288 5
6578 10851 5
6579 5781 5
6579 4915 5
6579 5091 5
6580 4348 5
6580 7117 3
6580 857 4
6580 11097 4
6580 845 4
6580 4135 2
6580 1021 5
6580 1360 5
6580 9247 5
6581 10925 5
6581 10916 4
6581 5539 4
6581 11370 4
6581 5685 2
6582 3549 2
6582 7555 4
6582 4336 5
6582 8532 5
6582 900 3
6582 6696 4
6583 695 5
6583 728 1
6583 766 5
6584 4496 5
6584 124 5
6584 1939 5
6584 1274 4
6584 1403 1
6585 11346 4
6585 1361 5
6585 8632 1
6585 9420 5
6585 2647 2
6585 3485 2
6586 4686 5
6586 5046 3
6586 2934 5
6586 3495 5
6586 9350 4
6587 3354 5
6587 2737 5
6587 286 5
6587 3594 2
6587 4186 2
6588 286 4
6588 1547 4
6588 6119 5
6588 6314 4
6588 2493 4
6588 2172 3
6588 6422 5
6588 1798 5
6588 8103 5
6588 6856 4
6588 2787 4
6588 7917 5
6588 1798 5
6588 2120 3
6588 2518 5
6588 3185 5
6588 6431 4
6588 3692 5
6588 6455 4
6588 2257 5
6588 2760 5
6588 7007 5
6589 4000 3
6589 2213 5
6589 4141 5
6589 11110 5
6589 7324 5
6589 8771 5
6589 3331 5
6589 7781 5
6589 6580 5
6589 10828 5
6589 2040 5
6590 1635 5
6590 6435 5
6590 7117 4
6590 7656 4
6591 7792 5
6591 1874 5
6591 6742 4
6592 3670 4
6592 6324 3
6592 10836 5
6592 7677 5
6592 6238 3
6592 7733 3
6592 6937 5
6592 7700 5
6593 627 5
6593 6079 5
6593 1226 1
6593 6794 5
6593 11131 1
6593 8814 5
6593 4147 5
6593 2762 5
6593 3650 5
6593 649 5
6594 3165 5
6594 1177 5
6594 6128 5
6594 5882 5
6595 1177 5
6595 7361 5
6595 8074 5
6595 1551 4
6595 1041 5
6595 2840 5
6595 7768 2
6595 5369 5
6596 2059 4
6596 1657 5
6596 8108 5
6596 11136 3
6597 1873 4
6597 3692 4
6597 3030 3
6597 2616 5
6597 11098 4
6598 1195 4
6598 5882 4
6598 7299 5
6599 1168 4
6599 8455 5
6599 1178 4
6599 420 5
6599 3441 5
6599 1229 4
6599 447 4
6599 5988 4
6599 3202 1
6599 462 3
6599 1174 5
6599 10702 4
6599 6156 4
6599 2648 5
6599 467 5
6599 3413 5
6599 3042 5
6599 8329 3
6599 4248 5
6599 2461 5
6599 4838 5
6599 3483 4
6599 7969 5
6599 6826 5
6599 4495 5
6599 5911 5
6599 6081 4
6599 5720 4
6599 3254 5
6599 3165 3
6600 3550 4
6600 2135 5
6600 605 2
6600 96 5
6600 2768 2
6600 8828 5
6600 6473 5
6600 10711 5
6600 1534 5
6600 5612 5
6601 3639 5
6601 1021 5
6601 518 5
6602 6583 1
6602 429 4
6602 7825 2
6602 661 3
6602 3629 1
6602 2434 3
6602 5933 5
6602 571 4
6603 2221 4
6603 1564 5
6603 3634 5
6603 2223 4
6603 2084 5
6603 2258 4
6603 8069 4
6603 6022 5
6603 2240 5
6603 2299 5
6603 2313 5
6603 1119 4
6603 8878 5
6603 2316 5
6603 7948 5
6604 10174 5
6604 196 5
6604 323 5
6604 712 5
6604 56 5
6604 3271 3
6604 2359 5
6604 5808 5
6604 8316 5
6604 1083 3
6604 736 5
6604 9390 5
6604 8298 5
6604 9753 5
6605 11175 5
6605 729 5
6605 766 5
6605 11118 5
6606 3683 4
6606 11587 5
6606 832 5
6606 1403 1
6606 178 5
6606 704 5
6606 5737 5
6606 3971 5
6606 3474 5
6606 6576 5
6606 9295 5
6606 1221 2
6606 9084 5
6606 6215 4
6606 4847 5
6606 8883 5
6606 3898 4
6607 3345 5
6607 2671 4
6607 152 5
6607 1779 4
6607 4691 5
6608 2722 5
6608 6141 5
6608 9933 5
6608 4210 5
6608 2398 5
6609 1779 4
6609 2628 5
6609 11350 5
6609 9107 1
6609 6917 5
6609 9070 5
6610 6906 5
6610 2433 5
6610 1510 5
6610 2959 4
6610 2635 4
6610 1136 5
6610 676 4
6610 10898 4
6610 4551 4
6610 3851 4
6610 5593 4
6610 2280 3
6610 565 4
6610 2420 4
6610 5856 4
6610 8134 5
6610 4071 4
6610 4195 4
6610 3146 3
6610 9735 4
6610 539 2
6610 1901 3
6610 2006 5
6610 5588 4
6610 7157 4
6610 11273 5
6610 409 4
6610 4778 5
6610 3459 3
6610 10799 4
6610 1486 5
6610 1363 4
6610 8843 5
6611 199 4
6611 8131 5
6611 3118 5
6611 663 5
6611 1418 1
6611 5484 5
6611 7146 4
6611 11080 5
6611 9549 4
6611 4353 5
6612 8617 5
6612 8726 5
6612 3315 5
6612 5461 5
6612 3785 5
6612 1060 4
6612 5210 5
6613 4686 5
6613 3728 4
6613 2727 5
6614 759 5
6614 5135 2
6614 3469 5
6614 934 1
6614 688 5
6614 5543 1
6615 10005 5
6615 309 5
6615 11533 5
6615 3465 5
6615 9279 2
6615 4334 5
6615 3315 5
6615 9320 4
6615 7577 5
6616 9439 5
6616 994 4
6616 5617 5
6616 10895 5
6616 10930 5
6616 1381 5
6616 1515 5
6616 2928 5
6616 9997 2
6617 1888 5
6617 3639 4
6617 7087 5
6617 7435 2
6617 249 5
6617 8590 5
6617 4772 4
6618 6846 5
6618 9925 4
6618 8360 4
6619 1395 5
6619 3985 3
6619 728 5
6620 2653 5
6620 1277 5
6620 5041 4
6620 1352 5
6620 3810 5
6621 4970 5
6621 7645 5
6621 3272 1
6621 4981 5
6621 3958 2
6621 3269 4
6621 3072 5
6621 4317 1
6621 7892 5
6621 3992 5
6621 4131 5
6621 6049 4
6621 4447 5
6621 4215 5
6622 11677 5
6622 1241 4
6622 2144 4
6622 7440 5
6622 8825 3
6622 4998 5
6623 3198 5
6623 4796 5
6623 5149 5
6623 3165 4
6623 170 4
6623 3539 3
6623 696 5
6623 7651 2
6623 4574 4
6623 2504 4
6623 8886 4
6623 3728 5
6623 2125 5
6623 41 4
6624 3683 5
6624 8162 5
6624 10693 5
6624 3724 3
6625 7569 4
6625 11280 4
6625 940 3
6625 2644 5
6626 5259 3
6626 9593 4
6626 6113 4
6626 3381 5
6626 11555 5
6627 11604 3
6627 5332 5
6627 3425 4
6628 2541 3
6628 3643 5
6628 1617 4
6629 3333 4
6629 9310 5
6629 9136 5
6630 1682 5
6630 4413 5
6630 3466 3
6630 8612 5
6630 1668 3
6631 10582 5
6631 1752 4
6631 5337 5
6631 4482 4
6631 5869 5
6632 1665 3
6632 5925 4
6632 7186 4
6633 653 5
6633 4839 5
6633 3178 5
6634 3742 3
6634 3974 5
6634 1903 5
6635 3967 1
6635 8089 4
6635 5871 4
6635 5581 5
6635 6330 3
6635 2668 3
6635 9576 5
6635 10066 5
6635 8475 4
6635 832 3
6635 3579 5
6635 759 2
6635 1305 3
6635 1301 3
6635 8701 5
6635 7850 5
6635 2443 4
6636 8822 3
6636 6561 3
6636 8960 3
6636 9690 1
6636 9884 5
6636 5724 3
6636 4850 3
6636 5930 5
6636 3440 5
6636 11585 4
6637 8098 5
6637 9107 4
6637 4966 5
6637 3051 3
6637 5062 4
6638 11659 4
6638 766 4
6638 4198 4
6639 11608 4
6639 6002 2
6639 2724 4
6640 8581 5
6640 1030 5
6640 309 4
6641 2606 2
6641 2366 5
6641 6278 5
6642 2983 4
6642 3333 4
6642 3207 5
6642 3479 4
6643 972 5
6643 638 5
6643 8679 4
6644 4431 3
6644 7310 4
6644 11273 5
6645 304 4
6645 3319 5
6645 8531 5
6646 5770 4
6646 1366 4
6646 4305 4
6646 3606 4
6646 8602 1
6646 8374 3
6646 2091 3
6647 9495 5
6647 4016 5
6647 934 5
6647 966 5
6647 277 5
6648 976 5
6648 2701 4
6648 750 4
6648 309 4
6648 1767 4
6648 3254 5
6648 11524 5
6649 1033 4
6649 9411 2
6649 1406 4
6649 1049 3
6650 5035 4
6650 3490 5
6650 8358 5
6651 11546 4
6651 8713 5
6651 5026 5
6651 5753 5
6651 5134 5
6652 309 3
6652 9121 4
6652 3867 5
6652 252 4
6652 3494 4
6652 11544 5
6652 4075 4
6652 73 4
6652 9391 4
6652 1396 5
6652 9059 4
6652 4324 5
6653 11254 3
6653 11700 2
6653 5502 5
6653 5461 2
6654 5195 5
6654 5993 5
6654 6191 4
6655 4785 5
6655 2648 5
6655 4091 2
6655 4495 5
6655 1024 4
6655 11394 4
6655 1086 5
6655 4638 5
6655 744 5
6655 2257 1
6656 728 3
6656 8585 5
6656 1029 3
6657 3684 4
6657 10988 5
6657 8659 1
6657 3362 4
6658 6224 3
6658 7422 4
6658 11618 3
6658 3715 4
6659 1408 5
6659 5640 1
6659 1324 1
6659 3913 4
6660 1720 1
6660 10245 4
6660 9922 4
6660 11508 5
6660 5514 4
6661 1374 3
6661 728 3
6661 1419 3
6662 1386 5
6662 196 5
6662 780 5
6662 712 5
6662 751 5
6662 1332 5
6663 1566 4
6663 3424 5
6663 1065 5
6663 10547 5
6663 4110 5
6663 7221 5
6664 2769 5
6664 6054 5
6664 2026 4
6664 7822 4
6664 11535 5
6664 5180 5
6664 5694 5
6664 6303 5
6665 5869 5
6665 8457 5
6665 6934 4
6665 3185 4
6665 2180 5
6665 9380 5
6665 2765 4
6665 3368 5
6666 9352 5
6666 4350 5
6666 6456 4
6666 1006 5
6667 6789 5
6667 7952 5
6667 617 2
6667 5942 1
6667 4820 5
6667 1510 4
6667 7457 5
6667 9556 5
6667 4439 2
6668 6116 5
6668 3241 4
6668 3383 5
6668 5996 5
6668 3207 5
6668 6040 5
6669 1617 3
6669 10287 3
6669 4672 5
6670 3179 4
6670 4756 4
6670 5709 4
6671 4947 5
6671 4671 5
6671 3687 5
6671 1677 1
6671 3201 5
6671 2845 5
6671 3654 5
6672 597 4
6672 8920 5
6672 2494 5
6672 765 3
6672 169 5
6672 605 5
6672 1845 5
6672 6044 5
6672 6050 2
6672 3000 4
6672 2566 5
6672 4117 5
6672 3182 4
6672 1825 5
6672 3200 5
6673 7051 5
6673 7048 5
6673 309 4
6673 7225 4
6673 8812 3
6673 3894 4
6673 9007 1
6673 10140 4
6673 258 5
6673 8875 4
6674 6092 4
6674 11124 2
6674 6102 3
6674 4491 5
6674 1241 5
6674 10643 5
6674 3333 4
6674 7492 5
6675 1387 3
6675 1419 4
6675 8403 4
6675 4576 4
6675 3742 5
6675 11550 4
6675 6210 5
6675 11555 5
6675 9162 5
6676 1054 4
6676 2408 4
6676 406 4
6676 6850 4
6676 651 4
6676 2909 4
6676 2900 4
6676 443 5
6676 1233 3
6676 11267 4
6676 3397 4
6676 7379 5
6677 8421 5
6677 3706 5
6677 4117 5
6677 104 5
6677 3506 5
6677 4068 5
6677 5874 5
6677 10036 5
6677 9987 5
6678 8352 4
6678 2592 5
6678 4879 5
6679 3312 4
6679 8976 5
6679 11544 4
6680 5468 5
6680 5459 5
6680 2919 5
6681 11108 4
6681 4157 5
6681 11068 5
6682 20 5
6682 4656 5
6682 7241 5
6682 8140 5
6683 10371 5
6683 5063 4
6683 9245 5
6683 1854 4
6684 3001 5
6684 3654 5
6684 649 5
6684 3359 3
6684 4737 5
6684 9245 5
6684 4999 4
6685 829 4
6685 8659 5
6685 6966 5
6686 6672 5
6686 309 5
6686 2651 5
6686 1714 4
6686 1775 3
6686 9293 1
6686 4205 3
6686 728 3
6686 9245 5
6686 1356 5
6686 1418 3
6686 3051 4
6686 11285 5
6686 4203 4
6686 1526 5
6686 2265 1
6687 4465 5
6687 3782 5
6687 11266 4
6688 11526 5
6688 1761 4
6688 1714 4
6688 3276 4
6689 258 1
6689 3005 5
6689 3294 4
6690 10190 3
6690 4463 5
6690 4768 5
6690 1755 5
6690 8917 5
6691 1623 5
6691 5826 4
6691 3333 5
6692 3302 5
6692 5195 5
6692 10288 4
6692 7716 4
6692 4404 4
6692 4414 5
6692 7842 5
6692 1332 4
6692 5093 5
6692 2933 5
6692 695 4
6692 971 4
6692 1774 4
6692 766 5
6692 258 4
6692 728 4
6692 6860 5
6692 10726 5
6692 2625 5
6692 6931 4
6693 3532 5
6693 4950 5
6693 1741 5
6693 8459 4
6693 11353 5
6693 1755 5
6694 5134 5
6694 11103 5
6694 1361 4
6694 8586 4
6695 3259 3
6695 4035 4
6695 3210 5
6696 488 5
6696 4159 5
6696 5706 5
6696 4654 5
6696 488 5
6696 720 5
6696 9018 5
6696 11665 5
6696 3345 4
6697 3533 4
6697 1923 5
6697 56 5
6697 11539 4
6697 11034 5
6698 3812 5
6698 7243 5
6698 7330 4
6698 11236 5
6698 5969 5
6698 8917 5
6698 3348 3
6698 1779 4
6698 11228 4
6698 3252 5
6699 7644 1
6699 3333 5
6699 11249 4
6699 11268 4
6699 3374 3
6699 3174 5
6699 4033 3
6699 3368 4
6700 5581 3
6700 4536 4
6700 3456 5
6700 10190 5
6701 11090 5
6701 8608 4
6701 2298 5
6702 2684 5
6702 2733 5
6702 2551 5
6702 152 5
6702 1406 5
6703 2671 4
6703 11637 4
6703 741 5
6703 1241 4
6703 11353 4
6704 6595 4
6704 3604 3
6704 3491 5
6704 1241 5
6704 11663 4
6704 11353 5
6705 1939 5
6705 3512 4
6705 4368 5
6705 10601 5
6705 1332 3
6705 9273 4
6706 5639 5
6706 9356 4
6706 4898 3
6706 5174 3
6706 2927 4
6707 4577 4
6707 4481 4
6707 4280 5
6707 4496 4
6707 3263 4
6707 6214 3
6707 9358 5
6707 4010 4
6707 8965 4
6707 164 3
6707 1939 4
6707 9089 3
6707 1648 4
6707 4006 4
6707 6373 5
6708 2919 4
6708 10854 5
6708 3374 2
6709 2858 4
6709 4382 5
6709 1741 5
6709 7153 5
6710 5667 2
6710 8535 4
6710 11407 2
6710 8173 5
6710 11524 5
6710 11385 4
6710 11601 5
6711 123 5
6711 3189 4
6711 3687 5
6711 3224 5
6711 4117 4
6711 6311 5
6711 110 5
6711 5017 1
6711 2132 5
6711 4574 5
6712 4711 4
6712 5092 3
6712 4277 1
6713 5092 3
6713 7468 1
6713 3687 4
6714 11240 3
6714 8225 5
6714 3892 3
6714 1526 5
6714 11544 4
6714 9569 4
6714 3582 4
6714 6551 4
6714 2610 5
6714 3951 5
6714 11653 4
6714 5428 3
6714 1405 5
6714 4541 4
6714 10835 4
6714 10199 5
6714 4624 4
6714 5176 5
6714 6863 5
6715 9837 4
6715 9018 3
6715 2552 5
6715 211 4
6715 3533 4
6715 11539 4
6715 9804 2
6715 3505 5
6715 11174 5
6715 5130 4
6715 9962 4
6715 4033 4
6716 2701 5
6716 3219 5
6716 2924 5
6716 7478 5
6716 5706 5
6717 4102 4
6717 2934 4
6717 9959 5
6717 6140 5
6717 8230 5
6717 515 4
6717 4586 5
6718 7033 5
6718 3311 4
6718 611 5
6718 3339 5
6718 5259 4
6718 4526 5
6718 8521 4
6718 5189 5
6718 7654 5
6718 8735 5
6718 6328 3
6718 6897 5
6718 768 5
6718 7952 5
6718 5684 4
6718 3856 4
6718 5732 5
6718 1973 5
6718 4337 5
6718 3345 5
6718 1907 5
6719 9898 5
6719 1180 4
6719 3237 4
6719 3295 5
6719 3706 4
6719 3345 5
6719 3525 4
6719 11539 5
6719 9529 4
6720 9822 5
6720 3352 5
6720 9198 5
6720 11582 5
6720 3252 5
6720 4694 5
6721 3716 5
6721 11209 3
6721 10108 5
6721 3158 4
6722 10357 5
6722 233 4
6722 3959 4
6722 4972 3
6722 1891 2
6722 11254 5
6723 8532 4
6723 3302 4
6723 7374 5
6723 6848 5
6723 9960 5
6724 4204 4
6724 9232 5
6724 10851 5
6724 10554 4
6724 1731 5
6724 11338 4
6725 4012 4
6725 1355 5
6725 3097 5
6725 4072 5
6725 6846 5
6725 1272 5
6725 6942 4
6725 2655 4
6725 5925 5
6725 11569 5
6726 11352 5
6726 9225 5
6726 10669 4
6727 3007 4
6727 1049 5
6727 54 4
6727 295 4
6727 2006 4
6727 851 3
6727 60 3
6727 9758 5
6727 5539 2
6728 1241 5
6728 1052 3
6728 9443 4
6729 1772 5
6729 1773 5
6729 698 5
6729 5114 4
6729 678 3
6729 1774 5
6729 656 4
6729 1775 5
6729 695 5
6729 728 5
6730 4230 5
6730 2701 4
6730 9271 5
6730 2429 5
6730 2424 5
6731 3654 3
6731 3509 5
6731 3439 5
6731 717 5
6731 5918 5
6731 6857 5
6731 747 5
6731 3702 5
6731 4317 5
6731 3025 4
6731 4773 3
6731 3920 3
6731 589 4
6731 1509 5
6731 455 2
6731 10377 4
6732 311 5
6732 728 1
6732 1395 5
6732 5742 5
6732 104 5
6732 11530 2
6732 871 4
6732 10283 2
6732 5932 5
6732 4165 4
6732 2315 4
6733 8383 4
6733 5791 4
6733 258 5
6733 1387 3
6733 196 5
6733 1418 5
6733 1985 5
6733 9641 5
6733 323 5
6733 1050 5
6733 7980 5
6733 832 5
6733 8954 5
6733 906 4
6733 1960 5
6733 10241 4
6733 306 4
6733 3075 4
6733 952 5
6733 8009 4
6733 7491 5
6733 309 3
6733 4664 5
6733 8505 5
6733 4955 4
6733 4720 5
6733 824 4
6733 885 5
6733 1275 5
6734 5663 5
6734 2704 5
6734 309 4
6735 1154 3
6735 3501 3
6735 11291 5
6735 2954 5
6735 6344 5
6735 5788 4
6735 5069 5
6735 772 5
6735 738 5
6735 832 5
6735 1901 4
6736 4315 4
6736 10469 4
6736 9419 5
6736 8091 4
6736 4412 5
6737 8466 5
6737 3444 5
6737 7101 1
6738 2592 5
6738 1933 5
6738 9837 4
6738 7366 5
6738 7405 5
6739 7712 5
6739 3254 2
6739 5969 5
6740 7230 5
6740 574 3
6740 5259 3
6740 1263 4
6740 4943 4
6740 9435 4
6740 8772 5
6740 1998 5
6740 5733 5
6740 5048 2
6740 609 5
6740 9806 4
6740 164 5
6740 258 5
6740 5426 5
6740 8416 5
6740 8731 5
6740 170 1
6740 5648 5
6740 5331 5
6741 4553 5
6741 1037 5
6741 830 5
6742 1877 5
6742 7417 5
6742 3666 3
6742 9220 3
6742 3717 3
6742 10136 5
6742 10793 1
6742 4833 1
6742 9439 5
6742 10397 4
6742 5312 2
6742 5312 3
6742 5314 4
6742 5312 3
6742 10977 5
6742 11485 3
6742 8578 4
6742 4833 4
6742 10950 3
6742 5314 4
6743 5058 2
6743 812 5
6743 8274 5
6743 1733 5
6743 3999 4
6743 5793 5
6744 9136 5
6744 4779 1
6744 4857 5
6744 9529 4
6744 4173 5
6745 10537 5
6745 5068 5
6745 11698 5
6745 6403 5
6745 3252 5
6745 6186 5
6745 5343 5
6745 5318 2
6745 5385 4
6745 8754 5
6745 1455 5
6745 5123 4
6745 3884 2
6745 3052 4
6745 10599 4
6745 9847 5
6745 1522 3
6745 1067 3
6745 5370 5
6745 5744 4
6745 5318 1
6745 1067 1
6745 4009 2
6745 9759 5
6745 10549 5
6745 1329 5
6745 2690 4
6745 9758 5
6745 9983 5
6746 8452 5
6746 309 5
6746 104 5
6746 4952 5
6746 11078 5
6746 2716 5
6746 323 5
6746 312 5
6746 1779 3
6747 9391 4
6747 515 5
6747 4548 4
6748 4719 4
6748 1312 3
6748 837 5
6748 11657 5
6748 3979 4
6748 3542 4
6748 11590 5
6748 9225 5
6749 1244 5
6749 4293 5
6749 7857 5
6749 5930 5
6749 1347 5
6749 5041 1
6750 2719 4
6750 3536 4
6750 11571 5
6751 8273 5
6751 3525 4
6751 4060 5
6752 4053 4
6752 153 5
6752 9355 5
6753 5340 5
6753 11503 2
6753 828 4
6754 10372 5
6754 5846 5
6754 9126 2
6754 3747 3
6754 5261 5
6754 4895 5
6754 1315 5
6754 4229 5
6754 10163 5
6754 832 4
6754 1629 4
6754 3758 5
6754 104 5
6754 8260 5
6754 11344 5
6754 4044 3
6754 9212 1
6754 8493 4
6754 11422 4
6754 3329 5
6754 9790 5
6755 3715 4
6755 8875 4
6755 9898 4
6756 9695 2
6756 6304 5
6756 2088 5
6756 5098 3
6756 1779 5
6756 5104 5
6757 313 5
6757 4262 5
6757 10040 1
6757 1754 5
6757 5640 1
6757 1767 5
6757 5588 5
6757 5854 5
6757 7032 5
6757 5043 5
6757 4060 5
6757 5674 5
6758 3897 4
6758 8719 5
6758 1779 5
6759 824 5
6759 3449 5
6759 1332 5
6760 3587 1
6760 2922 5
6760 9968 4
6761 11544 4
6761 6661 5
6761 745 5
6761 8222 5
6761 1018 4
6761 11682 2
6761 341 5
6761 5543 2
6761 583 4
6761 2062 4
6761 9811 5
6761 9651 4
6761 9680 4
6761 3493 5
6761 3895 5
6761 2683 4
6761 4842 5
6762 2678 2
6762 3498 5
6762 1377 3
6762 773 5
6763 9225 5
6763 2932 3
6763 5052 5
6764 9273 4
6764 5993 4
6764 4919 4
6764 5997 5
6765 7349 4
6765 4126 5
6765 991 4
6766 1366 5
6766 735 5
6766 6127 5
6766 2651 5
6766 309 5
6766 712 5
6767 2657 5
6767 2842 3
6767 2841 3
6767 4336 5
6768 7359 5
6768 5709 5
6768 5091 5
6769 4926 1
6769 679 5
6769 6747 3
6769 4090 4
6770 3348 5
6770 4747 5
6770 807 5
6771 11335 4
6771 2715 5
6771 3606 4
6772 246 5
6772 934 3
6772 8993 4
6772 10641 1
6772 9769 5
6773 313 5
6773 728 5
6773 1387 5
6773 3449 5
6773 5716 5
6774 10824 5
6774 830 5
6774 4404 5
6774 5111 1
6774 9716 5
6774 9966 5
6774 3137 4
6774 9496 5
6774 10279 4
6774 10266 5
6774 8681 3
6774 1853 4
6774 11235 4
6774 9375 4
6774 9289 4
6774 5094 4
6774 5286 4
6774 1076 2
6774 1067 3
6774 5365 1
6774 924 5
6774 10466 5
6774 9952 5
6774 810 4
6774 3913 4
6774 1097 3
6774 954 5
6774 9174 4
6774 8153 5
6774 4847 4
6774 8511 5
6774 9202 4
6774 11280 4
6774 7432 4
6775 5833 5
6775 5340 4
6775 3796 5
6776 104 5
6776 6371 2
6776 4379 3
6776 3315 5
6776 3985 5
6776 3447 1
6776 8894 4
6776 323 5
6776 258 5
6776 6426 5
6777 997 5
6777 1501 3
6777 2018 3
6777 1029 5
6777 1049 5
6778 11566 5
6778 11639 4
6778 5063 4
6778 10201 4
6778 8043 4
6778 11445 4
6778 5226 4
6779 1386 5
6779 323 5
6779 1363 4
6779 4080 5
6779 1332 5
6779 9269 4
6780 4627 5
6780 2263 5
6780 4190 4
6781 11614 5
6781 8396 5
6781 11349 5
6782 6434 2
6782 10023 3
6782 1403 3
6782 20 4
6782 1747 4
6782 4785 5
6783 3911 5
6783 10782 2
6783 1357 5
6783 1462 5
6783 882 5
6783 8925 5
6783 7978 5
6783 4019 3
6783 5222 2
6783 4012 3
6783 6573 5
6783 8242 2
6783 11710 5
6783 8223 5
6783 4634 5
6783 11706 4
6783 8566 4
6783 11083 5
6783 10864 5
6783 3915 5
6783 5471 5
6783 10617 5
6783 3044 3
6783 3702 5
6783 1515 5
6783 4784 2
6783 1365 5
6783 9697 2
6783 810 5
6783 11011 4
6783 9554 5
6783 10129 5
6784 206 5
6784 11143 4
6784 4555 4
6784 8781 4
6784 3368 5
6784 4686 4
6785 4243 1
6785 2091 5
6785 3104 5
6785 3531 4
6785 5305 4
6785 7631 5
6785 1275 1
6785 4414 4
6785 1516 4
6785 4824 5
6785 687 3
6785 3348 4
6786 6995 5
6786 3393 5
6786 1469 5
6786 3031 5
6786 2419 5
6787 11005 4
6787 9627 5
6787 5841 4
6787 955 5
6787 10193 4
6787 5997 5
6787 3407 4
6787 10522 5
6787 9996 5
6787 7770 4
6787 9289 5
6788 732 3
6788 313 1
6788 792 1
6788 5098 3
6788 2940 5
6788 4797 5
6789 5882 5
6789 3431 5
6789 211 5
6789 3601 4
6789 1599 4
6789 3530 4
6789 3897 5
6789 5003 5
6790 9233 5
6790 11537 5
6790 8432 3
6790 5611 5
6790 5481 4
6790 11486 5
6791 766 5
6791 3553 5
6791 5513 4
6791 7301 5
6792 4135 5
6792 857 5
6792 3739 5
6792 5228 4
6792 11207 3
6792 5228 4
6792 8598 5
6793 4274 4
6793 970 5
6793 5788 5
6793 6215 5
6793 3594 5
6793 284 5
6793 5937 3
6793 3687 4
6793 4241 5
6793 5534 4
6793 4427 5
6794 6606 5
6794 8174 5
6794 8173 5
6794 6744 1
6794 7304 5
6794 2521 4
6794 6929 4
6794 3219 5
6794 7293 5
6794 6504 4
6794 6729 5
6794 2224 2
6794 1285 5
6794 6742 4
6794 5722 1
6794 2217 2
6794 2192 1
6794 5958 1
6794 2212 2
6794 2163 3
6794 4729 5
6794 6519 4
6794 2177 1
6794 2127 1
6794 5968 5
6794 7825 4
6794 2179 1
6794 2415 4
6794 618 1
6794 5875 1
6794 2188 1
6794 6541 3
6794 3791 5
6794 8205 4
6794 623 4
6794 3770 5
6794 9167 5
6794 8345 1
6794 570 5
6794 2343 1
6794 1564 3
6794 2221 2
6794 2237 4
6794 2273 4
6794 5929 4
6795 1463 5
6795 9808 3
6795 3152 5
6795 1216 5
6795 6932 5
6795 11068 5
6796 6798 5
6796 8517 5
6796 2669 5
6796 8295 4
6796 2499 5
6796 3198 4
6796 4339 4
6796 5180 4
6796 785 4
6796 4094 4
6796 6724 4
6796 128 4
6796 9378 4
6796 8685 4
6796 9057 4
6796 3991 5
6796 2372 4
6796 3466 4
6796 6304 5
6796 2034 5
6796 6065 4
6796 649 5
6796 3356 5
6796 3914 5
6796 1361 4
6796 3353 4
6796 3503 4
6796 3202 4
6796 2675 4
6796 8026 4
6797 8366 5
6797 5881 4
6797 6514 2
6798 6490 5
6798 7386 3
6798 7335 4
6799 8604 4
6799 3043 5
6799 3116 5
6800 2032 4
6800 3709 4
6800 1604 5
6800 2780 5
6800 4329 5
6800 3205 4
6801 3409 4
6801 7011 5
6801 3304 4
6801 6040 5
6801 11557 4
6801 11552 4
6801 5969 5
6801 3176 5
6802 5970 4
6802 7294 5
6802 7297 5
6803 11261 5
6803 5969 5
6803 5444 4
6804 3449 4
6804 1332 4
6804 8017 5
6804 8366 5
6805 5480 3
6805 8586 5
6805 1640 5
6806 3219 5
6806 7101 5
6806 1657 5
6806 7294 3
6807 6849 4
6807 3959 5
6807 8209 5
6808 496 5
6808 2461 5
6808 3360 4
6808 6111 5
6809 6102 4
6809 5969 4
6809 1305 5
6810 7343 5
6810 11518 5
6810 7182 4
6811 7190 3
6811 772 5
6811 2091 5
6811 11560 4
6812 4811 3
6812 3414 4
6812 5087 4
6812 8586 4
6813 6137 5
6813 2686 4
6813 280 5
6813 5793 5
6813 222 1
6813 2737 3
6813 4918 4
6813 2744 5
6814 4155 4
6814 5041 4
6814 5002 5
6815 4765 4
6815 309 4
6815 2093 3
6815 4936 5
6815 9811 5
6815 11545 3
6815 2616 5
6816 1637 4
6816 2714 5
6816 4686 5
6816 3728 5
6816 10076 4
6817 4977 4
6817 8003 4
6817 5433 5
6817 4549 5
6817 5791 4
6817 8684 5
6817 2730 5
6817 4904 5
6817 312 3
6818 9350 4
6818 2954 5
6818 8585 4
6819 2701 5
6819 8801 4
6819 6755 4
6820 8699 4
6820 10376 4
6820 3186 4
6821 4114 2
6821 6273 4
6821 7939 4
6821 2907 5
6821 2861 4
6821 3043 5
6821 7037 5
6821 1553 4
6821 3408 2
6821 2862 3
6821 9204 5
6821 421 5
6821 2167 4
6821 6095 4
6821 6324 4
6821 9510 5
6821 9921 4
6821 6222 5
6821 11034 4
6821 492 4
6821 6554 5
6821 4619 4
6821 5690 5
6821 2100 5
6821 1119 4
6821 2192 5
6821 11592 3
6821 11591 5
6821 7011 4
6822 4205 5
6822 4454 5
6822 3678 4
6822 1439 5
6822 3995 5
6822 10752 3
6822 7233 5
6822 7890 5
6822 5936 3
6822 4567 4
6822 9861 4
6822 5761 5
6822 7434 4
6822 3935 5
6822 1657 5
6822 2380 5
6822 2501 5
6822 2405 4
6822 4334 5
6822 27 4
6822 7927 4
6822 2384 5
6822 742 4
6823 4662 2
6823 5260 5
6823 4937 5
6823 11625 2
6824 5831 2
6824 3316 5
6824 5009 4
6824 7092 5
6824 1215 5
6824 6565 1
6824 7032 4
6824 6630 5
6824 2286 3
6824 2436 5
6825 10028 3
6825 6161 4
6825 9863 5
6825 6090 4
6825 6288 4
6825 6239 4
6825 7916 1
6825 7270 5
6825 2072 3
6825 4332 4
6825 1819 4
6825 6440 5
6825 6162 4
6825 3360 5
6825 1733 4
6825 3454 3
6825 8149 4
6825 3728 1
6825 6079 5
6825 250 4
6825 1516 5
6825 5408 5
6825 8627 5
6825 9919 4
6825 1897 5
6826 3661 3
6826 766 4
6826 1627 4
6827 771 4
6827 6536 4
6827 8554 4
6827 7803 4
6827 6451 5
6828 1579 5
6828 7137 3
6828 5878 5
6829 8531 5
6829 1686 4
6829 5088 5
6830 7923 4
6830 7131 4
6830 7287 5
6830 6843 5
6830 11214 5
6830 7184 5
6831 9795 5
6831 6506 4
6831 590 5
6831 11204 5
6832 6947 5
6832 7608 4
6832 9148 4
6832 728 5
6833 8369 5
6833 6617 5
6833 9921 5
6833 622 2
6833 102 5
6833 4431 4
6833 9815 4
6833 2427 4
6833 3417 4
6833 9757 5
6833 11202 5
6833 2220 3
6833 8818 3
6833 2583 3
6833 7007 4
6833 647 2
6833 1283 4
6833 2556 4
6833 3416 4
6833 422 3
6833 3457 5
6833 972 5
6833 2342 5
6833 4827 5
6833 3376 4
6833 11456 4
6833 5698 5
6833 1035 5
6833 1363 4
6833 1404 4
6833 2993 3
6833 398 4
6833 6636 4
6833 430 4
6833 1621 3
6833 1631 5
6833 7245 4
6833 1086 4
6833 584 4
6833 508 4
6833 2269 5
6833 414 4
6833 1202 4
6833 1037 4
6833 2324 4
6833 7864 5
6833 9908 5
6833 8618 2
6833 10798 4
6833 7905 5
6833 4797 5
6833 401 5
6833 1122 4
6833 6994 5
6833 206 5
6833 6993 5
6833 3779 4
6833 3773 4
6833 8461 5
6833 7816 4
6833 1564 4
6833 9717 5
6834 2817 4
6834 9875 5
6834 1718 5
6835 11148 4
6835 5369 5
6835 10836 5
6836 11087 1
6836 4333 4
6836 2392 5
6836 515 4
6836 7240 2
6836 3347 3
6837 3650 5
6837 860 4
6837 8905 5
6837 7928 4
6838 2009 5
6838 7308 4
6838 2059 5
6838 4947 4
6838 9063 5
6839 11556 4
6839 7306 3
6839 3586 3
6839 2062 1
6839 5737 3
6839 2144 3
6839 3238 2
6839 9563 3
6840 4675 1
6840 3265 2
6840 11216 4
6840 4065 5
6840 8087 1
6841 944 2
6841 3627 1
6841 3625 5
6841 8362 3
6842 4117 5
6842 8919 5
6842 4907 5
6842 4329 5
6842 6567 5
6843 1655 4
6843 7405 4
6843 9215 4
6843 694 4
6843 694 5
6843 9215 4
6844 5404 5
6844 5339 5
6844 128 5
6844 652 5
6844 1467 4
6844 2827 5
6844 6051 4
6844 159 5
6844 2940 4
6844 3265 3
6844 4726 5
6845 9268 5
6845 11535 5
6845 5431 3
6845 8186 5
6845 1634 5
6845 3174 5
6846 3152 5
6846 2599 5
6846 7184 5
6846 2592 5
6847 766 3
6847 11185 4
6847 5087 3
6847 679 5
6847 4035 4
6848 4930 5
6848 3977 4
6848 4770 4
6848 4629 2
6848 808 5
6849 5801 4
6849 11041 5
6849 4190 4
6849 11706 4
6849 5545 4
6850 5109 4
6850 6367 5
6850 8880 4
6850 8355 4
6850 754 4
6850 11575 4
6850 3480 5
6850 10619 4
6850 4221 4
6850 9757 5
6850 5138 4
6850 760 4
6850 701 4
6850 10058 5
6850 729 4
6850 1506 5
6850 7198 5
6850 10345 5
6851 5002 3
6851 6389 4
6851 4045 1
6851 4317 5
6851 257 2
6851 10392 5
6851 6858 4
6851 9698 5
6852 8073 5
6852 7978 3
6852 9898 5
6852 3663 5
6852 2439 5
6852 7526 5
6852 446 3
6852 2355 5
6852 2333 5
6852 507 5
6852 1836 1
6852 529 5
6852 7239 5
6852 2940 3
6853 3221 5
6853 4187 5
6853 1226 3
6853 2802 4
6854 4414 5
6854 288 5
6854 323 5
6854 276 5
6854 8198 4
6854 7661 5
6854 154 5
6854 837 5
6854 4904 5
6854 2831 3
6854 1406 4
6854 3222 5
6854 7773 4
6854 4267 5
6854 10290 1
6854 6581 3
6855 8866 5
6855 4128 5
6855 365 1
6856 10794 4
6856 1349 5
6856 9665 5
6856 10520 4
6856 6057 5
6857 3160 5
6857 966 4
6857 1029 4
6858 6040 5
6858 1195 4
6858 7049 5
6859 6025 5
6859 7012 3
6859 4483 4
6859 1679 3
6859 2529 3
6860 4623 5
6860 5516 5
6860 10944 5
6860 3748 5
6860 3868 4
6861 5747 5
6861 5466 5
6861 9140 5
6861 10299 3
6861 6548 4
6861 9137 5
6861 10819 4
6861 7161 5
6861 11505 5
6861 2730 4
6861 2741 5
6861 2742 5
6861 2743 4
6861 2624 5
6861 1522 5
6862 1462 5
6862 10696 4
6862 1081 1
6862 8322 1
6862 3810 5
6862 1498 1
6862 1329 1
6863 5075 4
6863 3035 3
6863 11461 4
6863 3149 4
6863 1959 3
6863 10411 5
6864 9688 4
6864 5222 4
6864 11667 5
6864 5229 5
6864 3943 5
6864 5127 5
6864 1067 5
6864 4135 5
6864 10655 5
6864 8248 5
6864 857 3
6864 4589 5
6864 1457 5
6864 9635 2
6864 3746 5
6864 11464 5
6864 10986 5
6864 9821 5
6864 1075 2
6864 9969 5
6864 3945 3
6864 10585 5
6864 9887 5
6864 1066 4
6864 11680 1
6864 1450 2
6864 11009 4
6864 3823 5
6864 3478 5
6864 3948 2
6864 11625 5
6865 1041 4
6865 5554 5
6865 284 3
6866 3195 4
6866 11424 5
6866 868 5
6866 10982 5
6867 4597 3
6867 8466 5
6867 2154 4
6868 3243 4
6868 7404 5
6868 5022 4
6868 3030 5
6868 11245 5
6869 6016 3
6869 9055 5
6869 3687 4
6869 11204 4
6870 4573 3
6870 6120 5
6870 5679 5
6870 2476 5
6870 3176 5
6870 3409 4
6870 1176 5
6870 7260 5
6871 634 3
6871 2485 5
6871 3291 5
6871 3341 5
6871 632 4
6871 630 5
6871 2903 5
6871 6789 5
6871 7702 5
6871 2477 5
6872 4679 5
6872 2942 5
6872 11137 5
6872 7150 5
6873 4275 1
6873 3219 5
6873 7717 4
6873 7841 5
6873 3053 5
6874 7766 4
6874 4672 5
6874 4640 4
6875 8247 4
6875 8611 5
6875 1319 5
6875 10585 5
6876 6536 4
6876 1301 5
6876 10944 5
6877 1485 4
6877 237 4
6877 6076 4
6878 8726 4
6878 9273 4
6878 6913 5
6879 8452 4
6879 8027 5
6879 7789 5
6879 311 4
6879 3291 5
6879 3218 5
6879 2257 5
6879 6067 4
6879 7743 5
6879 7325 5
6879 3221 4
6879 3349 5
6879 3665 4
6879 8803 4
6879 3301 5
6879 4359 5
6879 515 5
6879 1631 5
6880 258 5
6880 3995 5
6880 1857 5
6880 4737 5
6880 4863 5
6880 2778 5
6881 2955 4
6881 8037 4
6881 6807 5
6882 4937 2
6882 2450 5
6882 1741 5
6882 3348 4
6882 3265 4
6883 8764 4
6883 3162 4
6883 3430 4
6884 4463 5
6884 6038 5
6884 3497 5
6885 11564 5
6885 1864 4
6885 5068 4
6886 11607 5
6886 1233 5
6886 6195 4
6887 5563 5
6887 3984 5
6887 5657 5
6888 2629 5
6888 11238 5
6888 3551 5
6888 656 3
6888 3556 5
6888 766 5
6888 3702 5
6888 211 1
6888 843 3
6888 728 3
6888 1998 1
6888 276 5
6888 9165 5
6888 217 5
6888 6606 5
6888 712 5
6888 3702 0
6888 1332 5
6888 1773 5
6888 824 5
6888 2655 4
6888 107 4
6888 7166 4
6888 3646 4
6888 7113 4
6888 8855 3
6888 7710 4
6888 11335 5
6888 733 3
6888 3379 5
6888 4664 4
6889 4582 5
6889 9858 5
6889 3209 5
6890 3530 2
6890 1361 4
6890 7744 5
6891 7293 5
6891 4102 5
6891 2100 5
6891 7260 5
6891 7189 4
6891 2592 5
6891 3301 4
6892 1628 4
6892 9257 5
6892 2386 4
6892 10741 4
6892 11573 4
6892 3256 5
6893 3189 4
6893 2093 4
6893 7387 4
6893 4187 5
6894 843 5
6894 661 4
6894 5370 4
6894 772 5
6894 3264 5
6894 211 4
6895 2464 4
6895 707 4
6895 9971 5
6895 2230 5
6896 3441 4
6896 6038 5
6896 6205 5
6897 11321 5
6897 7146 5
6897 1084 5
6897 6211 5
6897 10744 5
6898 1354 5
6898 3216 5
6898 2141 5
6898 2059 5
6898 1017 5
6899 2405 5
6899 3333 5
6899 7632 5
6899 6724 5
6899 2799 4
6899 4020 4
6899 2059 3
6899 9004 5
6900 609 4
6900 1275 4
6900 1673 4
6901 4023 1
6901 4568 4
6901 11012 5
6902 772 5
6902 4301 5
6902 4502 2
6902 3627 5
6902 10380 4
6902 10441 4
6902 6376 3
6902 5631 4
6902 4062 4
6902 1456 4
6902 5055 4
6902 9443 2
6903 10868 4
6903 9752 3
6903 6722 5
6903 4392 4
6903 1467 4
6903 3016 4
6903 4652 1
6903 1029 5
6903 3686 4
6903 2965 5
6904 10142 5
6904 11177 5
6904 5460 5
6904 11582 5
6904 5468 5
6904 6962 3
6904 10890 3
6905 8273 4
6905 3428 1
6905 1364 4
6905 10866 1
6905 11641 5
6906 9782 3
6906 3925 1
6906 10387 5
6906 1515 4
6906 9443 3
6906 5733 4
6906 10390 5
6907 8295 1
6907 8610 5
6907 9207 2
6907 5400 1
6907 4935 5
6907 11378 5
6907 1457 4
6907 9807 2
6907 4784 1
6907 10747 5
6907 3949 1
6907 10366 1
6908 5263 5
6908 5016 4
6908 10943 5
6908 484 4
6908 4253 5
6908 8754 5
6908 7716 3
6908 7610 5
6908 5167 4
6908 3615 5
6908 3591 5
6908 3267 5
6908 4100 5
6908 5181 5
6908 10262 5
6908 4414 5
6908 5595 5
6908 10281 5
6908 4347 5
6908 8220 5
6908 2005 5
6908 10713 5
6908 11562 5
6908 7903 5
6908 11481 4
6908 131 5
6908 3182 5
6908 2831 3
6908 911 5
6908 5997 4
6908 4408 4
6908 1041 5
6908 5265 4
6908 5999 4
6908 10279 3
6908 5026 5
6908 10608 4
6908 11278 4
6908 4149 5
6908 10470 5
6908 6094 5
6908 4321 4
6908 8151 5
6908 6716 5
6908 8098 5
6908 8510 5
6908 9697 3
6908 4012 4
6908 10953 5
6908 5199 5
6908 8194 5
6908 3921 5
6908 5681 4
6908 10131 5
6908 3922 4
6908 857 5
6909 11008 5
6909 7233 4
6909 11158 4
6909 9631 5
6909 3932 4
6909 3849 5
6909 9629 5
6909 3768 3
6909 8761 5
6909 10895 2
6909 8649 3
6909 3618 3
6909 9411 3
6909 1516 3
6909 7117 2
6909 4395 5
6909 4834 3
6909 2036 4
6909 9623 1
6909 1733 4
6909 3985 4
6909 11259 4
6909 3919 4
6909 1365 4
6909 3913 3
6909 10108 4
6909 4784 4
6910 3944 1
6910 10579 4
6910 3152 5
6910 11158 5
6911 857 5
6911 3801 5
6911 4414 4
6912 10695 5
6912 4851 1
6912 3056 5
6913 7739 4
6913 3850 5
6913 5766 5
6913 3252 5
6913 10240 3
6913 4690 5
6913 5438 5
6913 4710 5
6913 1060 4
6913 3985 5
6913 11192 5
6913 3748 5
6913 4400 4
6914 7712 5
6914 5693 5
6914 10062 4
6914 9741 4
6914 10196 4
6914 8606 4
6914 11706 4
6914 7338 5
6914 1060 4
6914 906 5
6914 7888 5
6914 9491 5
6914 8954 5
6914 10984 4
6914 10591 5
6914 11257 4
6914 8500 5
6914 5464 4
6914 9139 5
6914 6019 3
6914 5197 5
6914 1522 4
6915 2749 1
6915 10583 5
6915 8228 5
6915 10784 5
6915 3790 5
6915 8033 4
6915 1061 2
6915 1496 1
6915 5300 1
6915 11489 5
6915 10810 5
6915 3606 5
6915 11011 5
6915 6019 1
6915 1021 4
6915 7608 5
6915 3823 5
6915 3946 3
6915 3617 3
6915 3953 5
6915 11369 5
6916 5218 4
6916 5146 5
6916 3951 5
6916 9330 4
6916 1705 5
6916 10600 5
6916 3583 5
6916 4216 4
6916 7580 5
6916 10301 5
6916 3954 5
6916 10342 5
6916 10601 5
6916 5468 5
6916 11547 4
6916 3275 5
6916 9601 5
6917 1003 1
6917 5020 5
6917 3927 5
6917 5220 3
6917 10445 4
6917 2749 5
6917 1493 5
6917 7261 5
6917 1733 3
6917 4135 4
6917 3949 3
6917 1042 5
6917 8495 2
6917 1467 5
6918 11494 1
6918 2713 5
6918 1022 1
6918 2712 5
6918 4634 2
6918 10508 3
6918 5468 5
6918 5606 5
6918 8239 2
6918 5298 1
6918 10259 1
6918 1064 1
6918 10594 4
6918 3929 5
6918 10270 4
6918 11599 5
6918 8499 1
6918 2921 5
6918 1002 2
6918 11477 3
6918 9617 4
6918 5318 5
6918 5298 1
6918 3096 4
6918 1092 1
6918 5365 2
6918 4597 2
6918 523 2
6918 9735 3
6918 3933 4
6918 5470 5
6918 1457 1
6918 11138 3
6918 9617 5
6918 6152 2
6918 8477 4
6918 1060 4
6918 5232 5
6918 11599 5
6918 1515 4
6918 10732 2
6918 11510 4
6918 3801 5
6918 2987 5
6919 9995 3
6919 8757 4
6919 3404 3
6919 5461 5
6919 4888 5
6919 4690 5
6919 5220 4
6919 1049 4
6919 3884 5
6919 3766 5
6919 3091 5
6919 4058 4
6919 143 4
6919 207 4
6919 4565 2
6919 8815 5
6919 8993 1
6919 4399 5
6919 11114 5
6919 1457 3
6919 906 5
6919 4595 4
6919 1365 5
6919 4275 4
6919 4673 2
6919 5294 5
6919 9769 5
6919 10791 3
6919 4634 5
6919 934 5
6919 975 5
6919 3573 5
6919 8982 5
6919 948 3
6919 8759 1
6919 4567 4
6919 8759 4
6919 5404 4
6919 5294 5
6919 4676 5
6919 327 4
6919 1607 5
6919 6332 5
6920 8663 5
6920 5071 5
6920 640 4
6920 9683 5
6920 9700 5
6920 5226 3
6920 1446 1
6920 944 1
6920 5309 5
6920 10866 1
6920 5751 1
6920 1081 5
6920 3686 5
6920 5489 4
6920 5358 1
6920 6332 5
6920 3446 1
6920 5228 2
6920 3469 5
6920 5671 5
6920 4507 5
6920 4275 2
6920 8362 4
6920 9395 4
6920 5318 5
6920 4396 4
6920 7505 1
6920 5808 5
6920 23 5
6920 10461 5
6920 3768 5
6920 1344 3
6920 11583 5
6920 5058 2
6920 11470 4
6920 5651 5
6920 8431 5
6920 9998 5
6920 1523 5
6920 4826 4
6920 4888 4
6920 10261 5
6920 1461 4
6920 4074 5
6920 5318 1
6920 4049 5
6920 9495 4
6920 10375 4
6920 3884 2
6920 4561 4
6920 8499 4
6920 5630 5
6920 9657 5
6920 218 5
6920 10205 1
6920 1329 3
6920 3627 3
6920 5318 5
6920 5058 1
6920 10407 3
6921 11009 5
6921 5833 5
6921 1469 5
6921 2380 5
6921 3943 5
6921 7753 4
6921 4616 5
6921 11150 5
6921 11414 5
6922 9688 5
6922 9547 4
6922 11627 3
6922 3952 5
6922 3801 5
6922 962 4
6923 321 4
6923 7510 5
6923 934 5
6923 11640 4
6923 3275 5
6923 749 3
6923 3773 5
6924 10583 5
6924 10054 4
6924 10053 4
6924 11612 4
6924 11147 4
6924 4590 4
6924 8349 4
6924 10287 3
6924 10244 3
6924 10790 4
6924 3943 4
6924 10056 5
6924 10594 4
6924 3801 2
6924 3953 5
6924 2688 5
6925 1052 5
6925 10397 4
6925 3884 5
6925 11485 3
6925 5364 4
6925 8216 5
6925 10165 5
6925 8495 4
6925 8232 5
6925 4286 5
6925 10376 5
6925 4033 3
6925 11152 5
6925 1526 4
6925 10484 5
6925 1515 3
6925 947 4
6925 9212 4
6925 5226 3
6925 3873 5
6925 11215 4
6925 5737 5
6926 5201 1
6926 8566 4
6926 3042 5
6927 11556 5
6927 1655 4
6927 2551 5
6927 6099 4
6928 6098 5
6928 6209 4
6928 9081 5
6928 8851 4
6928 4721 5
6928 4030 5
6929 4329 4
6929 5876 4
6929 6070 5
6930 5804 5
6930 7370 5
6930 4618 5
6931 3292 5
6931 3017 5
6931 8525 1
6931 9579 5
6931 3294 2
6932 6211 5
6932 6205 5
6932 7366 5
6933 889 3
6933 4027 4
6933 941 5
6933 3146 5
6933 728 5
6933 10316 5
6933 6400 5
6933 10169 4
6933 1876 5
6934 926 5
6934 5040 5
6934 11635 4
6935 6626 5
6935 5877 5
6935 1475 4
6935 3761 4
6935 843 3
6935 568 5
6935 2461 5
6935 8896 5
6935 9733 4
6935 10740 4
6935 4706 5
6935 1406 4
6935 5776 4
6936 11118 4
6936 11397 5
6936 6946 5
6936 7561 5
6936 703 4
6937 4039 5
6937 7647 4
6937 7435 5
6937 6897 5
6938 1665 1
6938 1673 1
6938 609 1
6938 699 1
6939 3661 4
6939 3181 4
6939 7101 5
6939 3610 3
6940 1583 2
6940 10883 2
6940 5037 4
6940 11382 5
6940 69 1
6940 1604 5
6940 7585 2
6940 9360 1
6940 8594 5
6940 9407 5
6940 5087 2
6940 4919 4
6941 7210 5
6941 2407 5
6941 2118 3
6941 3671 5
6941 6311 5
6941 7772 4
6941 6140 5
6941 3170 5
6941 3665 4
6942 11115 5
6942 3312 4
6942 5700 5
6942 11108 5
6942 857 5
6942 5969 5
6942 6038 5
6942 3474 4
6942 346 5
6942 9048 5
6943 9650 5
6943 9273 5
6943 3104 5
6943 9991 3
6943 8646 5
6943 2940 4
6943 3426 5
6943 3429 4
6944 1980 3
6944 1408 3
6944 609 4
6944 772 4
6944 1773 4
6944 759 4
6944 1774 4
6944 829 5
6944 747 4
6944 1277 4
6944 728 4
6944 3434 4
6944 3985 5
6944 9999 5
6945 1403 1
6945 11587 3
6945 5157 5
6945 5715 5
6945 7019 3
6945 7247 5
6945 3641 4
6945 1316 5
6946 5026 5
6946 11068 5
6946 4506 5
6946 4907 5
6946 4368 5
6946 334 4
6946 4239 5
6946 5339 1
6946 5024 5
6946 10444 1
6947 8620 5
6947 9477 5
6947 6943 5
6947 2423 4
6947 365 4
6947 4569 4
6947 7982 4
6947 7312 4
6947 4248 4
6947 4257 4
6947 8313 5
6947 8122 4
6947 2349 5
6947 3391 4
6947 6839 5
6948 7217 5
6948 4368 4
6948 2884 5
6948 4169 5
6948 4470 5
6949 934 5
6949 461 1
6949 9371 5
6949 4044 3
6949 5000 5
6950 3072 5
6950 3013 4
6950 6240 5
6950 7443 4
6950 11124 5
6950 2158 5
6950 4829 5
6950 11262 4
6950 5545 2
6951 5691 5
6951 11617 4
6951 5332 5
6952 7962 5
6952 808 4
6952 7062 5
6952 6424 3
6952 7196 5
6952 919 3
6952 3686 4
6952 4719 5
6952 8575 4
6952 11564 5
6952 8288 5
6952 7730 3
6953 10333 5
6953 75 4
6953 2329 5
6953 1236 3
6953 8710 5
6953 5271 5
6953 1406 3
6953 1864 5
6953 3302 4
6953 4117 5
6953 1787 5
6953 3654 5
6953 6804 5
6953 8246 4
6953 8564 5
6953 3348 5
6954 4998 5
6954 6207 5
6954 11200 2
6954 3178 5
6954 8840 4
6955 2988 5
6955 8960 4
6955 2457 4
6955 11095 4
6955 7857 4
6955 7257 5
6955 3304 5
6956 8663 4
6956 3348 3
6956 7291 4
6956 2157 4
6957 5969 5
6957 4034 4
6957 6952 3
6958 8195 4
6958 1902 5
6958 9598 4
6959 8175 4
6959 2130 5
6959 4737 4
6959 7062 4
6959 83 5
6959 2889 5
6960 2586 5
6960 5906 4
6960 636 5
6960 5807 4
6960 1668 5
6960 3403 5
6960 1241 5
6960 1707 4
6960 4383 3
6960 7450 5
6960 515 5
6960 2632 5
6960 7468 2
6960 1733 4
6960 9028 4
6961 138 4
6961 11622 5
6961 5759 5
6961 10659 5
6962 7310 5
6962 3687 5
6962 11227 4
6962 7708 5
6962 6870 4
6962 7234 5
6963 3487 5
6963 1332 5
6963 1277 5
6963 5513 5
6963 713 3
6963 309 5
6963 4112 5
6963 8217 1
6963 3075 5
6963 889 3
6963 882 4
6963 3057 5
6964 6571 5
6964 311 5
6964 164 5
6964 4496 5
6964 1939 4
6964 3263 5
6964 4223 1
6964 8550 4
6965 9460 5
6965 3000 5
6965 732 5
6965 323 4
6965 1275 1
6966 653 4
6966 695 5
6966 5513 5
6966 2907 5
6966 4827 4
6966 891 4
6966 3796 5
6967 7351 5
6967 3048 5
6967 309 4
6968 1052 4
6968 309 5
6968 713 5
6968 5452 1
6968 4236 3
6968 9436 5
6968 1042 4
6969 1682 5
6969 305 5
6969 1275 5
6969 1968 5
6969 3533 5
6969 1272 5
6970 3704 5
6970 4201 5
6970 1932 4
6970 4863 5
6970 153 5
6970 8773 5
6970 262 5
6970 3707 5
6970 9581 3
6970 6240 5
6970 4510 4
6970 4426 4
6970 1373 4
6970 3591 5
6970 9971 2
6970 10357 4
6971 1636 4
6971 2648 5
6971 8681 5
6971 4062 4
6971 837 5
6971 966 5
6972 3579 5
6972 2650 5
6972 4825 5
6972 1419 3
6973 2684 5
6973 7235 3
6973 3895 5
6974 104 4
6974 1813 4
6974 188 5
6975 309 5
6975 2664 5
6975 2643 5
6975 2684 5
6976 5428 5
6976 5228 5
6976 5833 4
6976 4154 4
6976 5760 5
6977 8745 5
6977 4771 5
6977 10186 4
6977 4417 5
6977 5035 4
6978 1406 5
6978 9648 3
6978 6939 4
6978 8118 4
6978 1730 4
6978 10142 2
6978 8740 4
6978 9411 5
6978 934 5
6978 1349 4
6978 992 4
6978 1048 5
6978 1097 5
6978 5737 5
6978 947 5
6978 11487 3
6978 1365 5
6979 860 5
6979 4825 4
6979 8242 3
6979 830 5
6979 862 5
6979 3867 2
6979 4254 1
6979 11029 5
6979 4031 4
6979 5751 4
6980 4224 5
6980 3621 5
6980 10336 5
6980 256 5
6980 11413 5
6980 1054 3
6980 3275 3
6980 1095 4
6980 4632 2
6980 1202 1
6980 4565 1
6980 1067 1
6980 10899 5
6980 5833 2
6980 2994 5
6980 8955 5
6980 5178 5
6980 8168 5
6980 554 5
6980 7976 5
6980 11027 5
6980 10895 3
6980 56 4
6980 10672 2
6980 10995 2
6980 3688 5
6980 2384 5
6980 749 3
6980 10839 5
6980 3749 4
6980 11157 5
6980 11157 5
6980 1093 4
6980 906 2
6980 1028 5
6980 4364 2
6980 11085 4
6980 6613 5
6980 11647 5
6980 6784 5
6980 1087 5
6980 10361 5
6980 4210 5
6980 2590 5
6980 514 4
6980 3621 5
6980 10723 2
6980 995 5
6980 10722 5
6980 10726 2
6980 10987 5
6980 883 1
6980 1501 4
6980 3379 4
6980 10767 5
6980 954 2
6980 3852 5
6980 10297 3
6980 11614 5
6980 3621 5
6980 2410 4
6980 3757 5
6980 3621 5
6980 3621 5
6980 3621 4
6980 10231 5
6980 2756 5
6980 8239 5
6980 2662 5
6980 4021 4
6980 4272 4
6980 10929 4
6980 4693 4
6980 341 5
6980 1466 5
6980 5300 4
6980 8342 5
6980 1082 4
6980 3773 2
6980 5370 2
6980 2700 5
6980 2467 5
6980 6784 5
6980 3621 5
6980 3812 5
6980 10270 3
6980 9845 5
6980 2318 5
6980 9424 5
6980 3915 5
6981 4659 4
6981 4491 3
6981 1969 5
6981 8167 4
6981 3316 4
6981 4554 3
6981 6352 1
6982 3951 5
6982 3738 5
6982 9459 3
6982 10391 4
6982 3422 5
6982 10755 2
6982 3892 3
6982 4764 4
6982 8353 5
6983 4333 5
6983 3514 5
6983 4568 2
6984 8651 5
6984 4640 5
6984 5041 5
6985 2206 5
6985 2404 3
6985 3579 5
6985 363 5
6985 9070 5
6985 10001 5
6985 2674 4
6986 10037 5
6986 771 1
6986 1317 4
6987 313 4
6987 8817 4
6987 4113 5
6987 8379 4
6987 1767 5
6987 609 5
6987 7555 5
6987 3549 5
6987 837 5
6987 9515 4
6987 7017 3
6987 271 5
6987 4719 5
6987 7548 4
6987 3156 4
6987 5642 4
6987 309 5
6987 10291 5
6987 11481 5
6988 824 4
6988 699 5
6988 1978 5
6988 3270 5
6988 9473 4
6988 305 5
6988 1412 5
6988 309 5
6988 650 5
6988 1274 5
6988 10145 4
6988 4009 5
6988 9535 5
6988 9312 5
6989 2946 2
6989 5273 4
6989 5017 5
6989 3852 5
6990 4193 5
6990 1308 5
6990 6158 4
6990 3487 4
6991 695 1
6991 5550 1
6991 3475 4
6991 4758 1
6992 762 5
6992 9095 3
6992 5687 5
6992 9737 3
6992 1395 5
6993 3705 5
6993 4673 2
6993 9596 5
6993 8802 5
6993 7354 4
6993 5218 5
6993 11278 3
6993 5619 5
6994 966 5
6994 9700 3
6994 8549 5
6994 857 5
6994 9612 2
6994 11117 5
6994 1060 5
6994 10058 5
6995 1279 1
6995 7734 1
6995 3304 4
6995 1221 3
6995 8032 1
6996 5874 4
6996 4351 4
6996 434 5
6996 9110 4
6996 3995 4
6996 10605 3
6996 10297 4
6996 8201 4
6997 8379 4
6997 2047 5
6997 1463 3
6998 9172 4
6998 5087 1
6998 3949 4
6998 747 4
6999 3146 5
6999 10941 4
6999 1481 5
6999 1733 3
6999 1876 5
6999 1349 4
6999 5828 5
6999 1442 5
6999 3879 4
6999 7495 5
6999 5257 1
6999 4275 1
6999 8809 4
6999 10202 5
6999 1515 3
6999 8752 4
6999 5126 5
6999 11297 3
7000 61 5
7000 1000 5
7000 5226 5
7000 1029 5
7000 3801 3
7000 8605 4
7000 3953 4
7000 857 5
7000 974 5
7001 4820 5
7001 11511 3
7001 4571 5
7002 2623 4
7002 2925 5
7002 2492 5
7003 3156 3
7003 4640 4
7003 11286 4
7004 1837 5
7004 2492 5
7004 1738 5
7004 3502 5
7004 687 4
7004 6080 4
7004 4718 4
7004 1893 3
7004 4235 4
7004 3554 5
7004 5918 5
7004 6516 5
7004 6892 4
7004 3509 5
7004 685 4
7005 7608 4
7005 3457 5
7005 4023 5
7005 8550 4
7005 4766 4
7006 6670 3
7006 1482 5
7006 3333 3
7006 7008 4
7007 4515 4
7007 3450 5
7007 3368 4
7007 4976 5
7007 3420 5
7007 1332 4
7008 10795 5
7008 9245 4
7008 2715 4
7008 2364 5
7008 1741 4
7009 8221 5
7009 3348 5
7009 840 5
7009 3433 4
7009 5995 4
7010 3294 3
7010 7046 5
7010 6198 5
7010 11546 5
7010 9080 2
7011 3211 5
7011 4763 5
7011 6141 4
7011 5925 5
7011 4914 4
7011 2715 5
7012 4694 5
7012 2670 5
7012 3834 3
7013 9463 5
7013 1371 5
7013 3843 5
7014 11545 3
7014 5041 4
7014 11630 5
7015 5550 3
7015 3478 5
7015 10452 4
7015 4155 4
7015 8726 5
7016 6332 5
7016 3880 5
7016 5206 5
7016 4675 4
7016 147 5
7017 4864 5
7017 695 5
7017 3685 4
7017 9970 5
7017 3533 3
7017 6240 4
7017 5295 5
7018 8957 4
7018 588 5
7018 5136 5
7019 1774 1
7019 650 5
7019 728 5
7019 98 5
7019 4316 5
7019 11650 5
7020 10377 5
7020 7261 4
7020 8663 4
7020 3579 5
7020 521 5
7020 10242 4
7020 11217 4
7020 2722 4
7021 1361 5
7021 3672 5
7021 1921 4
7021 1437 4
7021 4923 5
7021 5328 4
7021 4919 5
7021 11439 5
7021 4952 5
7022 2715 5
7022 8266 5
7022 2461 4
7022 11639 5
7023 2653 5
7023 4816 5
7023 3288 5
7023 1572 5
7023 7153 5
7023 11698 5
7023 1349 2
7023 4593 5
7023 4603 5
7023 11636 5
7023 4949 5
7023 3252 5
7023 10474 5
7023 11365 4
7023 7760 4
7023 9260 4
7023 8233 5
7023 8234 2
7023 11616 5
7023 5708 5
7023 8227 4
7023 5379 5
7023 8242 5
7023 10784 5
7023 11597 4
7023 8230 5
7023 4602 5
7023 10156 5
7023 954 5
7023 3625 5
7023 10810 5
7023 3806 4
7023 10270 4
7023 9855 5
7023 9741 4
7023 1062 5
7023 4634 3
7023 10594 5
7023 1466 5
7023 3863 5
7023 5460 5
7023 4272 5
7023 4216 5
7023 1021 5
7023 1522 5
7023 10809 5
7023 3949 3
7023 5546 4
7024 9735 4
7024 4521 5
7024 11250 5
7025 9760 5
7025 9770 5
7025 1522 4
7025 4675 4
7025 10120 5
7025 3927 2
7025 4399 4
7025 3686 5
7025 9032 5
7025 5220 4
7025 10483 3
7025 3110 5
7025 9411 5
7026 4792 4
7026 4782 5
7026 6875 4
7027 9967 4
7027 818 2
7027 4246 1
7027 2059 5
7027 6982 4
7027 7166 5
7028 9261 5
7028 5052 5
7028 6214 5
7029 3849 3
7029 10094 1
7029 1477 1
7029 2690 3
7029 184 4
7029 2674 4
7030 1744 4
7030 2698 5
7030 7126 4
7030 77 5
7030 1924 4
7030 1709 5
7030 7561 3
7030 1427 4
7030 3194 4
7030 866 4
7030 10556 5
7030 3527 5
7031 2891 5
7031 7745 5
7031 10277 4
7032 4058 3
7032 9011 4
7032 8448 4
7033 10156 5
7033 1876 4
7033 9611 4
7034 477 4
7034 3577 4
7034 2697 3
7034 2194 3
7034 904 2
7034 1429 4
7034 3778 3
7035 11703 5
7035 9491 5
7035 10771 5
7035 3893 5
7036 5601 4
7036 1559 5
7036 5457 5
7037 991 5
7037 10113 2
7037 3422 5
7037 8228 5
7038 9330 1
7038 9212 5
7038 5985 5
7038 10285 5
7038 4358 5
7038 5479 5
7038 7259 5
7038 5997 4
7038 8602 3
7038 4851 5
7038 1018 5
7038 1022 5
7038 10589 4
7038 3913 5
7038 10523 5
7038 11138 5
7038 11010 5
7038 11010 5
7038 3606 5
7038 11378 5
7038 6035 5
7038 485 1
7038 10690 2
7038 9789 5
7038 5303 5
7038 9526 5
7038 9153 5
7039 3863 5
7039 5529 4
7039 3252 3
7039 9741 4
7039 1462 4
7039 9491 5
7039 11670 5
7040 2749 1
7040 2639 1
7040 5379 3
7040 3626 1
7040 5042 5
7040 3879 5
7040 3870 1
7041 900 1
7041 5318 2
7041 10918 3
7041 10687 4
7041 9338 3
7041 5220 3
7041 4629 3
7041 1067 1
7041 5467 2
7041 9651 4
7041 3852 4
7041 9949 5
7041 10675 5
7041 3770 5
7041 9952 4
7041 943 2
7041 4216 2
7042 8578 5
7042 3272 5
7042 5618 5
7043 312 3
7043 5694 5
7043 5069 4
7043 1921 5
7043 3228 4
7043 4335 4
7044 9889 3
7044 9136 5
7044 10121 5
7044 9532 5
7045 9674 4
7045 8504 3
7045 9511 4
7045 3559 5
7045 5222 1
7045 4220 1
7045 3790 5
7045 5468 3
7045 11435 3
7045 11619 3
7045 1072 4
7045 10987 1
7045 4972 4
7045 11645 5
7045 10843 1
7045 11339 3
7045 8586 4
7045 8762 4
7045 8762 5
7046 3435 5
7046 211 3
7046 4194 3
7047 3025 3
7047 1403 2
7047 9415 4
7047 738 5
7047 6515 4
7047 10768 4
7048 1062 5
7048 11177 5
7048 5579 5
7048 620 5
7048 11586 5
7048 1481 5
7048 857 5
7048 3953 5
7048 3862 5
7048 3943 5
7048 3451 5
7049 5112 5
7049 10495 5
7049 9838 5
7049 11338 2
7049 11257 5
7049 9459 5
7050 11029 5
7050 11292 5
7050 9723 5
7050 11062 5
7050 3953 5
7050 4879 1
7050 3041 5
7050 1481 2
7051 5533 5
7051 6587 5
7051 2833 2
7051 3595 1
7051 3824 2
7051 1099 3
7051 1077 5
7051 5370 4
7051 11707 4
7051 1329 5
7051 11368 3
7051 11510 4
7051 3422 4
7051 2921 5
7051 4794 5
7051 9332 5
7051 10583 5
7051 1021 4
7051 3275 5
7051 5228 4
7052 3252 4
7052 3478 4
7052 2652 4
7052 3883 5
7052 5468 5
7052 5529 4
7052 6141 5
7053 2718 3
7053 10422 4
7053 1985 5
7053 742 3
7054 10234 5
7054 8063 5
7054 11685 5
7055 830 5
7055 2865 5
7055 8113 5
7056 2906 3
7056 5062 5
7056 8274 5
7056 3129 5
7056 3901 4
7057 5602 4
7057 934 4
7057 5255 4
7057 7888 5
7057 5325 4
7058 9039 5
7058 10815 5
7058 6698 5
7058 2637 5
7058 71 5
7058 351 2
7058 4625 4
7058 5177 5
7059 10786 5
7059 1029 5
7059 2305 2
7060 5166 2
7060 934 5
7060 11442 3
7060 9677 5
7060 5313 4
7060 5135 3
7060 4322 4
7060 3310 5
7060 4396 5
7060 10096 1
7060 1522 4
7060 4216 5
7060 3625 4
7060 5524 5
7060 2689 4
7060 521 3
7060 8500 5
7060 8310 5
7060 10480 5
7060 4597 4
7060 3275 5
7060 11699 5
7060 7208 5
7060 4699 5
7060 10926 5
7060 9917 5
7060 10751 5
7060 8362 3
7060 11472 5
7060 9278 5
7061 312 5
7061 104 3
7061 3446 3
7062 8000 5
7062 70 3
7062 309 5
7062 9128 4
7062 4168 4
7062 7017 4
7062 744 5
7062 9285 3
7063 11259 5
7063 5514 5
7063 11259 4
7063 4814 5
7063 5850 5
7064 9359 4
7064 11198 5
7064 4860 5
7064 3878 5
7065 8595 5
7065 1329 5
7065 8362 5
7065 10051 5
7065 9443 4
7065 979 4
7065 5494 5
7065 5833 5
7065 5112 5
7065 7222 5
7065 10232 5
7065 2398 5
7065 363 5
7065 4807 5
7065 1450 5
7065 9944 5
7065 10669 5
7065 906 5
7065 11369 5
7065 9668 5
7065 9821 5
7065 9603 5
7065 5226 5
7065 3680 5
7065 1060 5
7065 5597 5
7065 7712 5
7065 10321 5
7065 3785 2
7065 3617 5
7065 1002 5
7065 9210 1
7065 4829 5
7065 3208 5
7065 5370 5
7065 2516 4
7065 10361 5
7065 857 5
7065 8493 3
7065 3949 5
7065 2262 4
7065 3905 4
7065 3623 4
7065 3913 5
7066 5514 4
7066 5537 5
7066 5507 5
7067 11597 4
7067 3948 4
7067 10718 5
7067 11169 4
7067 4991 5
7067 8225 5
7067 5472 3
7067 2713 5
7068 5000 4
7068 857 5
7068 3913 4
7069 5083 3
7069 2713 5
7069 2652 5
7069 11409 5
7069 3892 5
7069 8402 5
7069 8225 5
7070 7855 5
7070 6141 5
7070 2558 5
7070 1062 5
7070 10235 1
7071 6440 5
7071 11361 5
7071 10847 3
7071 7306 5
7071 8054 3
7071 1357 5
7071 10478 4
7071 5226 3
7071 9454 4
7072 5781 2
7072 2589 1
7072 11008 5
7073 10367 5
7073 8493 1
7073 4135 5
7074 3340 5
7074 9110 5
7074 3948 4
7075 9330 5
7075 3913 5
7075 10508 2
7076 5397 5
7076 5733 5
7076 2662 4
7076 7547 4
7076 10714 5
7076 1515 4
7077 4286 4
7077 5832 4
7077 3315 2
7077 7834 5
7078 10823 5
7078 2695 3
7078 4286 5
7078 5007 4
7078 3949 2
7078 577 5
7078 5597 3
7078 3943 5
7078 9140 5
7079 10995 5
7079 3913 5
7079 3860 5
7080 9848 5
7080 9851 5
7080 10230 4
7081 2932 3
7081 10417 5
7081 4189 5
7081 8874 1
7081 8749 4
7081 9150 1
7081 5510 4
7081 10418 5
7081 1522 1
7081 1365 5
7081 10617 5
7082 4439 5
7082 5616 2
7082 11254 4
7082 10885 3
7083 3126 5
7083 3893 5
7083 6174 5
7083 10770 5
7083 9255 5
7083 1067 4
7083 7753 4
7083 7504 5
7083 8495 4
7083 10248 5
7083 3738 5
7083 9560 4
7083 4882 5
7083 10835 5
7083 11276 5
7083 5510 5
7083 9493 5
7083 4033 5
7083 10977 5
7083 11681 4
7083 3883 5
7083 3905 4
7083 2752 5
7083 3156 5
7083 1003 5
7084 8500 5
7084 934 5
7084 1329 1
7084 954 1
7084 1097 5
7084 4851 5
7084 10594 1
7084 3749 5
7085 4561 2
7085 2923 5
7085 1067 5
7085 3620 5
7085 10836 5
7085 5405 5
7086 4216 1
7086 2987 5
7086 11646 5
7086 655 5
7086 11682 5
7086 10227 1
7087 6516 5
7087 9515 3
7087 4853 5
7087 4243 4
7087 8514 3
7087 8193 5
7087 4533 4
7087 4117 5
7087 1462 5
7087 4265 5
7088 2715 5
7088 4617 5
7088 4763 4
7088 11713 4
7088 5735 5
7089 1419 3
7089 3626 4
7089 2700 4
7089 4997 4
7089 1409 4
7089 7319 5
7089 2704 5
7089 10376 5
7089 655 5
7090 1757 4
7090 3619 1
7090 4135 4
7090 4187 5
7090 5370 5
7090 211 5
7090 6551 4
7090 9514 5
7090 5023 4
7090 8003 5
7090 954 5
7090 3793 4
7090 1419 4
7090 935 3
7090 3563 3
7090 1386 4
7090 1267 3
7090 3450 4
7090 1524 4
7090 4599 4
7090 1097 3
7090 8313 5
7090 3824 1
7090 5833 4
7090 6634 4
7090 5340 4
7090 5228 4
7091 4631 2
7091 3615 4
7091 4019 2
7091 6019 4
7091 6562 5
7091 2618 4
7091 1060 4
7091 3802 1
7091 10777 1
7091 10491 4
7091 4545 4
7091 8606 5
7091 4216 2
7091 5930 5
7091 5365 1
7091 5453 5
7091 10910 4
7091 11139 5
7091 2174 5
7091 378 3
7091 5177 4
7091 2756 3
7092 7795 5
7092 10063 5
7092 8514 5
7092 8258 1
7092 3687 5
7093 6159 4
7093 1360 5
7093 5232 5
7093 8915 5
7093 4774 2
7093 3525 5
7093 4060 5
7093 4686 5
7094 5009 5
7094 4673 1
7094 4520 5
7094 11635 3
7095 1241 5
7095 9144 5
7095 9544 4
7095 8423 2
7095 4193 5
7095 10997 5
7095 11275 5
7095 9533 4
7096 10422 5
7096 5167 5
7096 9326 5
7097 10342 2
7097 11319 3
7097 11281 5
7097 4270 2
7098 9258 5
7098 9575 5
7098 4155 3
7099 4377 5
7099 5228 5
7099 500 2
7099 4411 2
7099 4417 5
7099 11081 5
7099 1377 2
7100 104 5
7100 792 5
7100 258 4
7100 276 5
7100 9790 5
7100 3317 4
7100 2931 5
7100 832 4
7100 1406 3
7101 5409 5
7101 3449 4
7101 5000 5
7102 11090 5
7102 3539 1
7102 4813 5
7102 3503 5
7103 2656 5
7103 3335 5
7103 5833 5
7104 2552 5
7104 3749 4
7104 4417 5
7105 5263 5
7105 2831 5
7105 3959 5
7105 6516 5
7105 9515 4
7105 4546 5
7105 6053 5
7106 8282 5
7106 11365 5
7106 5686 4
7106 1509 4
7106 9138 4
7106 11697 5
7106 2716 4
7106 1241 5
7106 1035 5
7106 8424 5
7106 10121 5
7106 8429 5
7106 8830 4
7106 1424 5
7106 3874 5
7106 10707 5
7106 8360 5
7106 9823 5
7106 1058 5
7107 10687 5
7107 9159 3
7107 3428 5
7107 4401 5
7107 3791 5
7107 9361 3
7107 4170 5
7107 1371 2
7107 3770 5
7107 2091 2
7107 934 5
7107 1496 5
7107 3550 5
7107 5997 3
7107 3687 5
7107 9794 5
7107 9411 4
7107 4149 5
7107 3927 3
7107 9435 5
7107 1049 4
7107 4632 3
7107 9168 4
7107 3447 4
7107 8686 4
7107 11549 5
7107 1334 5
7107 3195 4
7107 5220 4
7107 7568 5
7107 4218 1
7108 7969 5
7108 3954 2
7108 10093 2
7108 5489 4
7108 6332 4
7108 645 2
7108 1708 4
7108 4673 2
7108 3422 2
7109 3949 4
7109 4135 4
7109 1021 4
7109 9139 5
7109 5356 5
7109 8424 4
7109 11177 5
7109 9493 4
7109 9838 5
7109 10495 5
7109 10936 5
7109 11339 5
7109 9749 4
7109 1462 5
7109 4019 2
7109 5392 4
7109 9748 5
7110 11276 1
7110 11446 5
7110 5392 5
7111 1087 1
7111 5606 5
7111 3755 4
7111 3946 2
7111 11543 5
7111 8493 4
7111 10731 4
7111 11446 5
7111 3421 4
7111 4216 1
7111 2730 5
7111 1002 2
7111 2741 2
7111 3863 5
7111 11187 2
7111 9823 4
7111 11193 3
7111 3623 2
7111 9139 5
7112 728 3
7112 1264 4
7112 661 3
7113 4570 5
7113 2718 5
7113 11008 5
7113 4690 4
7113 10592 4
7113 11338 3
7113 1508 5
7113 3929 1
7113 8499 5
7113 3762 5
7113 3208 5
7113 3953 5
7113 934 5
7113 11577 4
7113 6967 3
7114 8242 5
7114 2738 5
7114 10702 5
7114 1349 4
7114 11526 5
7114 10270 4
7114 3944 1
7114 8228 1
7114 5297 1
7114 9674 1
7114 3804 5
7114 8234 1
7114 3770 5
7114 9135 3
7114 10810 1
7114 5315 4
7114 10052 5
7114 11617 5
7114 10051 5
7114 966 5
7114 10707 2
7114 5310 4
7115 5220 5
7115 3819 2
7115 104 5
7116 6884 5
7116 1076 4
7116 5864 4
7116 830 5
7117 9090 5
7117 7141 5
7117 3570 2
7117 5660 5
7118 3750 2
7118 4807 4
7118 3913 3
7118 9493 2
7118 5597 5
7118 3950 4
7118 8052 4
7118 11690 5
7118 10747 5
7118 4135 5
7118 3801 5
7119 3177 5
7119 3170 5
7119 6027 2
7119 11329 5
7120 4700 3
7120 3035 4
7120 5023 5
7121 3814 4
7121 2373 3
7121 1522 4
7121 5930 4
7121 3773 2
7122 10380 2
7122 9718 5
7122 8793 5
7122 10858 4
7122 4631 1
7122 10152 4
7122 9752 3
7122 1457 1
7122 10028 4
7122 4031 5
7122 8567 5
7122 4850 5
7122 11105 5
7122 4964 3
7122 5226 2
7122 3447 2
7123 3717 1
7123 8010 1
7123 4829 2
7123 3617 5
7123 8747 1
7123 9129 1
7123 6941 5
7123 4056 5
7123 4690 1
7123 10934 5
7123 5294 5
7123 10887 1
7123 9494 5
7123 5020 1
7123 11642 5
7123 10706 3
7124 3846 5
7124 9296 3
7124 5417 2
7124 3447 2
7124 4386 5
7124 1515 2
7125 211 5
7125 3264 3
7125 10997 5
7125 1484 5
7125 4881 5
7126 3884 3
7126 1052 3
7126 8495 1
7126 9438 5
7127 11195 4
7127 10798 4
7127 11510 3
7127 10414 4
7127 3596 2
7127 2558 5
7127 8234 1
7127 8228 5
7128 3945 1
7128 10634 4
7128 11476 5
7128 6562 5
7129 1536 5
7129 5732 5
7129 7936 3
7129 1111 5
7130 2549 5
7130 5971 5
7130 1651 5
7130 5972 5
7130 6693 5
7130 7211 5
7130 11190 5
7131 7187 5
7131 41 4
7131 7133 5
7132 2592 5
7132 8865 4
7132 1657 5
7132 7190 4
7133 5533 5
7133 466 5
7133 9909 4
7133 2308 5
7134 11491 5
7134 5206 4
7134 3858 3
7134 4586 5
7134 8228 1
7134 4170 5
7134 3209 5
7134 1852 5
7134 4011 5
7134 8430 5
7134 5495 4
7134 3340 5
7134 6141 5
7135 5973 5
7135 8447 4
7135 1097 2
7135 1520 3
7135 2558 5
7135 991 5
7135 962 4
7135 5166 5
7135 3717 5
7135 4054 2
7135 9140 5
7135 3801 5
7135 3929 5
7135 3469 5
7135 9459 5
7135 3138 4
7135 9697 5
7135 857 5
7135 3913 5
7135 3949 3
7136 8456 5
7136 3181 5
7136 1177 3
7136 6190 5
7136 3042 5
7137 4947 5
7137 991 4
7137 3226 4
7137 8795 5
7137 3064 4
7137 6794 5
7137 11348 3
7137 7210 4
7137 7387 5
7137 11223 5
7137 3665 4
7137 1657 5
7138 4850 4
7138 2753 5
7138 10386 4
7138 3185 3
7138 408 4
7139 6505 2
7139 1657 5
7139 4577 3
7140 4535 5
7140 10743 3
7140 10621 4
7141 3165 5
7141 11249 5
7141 3333 5
7142 5203 5
7142 8087 4
7142 6374 5
7142 10321 4
7142 11437 5
7142 3953 4
7142 3953 3
7142 8033 4
7142 5351 5
7142 3953 5
7142 5464 4
7142 10200 5
7142 3560 4
7142 4703 5
7142 6174 5
7142 7457 4
7142 3801 5
7142 1466 5
7142 3949 4
7142 11037 4
7142 966 4
7142 10478 4
7142 10348 3
7142 8493 4
7142 1438 5
7142 7305 5
7142 5058 3
7142 11703 5
7142 3954 4
7142 10523 5
7142 3623 4
7143 3593 5
7143 4593 4
7143 7338 4
7143 3480 4
7143 4603 5
7144 2446 4
7144 2982 4
7144 3164 5
7144 8081 4
7144 1651 3
7144 11598 4
7144 7363 5
7145 985 4
7145 141 4
7145 5189 5
7145 1422 3
7145 1365 5
7145 9064 5
7145 2019 4
7145 8313 4
7145 713 3
7145 3385 4
7145 3882 5
7145 280 4
7145 109 5
7145 10355 3
7145 5700 5
7145 10686 5
7145 1332 4
7145 3883 5
7145 3880 5
7145 3809 4
7145 232 4
7145 7121 4
7145 7561 4
7145 5803 5
7145 7254 4
7145 3586 4
7145 8955 4
7145 407 5
7145 1048 4
7145 7816 5
7145 338 4
7145 4270 4
7145 3617 4
7145 4984 4
7145 1047 5
7145 1769 4
7145 4872 5
7145 11353 4
7145 8794 4
7145 9593 5
7145 4013 4
7145 8131 5
7145 3118 5
7145 10677 4
7145 1502 5
7145 9200 4
7145 7209 5
7146 3489 5
7146 2625 4
7146 10152 5
7146 11175 3
7146 8333 5
7146 5706 5
7146 3133 5
7146 1406 1
7146 3346 3
7146 11260 5
7146 4816 2
7146 11652 5
7146 9943 5
7146 11677 2
7146 2551 5
7146 11618 4
7147 4117 5
7147 13 5
7147 1604 5
7147 8318 5
7148 6554 4
7148 7420 1
7148 7779 2
7148 3579 5
7148 4016 5
7148 6578 5
7149 323 5
7149 5629 5
7149 741 5
7149 9326 5
7149 829 5
7149 312 5
7149 5513 4
7149 9076 5
7150 7567 5
7150 8176 5
7150 3146 5
7150 4598 5
7151 11162 5
7151 3176 5
7151 11236 5
7151 3304 5
7151 4686 5
7151 5700 5
7151 11312 4
7152 5143 5
7152 5969 3
7152 11514 5
7153 3332 5
7153 7310 4
7153 8917 4
7154 11213 4
7154 3430 5
7154 11536 4
7154 3283 4
7154 7493 4
7154 5038 5
7154 3333 5
7154 6214 3
7154 11377 4
7155 4117 4
7155 1048 5
7155 2744 5
7156 1506 5
7156 5051 5
7156 5372 5
7156 9562 5
7156 11142 5
7156 10121 5
7156 3480 5
7156 9745 3
7156 9778 4
7156 6551 5
7156 11606 4
7156 8429 4
7156 11365 4
7156 9139 5
7156 9142 5
7156 9140 5
7157 7658 5
7157 8088 5
7157 6191 4
7158 653 5
7158 9254 3
7158 7403 5
7158 4381 4
7158 4138 4
7158 10218 5
7158 82 4
7158 7497 4
7159 934 5
7159 966 5
7159 3953 5
7159 3952 5
7159 4603 5
7159 8228 1
7159 3778 4
7159 5464 5
7159 3882 5
7159 3861 5
7159 8779 5
7160 4294 4
7160 3360 5
7160 284 5
7161 1520 4
7161 6955 5
7161 924 5
7161 5834 5
7161 5810 5
7161 9933 5
7161 1493 5
7161 6152 5
7161 10668 1
7161 857 5
7162 10742 4
7162 11624 5
7162 5742 5
7162 11380 5
7163 9943 4
7163 9952 4
7163 11076 4
7163 8866 5
7163 9862 3
7163 5146 5
7163 885 5
7163 1329 5
7163 2445 4
7163 2720 2
7163 3869 3
7163 7148 4
7163 11390 2
7163 5748 4
7163 3422 5
7163 6391 4
7163 3041 5
7163 3812 5
7163 10843 4
7163 9981 4
7163 3773 5
7163 10232 3
7163 2242 4
7163 749 5
7163 5524 4
7163 3615 3
7163 1308 4
7163 1469 5
7163 5500 3
7163 3617 5
7163 10474 5
7163 3790 5
7163 1084 4
7163 4216 3
7163 5634 1
7163 8830 5
7163 8168 5
7163 1302 4
7163 3877 5
7163 2219 3
7163 3275 5
7163 622 3
7163 2413 5
7163 2756 4
7163 4597 4
7163 466 3
7163 2363 4
7163 638 5
7163 10359 4
7163 3603 3
7163 363 4
7163 3625 3
7163 10342 2
7163 11469 2
7163 1062 3
7163 3121 2
7163 1054 5
7163 8278 5
7163 378 4
7163 1466 4
7163 11331 1
7163 2689 3
7163 3810 5
7163 2730 5
7163 7966 3
7163 3032 4
7163 5177 4
7163 9029 3
7163 7824 4
7163 6774 3
7163 5287 4
7163 1065 5
7163 8866 5
7163 5025 5
7163 4304 5
7163 9860 5
7163 10604 4
7163 360 5
7163 9134 4
7163 423 3
7163 9870 2
7163 11531 4
7163 9912 3
7163 4188 5
7163 9887 5
7163 3060 5
7163 10600 5
7163 10905 3
7163 5226 5
7163 2373 5
7163 8745 4
7164 6795 5
7164 3912 4
7164 7019 4
7165 10980 5
7165 7556 4
7165 9627 5
7165 574 1
7165 186 5
7166 826 5
7166 3891 5
7166 1865 1
7166 1241 5
7166 110 5
7167 3201 5
7167 10338 4
7167 3190 5
7167 1287 5
7167 4491 5
7167 6837 5
7168 9767 4
7168 5135 3
7168 6515 4
7168 3640 5
7169 7490 4
7169 1716 4
7169 5337 5
7169 11174 4
7169 11261 5
7169 9491 5
7169 9548 4
7169 5804 5
7169 5735 4
7170 740 3
7170 1274 3
7170 196 5
7171 4156 5
7171 2936 3
7171 309 5
7171 4782 5
7171 104 4
7171 11508 5
7171 5472 5
7172 2998 5
7172 3979 5
7172 5209 4
7172 7545 5
7173 4792 5
7173 4168 5
7173 9330 5
7173 4184 5
7173 11262 4
7173 3530 4
7173 346 4
7174 10716 5
7174 5572 5
7174 1395 5
7174 323 4
7174 11273 5
7175 3252 5
7175 3797 4
7175 3288 4
7176 8762 3
7176 10811 1
7176 574 1
7176 1332 4
7177 2294 1
7177 649 4
7177 4331 4
7177 4491 5
7177 8176 5
7177 3348 4
7178 3276 5
7178 8487 5
7178 10285 5
7178 4552 4
7179 1215 5
7179 11159 5
7179 10661 5
7179 8970 1
7179 9985 1
7179 1285 5
7179 8917 4
7180 9906 5
7180 9140 5
7180 906 1
7180 10461 1
7180 8199 5
7181 3627 1
7181 1733 5
7181 3428 4
7182 2907 5
7182 4257 5
7182 1467 5
7182 10879 4
7182 7716 3
7182 1041 5
7182 284 1
7182 3064 4
7182 184 5
7182 9411 4
7182 3819 5
7182 10932 5
7182 8493 5
7182 6004 1
7182 3949 5
7182 3949 4
7183 9212 3
7183 4917 3
7183 5092 3
7183 9973 5
7183 1467 1
7183 8495 4
7183 4784 3
7183 2648 3
7183 1522 1
7184 3861 5
7184 857 5
7184 3716 4
7185 10821 5
7185 11328 5
7185 8492 5
7185 11589 5
7185 972 4
7185 10150 1
7186 7712 5
7186 4917 5
7186 3252 5
7186 9782 4
7186 4171 5
7186 1433 5
7187 3533 5
7187 610 5
7187 1682 5
7187 6214 5
7187 1352 5
7187 3025 5
7187 10373 4
7187 4156 5
7188 10701 5
7188 888 5
7188 3826 1
7188 5466 5
7188 4876 3
7188 6039 5
7188 900 5
7188 3718 4
7188 3870 4
7188 11582 1
7188 934 5
7188 2965 3
7188 10927 2
7188 11150 4
7188 2206 5
7188 3951 5
7188 8648 5
7188 1041 4
7188 10887 5
7188 10436 5
7188 3785 5
7188 4286 5
7188 5445 4
7188 6963 3
7189 2230 3
7189 4957 4
7189 4399 4
7189 9075 5
7189 216 3
7189 8893 5
7189 3834 3
7189 7527 4
7189 3417 3
7189 9185 4
7189 504 1
7189 6938 5
7189 3715 5
7189 4862 5
7189 8185 4
7189 8602 5
7189 5695 5
7189 9418 5
7189 10063 5
7189 11495 4
7189 10375 5
7189 1202 5
7189 3089 5
7189 10425 3
7189 9518 5
7189 6921 4
7189 3267 4
7189 6192 5
7189 1876 5
7189 8589 5
7189 997 4
7190 323 5
7190 1418 1
7190 309 5
7190 4023 5
7190 1669 4
7190 461 1
7190 4825 4
7190 4258 3
7190 2461 5
7190 4417 5
7191 7352 5
7191 8386 1
7191 4117 5
7191 5600 5
7191 6049 5
7191 6213 2
7191 11323 1
7191 11189 5
7191 1921 5
7191 4823 4
7191 5832 2
7191 9247 4
7191 6095 5
7191 6344 5
7191 2158 5
7191 4240 4
7191 5560 5
7191 7738 5
7191 4887 1
7191 4775 5
7191 7253 4
7191 4380 5
7191 8197 5
7191 5147 4
7191 239 3
7191 195 5
7191 5331 4
7191 4044 5
7191 1040 5
7191 3831 4
7191 5737 5
7191 4919 5
7191 4983 1
7191 1285 5
7191 5009 5
7191 4782 2
7192 3951 1
7192 5041 2
7192 10554 4
7193 714 5
7193 6499 5
7193 5852 5
7193 4183 5
7194 1526 5
7194 4203 5
7194 4801 5
7194 5597 5
7194 857 5
7194 3252 5
7194 3480 5
7194 5112 5
7194 11008 5
7194 11217 5
7195 5345 2
7195 10771 3
7195 5226 3
7195 4786 2
7195 11298 1
7195 8598 5
7195 1467 5
7195 11690 5
7195 9191 4
7195 11217 5
7195 10831 5
7196 3762 5
7196 3041 5
7196 218 5
7196 5532 4
7196 5606 5
7196 3947 5
7196 5498 5
7196 3863 5
7197 9223 5
7197 8428 5
7197 990 3
7197 3802 5
7197 7966 4
7197 3894 5
7197 10886 4
7197 1503 5
7197 11026 5
7197 3137 5
7197 8369 4
7197 9527 4
7197 3138 5
7197 8504 5
7197 1021 4
7197 7831 5
7197 10784 4
7197 10691 4
7197 10723 3
7198 11565 3
7198 5532 4
7198 5495 5
7198 11578 5
7198 5371 5
7198 11457 3
7198 10867 5
7198 11061 5
7198 11215 2
7198 9491 5
7198 4585 4
7198 10755 5
7198 10541 4
7199 1519 5
7199 1021 2
7199 10039 5
7199 9120 5
7199 5409 5
7199 10227 5
7199 3056 4
7199 5441 5
7199 5842 5
7199 8638 5
7200 6267 5
7200 6515 5
7200 862 5
7201 7460 5
7201 5220 5
7201 4131 5
7201 5226 2
7201 974 1
7201 857 5
7202 916 4
7202 9322 3
7202 958 4
7202 1049 4
7202 3770 5
7202 3944 4
7202 10385 3
7202 11032 5
7203 3715 5
7203 5781 5
7203 10552 5
7203 3687 4
7203 9316 5
7203 1607 2
7203 9110 5
7203 2152 2
7203 5351 5
7203 8098 4
7203 4404 5
7203 8664 5
7203 3267 4
7203 9674 5
7203 3852 5
7203 4414 5
7203 1852 5
7203 7902 5
7203 8492 5
7203 933 5
7204 9944 5
7204 3085 5
7204 5407 4
7205 3790 3
7205 2689 5
7205 1522 4
7205 1365 5
7205 3617 5
7205 3762 5
7205 8242 5
7205 8033 3
7205 11434 4
7205 1496 4
7205 3952 5
7205 3718 3
7205 8230 5
7205 11574 5
7206 1070 5
7206 3826 2
7206 4705 4
7207 10093 1
7207 4683 5
7207 3768 5
7207 3905 4
7207 5226 3
7207 11712 5
7207 5058 3
7207 11696 5
7208 3762 5
7208 2715 5
7208 3146 5
7208 309 5
7209 4242 3
7209 7589 4
7209 2744 5
7209 4809 5
7209 589 2
7209 1352 5
7209 4971 3
7210 1458 1
7210 1441 2
7210 10261 2
7210 4074 1
7210 1348 5
7210 4926 1
7210 6980 2
7210 3446 5
7210 5611 2
7210 3315 1
7210 5403 5
7210 934 4
7210 5467 1
7210 11000 1
7210 10428 2
7210 10501 1
7210 5223 4
7210 771 1
7210 3623 4
7210 7139 5
7210 9233 4
7210 8787 2
7210 1515 1
7210 4601 4
7210 4603 5
7210 11698 4
7211 4100 5
7211 5997 3
7211 2916 5
7211 1716 5
7211 954 5
7212 8495 5
7212 2833 4
7212 2045 1
7212 10318 4
7213 4991 5
7213 9998 2
7213 5833 4
7213 2752 4
7213 11388 4
7213 2615 3
7213 2614 5
7213 2750 4
7213 2679 4
7213 11705 5
7213 3775 4
7213 11314 4
7213 5228 5
7213 7866 5
7213 2713 5
7213 2616 5
7213 11569 4
7213 2639 5
7213 2618 3
7213 9859 5
7213 2704 5
7213 5231 5
7213 2593 5
7213 10049 5
7213 5379 5
7213 2707 4
7213 9859 5
7214 9098 5
7214 9331 2
7214 2704 5
7214 11014 4
7214 2749 5
7214 4003 4
7214 5663 5
7214 11436 5
7215 3913 3
7215 8033 2
7215 11516 5
7215 7475 5
7215 2704 5
7216 5467 2
7216 5780 2
7216 9504 5
7216 3911 3
7216 10080 5
7216 4814 5
7217 873 5
7217 9296 4
7217 10091 4
7218 6939 2
7218 10849 4
7218 10590 5
7218 7052 5
7218 3947 5
7218 10435 4
7218 1082 5
7219 3892 5
7219 890 5
7219 9140 5
7220 1241 5
7220 6052 4
7220 717 5
7220 5698 5
7220 10014 5
7220 6964 5
7220 5808 3
7221 4860 2
7221 3871 1
7221 10422 5
7221 4893 5
7221 2305 5
7221 1101 5
7221 3146 5
7221 4631 3
7221 3267 3
7221 4250 5
7221 1280 4
7221 7098 5
7221 9173 3
7221 6942 4
7221 9168 3
7221 9065 3
7221 6759 4
7221 2662 5
7221 2373 5
7221 11413 4
7221 455 4
7221 4021 5
7221 1085 4
7221 9573 5
7222 5474 5
7222 3790 5
7222 5867 5
7222 3772 5
7222 3781 5
7222 2373 5
7222 3773 5
7222 5741 5
7223 10800 2
7223 9830 5
7223 5229 4
7223 9560 4
7223 4789 4
7223 3055 5
7223 10701 4
7223 2749 5
7223 1506 5
7223 11139 5
7223 9742 1
7224 107 5
7224 20 2
7224 8003 5
7224 4988 5
7224 10906 4
7224 5539 3
7224 4559 5
7224 10329 4
7224 9798 4
7224 5105 3
7224 2749 5
7224 10291 5
7224 5312 4
7224 4395 4
7224 5481 4
7224 5313 4
7224 3798 4
7224 6397 2
7224 7073 4
7224 11655 5
7224 11631 5
7224 3800 4
7224 10315 3
7224 5738 2
7224 11549 3
7224 1388 4
7224 11146 4
7224 10493 3
7224 5537 4
7224 11458 1
7224 5124 5
7224 956 5
7224 3770 4
7224 10949 5
7224 11035 2
7224 8042 3
7224 9202 4
7224 8755 4
7224 10513 3
7224 9205 5
7224 5246 5
7224 10576 5
7224 10638 5
7224 299 4
7224 5645 3
7224 3894 5
7224 10006 4
7224 1067 5
7224 785 4
7224 7721 1
7224 3659 1
7224 7930 4
7224 9993 5
7224 5108 4
7224 10892 5
7224 4627 5
7224 11535 4
7224 3773 4
7224 4597 4
7225 3388 4
7225 4815 5
7225 10367 4
7225 7160 5
7225 3666 5
7225 5366 4
7225 2045 1
7225 2676 5
7225 2263 5
7225 3826 4
7225 5467 5
7225 8954 4
7225 2690 1
7225 9796 4
7225 10995 5
7225 3796 5
7225 3764 5
7225 10524 5
7225 10349 5
7225 3150 4
7225 9153 1
7225 10149 5
7225 6153 1
7225 5377 5
7225 6629 5
7225 5228 5
7225 11363 4
7225 2750 5
7225 10497 4
7225 10414 4
7225 7505 5
7225 10361 5
7225 3748 5
7225 5222 5
7225 7161 4
7225 1021 5
7225 10050 5
7225 1510 5
7225 10270 5
7225 3808 5
7225 1103 1
7225 3806 5
7225 3882 5
7225 9825 4
7225 6650 1
7226 4791 4
7226 4852 2
7226 1029 5
7226 9645 5
7226 6378 5
7226 199 4
7226 5943 4
7226 153 2
7226 4661 3
7226 3024 3
7226 4565 1
7226 5170 1
7226 1067 1
7226 9925 5
7226 3813 5
7226 2662 4
7226 1853 5
7226 2453 4
7226 1054 5
7226 1466 5
7226 11264 5
7226 11264 5
7226 10833 3
7226 9449 5
7226 876 2
7226 3790 3
7226 4220 1
7226 7142 3
7226 5776 2
7226 10319 5
7226 3925 2
7226 9212 3
7226 9660 5
7226 5318 3
7226 9617 2
7226 10268 5
7226 3161 2
7226 1515 2
7227 6821 4
7227 9173 2
7227 3267 3
7227 4026 4
7227 10618 5
7227 2709 3
7227 4022 2
7227 3815 4
7227 3871 4
7227 2648 5
7227 3583 3
7227 3617 5
7227 8221 4
7227 6041 5
7227 9361 5
7227 5579 5
7227 1509 4
7228 3935 2
7228 10461 5
7228 5623 1
7228 8043 2
7228 1520 5
7228 4877 5
7228 3934 5
7228 3156 5
7229 6049 5
7229 2759 5
7229 8239 4
7229 2831 2
7229 4258 4
7229 6309 5
7229 717 4
7229 452 2
7229 10070 4
7229 9496 3
7229 8948 5
7229 5026 4
7229 4414 4
7229 7197 4
7229 4024 5
7230 822 5
7230 11201 5
7230 4780 5
7230 8088 5
7231 3836 4
7231 6075 4
7231 5433 5
7231 5806 2
7231 3589 4
7231 10341 4
7231 4988 5
7231 5220 5
7231 4976 5
7231 3420 5
7231 3417 5
7231 4542 5
7231 7734 1
7231 3768 5
7231 4191 5
7231 1503 1
7231 5226 4
7231 988 5
7231 5633 5
7231 9561 5
7231 10993 5
7232 3123 5
7232 211 5
7232 11677 4
7232 4155 5
7232 11377 5
7232 9491 5
7232 4162 5
7233 737 5
7233 10048 5
7233 5063 5
7233 2701 5
7233 2558 5
7233 4842 5
7233 4358 5
7233 3801 5
7233 10783 1
7233 9478 5
7233 1084 5
7233 966 5
7233 966 5
7233 966 5
7233 9478 5
7233 1035 5
7233 11480 5
7233 3913 5
7233 5300 5
7233 8313 5
7233 4136 4
7233 4820 5
7233 3948 5
7233 6777 5
7233 991 5
7234 947 2
7234 10571 1
7234 9950 4
7235 9094 4
7235 5733 4
7235 943 3
7235 10516 4
7235 4634 4
7235 7559 3
7235 1040 5
7235 3360 5
7235 4561 4
7235 4447 2
7235 1388 4
7235 6086 4
7235 9799 4
7235 4216 2
7235 10000 5
7235 10031 4
7235 9187 4
7235 9442 3
7235 749 5
7235 7759 4
7235 947 4
7235 8982 4
7235 638 5
7235 3717 4
7235 8523 4
7235 11419 4
7235 10922 5
7235 9119 5
7235 9216 5
7235 844 5
7235 11049 5
7235 4788 3
7235 9143 5
7235 3925 3
7235 10261 2
7235 5318 3
7235 6010 4
7235 8230 5
7235 8831 4
7235 4788 5
7235 10838 5
7235 5022 4
7235 1742 5
7235 991 4
7235 3958 4
7235 5374 2
7235 9790 5
7235 8892 5
7235 8621 4
7235 4795 3
7235 10982 4
7235 588 5
7235 999 5
7235 4510 5
7235 4796 5
7235 4802 4
7235 8408 5
7235 9581 5
7235 10683 4
7235 4661 5
7235 6253 2
7235 1029 5
7235 3852 5
7235 9429 5
7235 4561 5
7235 5184 4
7235 5286 5
7235 8007 4
7235 9992 3
7235 10990 5
7235 1054 5
7235 3388 4
7235 6193 4
7235 2928 4
7235 2422 5
7235 9502 3
7235 8759 3
7235 975 1
7235 3275 5
7235 1084 4
7235 11449 4
7235 6648 5
7235 9338 4
7235 10671 4
7235 5168 1
7235 10955 4
7235 8146 4
7235 11403 5
7235 992 5
7235 10977 3
7235 9526 5
7235 10268 1
7235 9119 3
7235 1086 5
7235 3380 4
7235 1067 4
7235 5058 3
7235 1442 2
7235 10444 5
7235 10888 4
7235 5388 5
7235 3762 5
7235 4196 4
7235 9429 5
7235 9140 5
7235 3626 5
7235 5019 4
7235 3874 5
7235 3793 5
7235 4196 5
7235 3704 5
7235 10344 5
7235 5192 4
7235 3884 5
7235 8462 5
7236 10277 4
7236 10751 4
7236 5134 5
7236 3515 4
7236 3687 4
7236 9170 4
7236 10568 4
7236 1406 4
7236 4314 5
7236 857 5
7236 4135 5
7236 5321 4
7236 500 4
7236 934 4
7236 5537 4
7236 8495 3
7236 10268 5
7236 11470 5
7236 11562 4
7236 4645 5
7236 4321 5
7237 7664 4
7237 3852 5
7237 1329 5
7237 5833 4
7237 9212 2
7238 871 5
7238 1045 5
7238 6328 4
7238 11227 4
7239 8451 4
7239 11182 3
7239 348 5
7239 4622 4
7239 5541 4
7240 3871 5
7240 3827 5
7240 3146 4
7240 3794 5
7240 1466 5
7240 2908 5
7240 10809 5
7240 4026 4
7240 742 5
7240 2718 5
7241 1462 4
7241 934 4
7241 9938 2
7241 2550 4
7241 9603 4
7241 3621 4
7241 5229 3
7241 6633 3
7241 1329 5
7241 5835 3
7241 3749 4
7241 6039 1
7241 6632 3
7241 10769 1
7241 10488 3
7241 1959 5
7241 10505 1
7241 10487 1
7241 6595 3
7241 5370 4
7241 5228 2
7241 5228 3
7241 10888 4
7241 4690 5
7241 11687 5
7241 5387 5
7241 3796 5
7241 5890 5
7241 10157 3
7241 1522 4
7241 943 4
7241 5833 5
7242 6214 5
7242 4715 5
7242 2005 5
7242 1629 5
7243 773 4
7243 4154 4
7243 5698 5
7243 4259 5
7243 867 5
7243 5811 4
7243 2570 4
7243 6939 2
7243 4708 5
7243 830 3
7243 2722 4
7243 2730 4
7244 3525 5
7244 5041 2
7244 1387 4
7244 5164 4
7244 7351 4
7244 6515 5
7244 9690 4
7244 5009 5
7245 9907 5
7245 10369 5
7245 1498 4
7245 957 5
7245 9450 3
7245 1067 5
7245 4708 5
7245 8681 5
7245 6126 5
7245 954 1
7245 4791 1
7245 4203 5
7246 211 4
7246 1432 2
7246 4922 5
7246 1726 2
7246 7497 4
7246 4675 4
7247 8637 5
7247 5530 5
7247 2611 4
7247 4488 4
7248 756 4
7248 10169 5
7248 2241 4
7248 3812 5
7248 3834 5
7248 2720 4
7249 7583 5
7249 11382 5
7249 5111 4
7249 11615 1
7249 3903 1
7249 1522 1
7249 3852 1
7249 4693 2
7249 10911 4
7249 3796 5
7249 1466 4
7249 3913 2
7249 5645 5
7249 3913 5
7249 3944 1
7249 9603 5
7249 839 5
7249 3623 5
7249 6511 3
7249 6511 3
7250 10715 5
7250 848 5
7250 6080 4
7250 8998 4
7251 10498 5
7251 11313 4
7251 1501 5
7251 3085 1
7251 5776 5
7251 9656 3
7251 11685 4
7251 10635 3
7251 857 3
7251 3252 4
7251 11043 4
7251 8493 2
7252 10693 5
7252 1067 5
7252 9458 5
7252 9411 5
7252 4395 5
7252 4908 5
7252 1516 5
7252 266 5
7252 3687 5
7252 1084 5
7252 993 5
7252 1450 5
7252 10670 5
7252 2701 5
7252 4690 5
7252 937 5
7252 9092 5
7252 5358 5
7252 5345 5
7252 10573 5
7252 11391 5
7252 3796 5
7252 9992 5
7252 954 4
7253 9560 5
7253 3913 5
7253 10890 4
7253 9853 5
7253 10680 4
7253 4030 4
7254 9666 5
7254 6004 2
7254 954 5
7254 1516 3
7254 8681 5
7254 1048 5
7255 1377 4
7255 717 5
7255 2011 2
7255 5163 5
7255 3952 5
7255 3315 5
7255 1629 5
7256 2093 5
7256 8487 4
7256 7483 4
7256 8494 4
7256 1070 5
7256 11444 3
7256 4437 1
7256 2718 2
7257 5590 5
7257 7486 3
7257 197 4
7257 2749 5
7257 1068 5
7258 10483 5
7258 5733 5
7258 5788 4
7258 5701 2
7258 1928 4
7258 2701 3
7259 4593 5
7259 7140 3
7259 7139 4
7259 3420 5
7259 5388 5
7259 4603 5
7260 4135 4
7260 3444 5
7260 5112 5
7260 5816 4
7260 5850 3
7261 6791 4
7261 7750 5
7261 173 5
7261 10272 5
7261 859 3
7261 911 2
7261 1735 5
7261 5202 5
7261 327 3
7261 815 5
7261 4531 5
7261 5805 5
7261 2744 5
7261 7314 4
7261 5397 3
7261 10712 5
7261 6313 2
7261 5605 4
7261 6718 5
7261 4216 5
7261 4019 5
7261 2624 4
7261 3920 5
7261 992 3
7261 10911 5
7261 10426 5
7261 9135 5
7261 8495 5
7261 3620 5
7261 10805 5
7261 979 5
7261 3250 1
7261 8005 3
7261 988 5
7261 4094 4
7261 8124 5
7261 11337 5
7261 934 5
7261 1498 4
7261 9444 4
7261 1059 5
7261 3757 5
7261 956 5
7261 10341 5
7261 5830 5
7261 1551 5
7261 10262 3
7261 10104 5
7261 4135 5
7261 6215 3
7261 10829 5
7261 9275 4
7261 10712 5
7261 3839 2
7261 5127 5
7261 2749 5
7261 3920 3
7261 5368 5
7261 10052 5
7261 10702 5
7261 11617 5
7261 10431 5
7261 4693 5
7261 994 4
7261 1067 5
7261 1075 2
7261 768 5
7261 130 4
7261 2946 5
7261 7313 2
7261 1517 5
7261 11463 4
7261 10830 5
7261 978 5
7261 3619 2
7261 8362 5
7261 10966 5
7261 3688 5
7261 10690 3
7261 934 5
7261 10118 5
7261 903 5
7261 10051 5
7261 1494 1
7261 5997 1
7261 11470 5
7261 3949 5
7261 991 4
7261 3801 5
7261 4305 5
7261 10877 5
7261 5105 2
7261 10591 4
7261 8510 4
7261 1365 5
7261 3785 4
7261 10684 4
7261 8493 2
7262 1029 5
7262 4339 5
7262 7321 5
7262 4427 5
7262 3017 5
7262 588 5
7262 4863 5
7262 153 5
7262 6972 5
7262 10683 5
7262 4561 5
7262 5318 3
7262 953 5
7262 4137 5
7262 9645 5
7262 6035 5
7262 4427 5
7263 10412 2
7263 3161 5
7263 10271 4
7263 981 4
7263 1457 4
7263 11695 3
7263 11490 5
7263 10995 5
7263 3796 5
7263 1096 4
7263 1067 5
7263 942 4
7263 3467 4
7263 4693 4
7263 4595 3
7263 11316 3
7263 952 4
7263 4527 4
7263 5300 5
7263 5115 5
7263 934 5
7263 5184 4
7263 3768 4
7263 4354 4
7263 5183 4
7263 1280 4
7263 7113 5
7263 3949 4
7263 3606 5
7264 9672 5
7264 10736 5
7264 5470 2
7264 4949 1
7264 10626 5
7264 1329 5
7264 4394 3
7264 3946 5
7264 1021 2
7264 966 5
7264 9945 1
7264 1470 5
7264 981 5
7264 5370 5
7264 3869 5
7264 3801 5
7264 3621 5
7264 6153 5
7264 2749 5
7264 4631 2
7264 5514 2
7264 8239 5
7264 10580 5
7265 9587 5
7265 6392 5
7265 3778 5
7265 10296 5
7265 5551 5
7265 3717 5
7265 749 5
7265 1058 5
7265 4706 5
7265 4524 5
7265 638 5
7265 9467 5
7265 10125 5
7265 5524 5
7265 3796 5
7265 5657 4
7265 3874 5
7265 3793 5
7265 10227 5
7265 5494 4
7265 10691 5
7265 10023 5
7265 5489 5
7265 1049 4
7265 8500 5
7265 9933 5
7265 1449 5
7265 5501 1
7265 816 5
7265 3615 3
7265 9926 5
7265 1853 5
7265 10975 1
7265 5633 5
7265 1100 5
7265 2281 4
7265 1042 4
7265 1512 4
7265 10508 5
7265 3790 4
7265 10794 2
7265 5177 5
7265 8428 5
7265 10863 5
7265 1014 5
7265 622 5
7265 10620 5
7265 363 5
7265 2730 5
7265 1054 5
7265 8340 5
7265 4216 1
7265 3422 5
7265 4272 4
7265 2689 5
7265 8500 5
7265 10397 4
7266 11609 4
7266 9851 4
7266 5468 5
7266 3863 5
7266 5460 5
7266 9854 5
7267 4243 4
7267 4049 5
7267 9948 1
7267 9383 4
7267 5597 1
7268 9680 5
7268 1019 4
7268 955 5
7268 7845 4
7268 1072 4
7268 6777 4
7268 5985 4
7268 1103 4
7268 8231 4
7268 2612 5
7268 995 4
7268 9674 4
7268 1055 4
7268 964 4
7268 9901 4
7268 3069 4
7268 4834 4
7268 4095 4
7268 11363 4
7268 2748 5
7268 10905 4
7268 9321 5
7268 1021 5
7268 971 4
7268 10216 5
7268 7584 4
7268 8924 4
7268 3991 4
7268 743 3
7268 1092 4
7268 8503 5
7268 8502 5
7268 8504 5
7268 147 4
7268 5111 4
7268 10953 4
7268 8997 4
7268 5186 4
7268 10607 4
7268 8510 4
7268 4427 5
7268 9421 4
7269 8997 5
7269 4414 4
7269 3016 4
7269 5768 5
7269 8514 5
7269 3195 2
7269 4408 2
7270 4881 4
7270 9889 4
7270 11173 5
7270 11193 5
7270 9778 2
7270 9954 4
7271 6298 4
7271 1365 5
7271 11374 4
7271 4408 1
7271 9052 5
7271 10288 5
7271 2152 3
7272 5767 5
7272 4876 4
7272 9771 4
7272 5312 4
7272 10951 5
7273 9395 4
7273 5617 3
7273 4675 4
7274 5782 2
7274 1329 5
7274 1517 3
7274 5112 5
7275 3606 5
7275 1924 5
7275 5531 2
7275 11061 5
7275 4787 5
7275 5997 4
7275 11361 5
7275 949 4
7275 1466 5
7275 2558 5
7275 10413 5
7275 9280 3
7275 6777 2
7275 8924 5
7275 1062 4
7275 10784 5
7275 5115 4
7275 3905 5
7275 11619 1
7276 10778 5
7276 1021 5
7276 3315 4
7276 5226 5
7276 3943 5
7277 10912 4
7277 910 5
7277 1049 5
7277 5371 5
7277 10271 4
7277 5473 4
7277 3905 5
7277 1011 4
7277 9941 2
7277 1329 4
7277 10593 4
7277 957 5
7277 8504 5
7278 5190 4
7278 10120 5
7278 8633 3
7278 11217 5
7279 5220 5
7279 3954 4
7279 6911 5
7279 5092 5
7279 3089 4
7279 5263 5
7279 8362 4
7279 1516 5
7279 8519 4
7279 5617 3
7279 812 5
7279 5537 5
7279 991 5
7279 3829 5
7279 10265 3
7279 3141 5
7279 6309 5
7279 4091 4
7279 4974 5
7279 6782 5
7279 9323 4
7279 1013 4
7279 7923 4
7279 10808 5
7279 5300 3
7279 954 5
7279 10006 5
7279 7824 5
7280 1049 5
7280 3360 5
7280 11332 5
7281 327 3
7281 5611 5
7281 5067 1
7281 10649 5
7281 9296 4
7281 10341 4
7281 10672 2
7281 7208 5
7281 5550 4
7282 5229 3
7282 10923 4
7282 3774 4
7282 7188 2
7282 5319 4
7282 1876 4
7282 3943 5
7282 5525 1
7283 11188 3
7283 10476 2
7283 3422 4
7283 10629 4
7283 5370 3
7283 3801 5
7283 3070 4
7283 3952 4
7283 11686 3
7283 11365 3
7283 5228 2
7283 5229 2
7283 1021 2
7284 9235 5
7284 455 2
7284 9498 5
7284 1510 3
7284 9651 4
7284 5467 4
7284 1519 1
7284 3583 4
7285 4699 1
7285 5857 5
7285 3959 5
7286 10408 5
7286 9867 4
7286 11459 4
7287 9736 2
7287 1003 1
7287 11303 4
7287 4135 5
7287 9230 4
7287 9172 5
7288 3919 5
7288 11434 5
7288 5338 5
7288 11641 5
7288 5833 5
7288 8277 5
7288 3656 5
7288 4807 5
7288 1344 5
7288 4616 5
7288 11242 4
7288 5359 5
7288 5112 5
7288 11710 5
7288 8327 5
7288 5466 5
7288 4033 5
7288 3738 5
7289 1048 5
7289 3797 3
7289 748 4
7289 3810 5
7289 11441 4
7289 9140 4
7289 11029 5
7289 4547 2
7289 11187 3
7289 5460 5
7289 10240 5
7290 8970 5
7290 3053 4
7290 9417 4
7290 3762 5
7290 5325 3
7290 3528 4
7290 10497 5
7290 2710 5
7290 2711 5
7290 2616 5
7291 3606 5
7291 10502 5
7291 10433 4
7291 7328 5
7291 10501 4
7291 9465 1
7291 10497 4
7291 5755 4
7291 10437 4
7291 9824 5
7291 3826 2
7291 966 5
7291 9220 2
7291 4784 5
7291 5625 5
7291 4031 4
7291 8415 4
7291 9668 4
7291 10429 5
7291 10941 5
7291 4825 4
7291 10966 5
7292 2697 5
7292 11641 4
7292 9523 5
7292 3913 1
7292 3764 4
7292 1559 5
7292 4673 2
7292 7505 1
7292 3881 2
7292 5464 2
7292 10498 5
7293 2000 5
7293 3923 2
7293 10324 5
7293 6834 5
7293 5994 5
7293 284 4
7293 4408 4
7293 10315 5
7293 4427 5
7293 10362 4
7293 9183 5
7294 4026 5
7294 5101 5
7294 4552 5
7294 3880 4
7294 5548 5
7294 5553 5
7295 4060 4
7295 11162 4
7295 11281 5
7296 5018 5
7296 9391 4
7296 4135 5
7296 3913 5
7296 845 5
7296 845 5
7296 5546 5
7296 1021 5
7296 3784 5
7296 966 5
7296 9476 5
7296 1067 5
7296 5229 3
7296 11047 2
7296 3579 5
7296 7007 5
7296 1067 5
7296 2174 5
7296 11198 4
7296 8681 5
7296 3405 2
7297 5507 4
7297 3861 5
7297 3738 5
7298 11354 4
7298 284 4
7298 1097 4
7298 5000 4
7298 10905 4
7298 10161 4
7298 3583 4
7299 11413 4
7299 4776 4
7299 5529 5
7300 3819 5
7300 4274 4
7300 3819 5
7301 5135 4
7301 875 4
7301 10744 5
7301 3022 4
7301 7219 5
7301 5753 5
7301 6577 2
7301 1442 5
7302 2695 5
7302 10301 5
7302 5490 5
7302 2557 4
7303 1467 4
7303 2634 4
7303 5100 3
7304 5226 2
7304 485 5
7304 3386 4
7304 9330 5
7304 9212 3
7304 5078 5
7304 638 5
7305 10582 5
7305 5468 5
7305 3275 5
7305 4631 3
7305 4632 5
7305 11706 5
7305 839 5
7305 1496 2
7305 2730 5
7305 5500 3
7305 3761 5
7305 4135 5
7305 857 4
7305 10604 1
7305 2722 5
7305 1481 5
7305 9933 5
7305 4597 4
7305 363 5
7305 6035 5
7305 8278 5
7305 9491 5
7305 646 5
7305 860 5
7305 862 5
7305 1876 4
7305 9416 5
7305 5747 4
7306 8421 5
7306 5646 5
7306 5220 4
7306 2700 4
7306 3577 4
7306 3827 4
7306 10555 5
7306 789 5
7306 1501 3
7306 5316 2
7307 3824 1
7307 2934 5
7307 11248 4
7307 2748 5
7307 5310 3
7307 10062 5
7307 4275 4
7307 5226 4
7307 9700 4
7307 3616 1
7307 9493 5
7307 11008 5
7307 3949 5
7307 4135 4
7307 10317 3
7307 11603 5
7307 11713 5
7307 3627 4
7307 10230 3
7307 10488 1
7307 10487 1
7307 1559 5
7307 3718 4
7307 9457 5
7307 3055 4
7307 1022 1
7307 10418 2
7307 6764 1
7307 2612 5
7307 5042 4
7307 6907 5
7307 10668 5
7307 4634 4
7307 10536 5
7307 934 5
7307 1468 4
7307 966 3
7307 1285 4
7307 1513 5
7307 8519 5
7307 5616 4
7307 857 5
7307 3913 4
7307 3950 2
7307 3623 4
7307 3764 4
7307 4917 1
7307 4673 2
7307 1067 1
7307 11688 5
7307 10270 5
7307 1006 5
7307 11496 3
7307 10887 1
7307 9561 5
7307 6962 2
7307 981 5
7307 5365 5
7307 3949 3
7307 11634 4
7307 3428 3
7307 6393 5
7307 10729 2
7307 10425 5
7307 10233 5
7307 10431 5
7307 5497 1
7307 11460 4
7307 11674 1
7307 3947 5
7307 9853 5
7307 10890 4
7307 10802 4
7307 10592 5
7307 11627 1
7307 5380 5
7307 11578 5
7307 5371 5
7307 11429 5
7307 5355 4
7307 10499 5
7307 9397 5
7307 8359 5
7307 3252 5
7307 6019 2
7307 3352 5
7307 3953 5
7307 3620 5
7307 10491 4
7307 11709 3
7307 10129 4
7307 5499 3
7307 3208 5
7307 5068 5
7307 11250 1
7307 1361 3
7307 9379 3
7307 5756 5
7307 11012 4
7307 8573 5
7307 11326 4
7307 10925 5
7307 9902 1
7307 10375 3
7307 7867 5
7307 5705 2
7307 8926 3
7307 2713 3
7307 2652 4
7307 2679 4
7307 11571 4
7307 10057 5
7307 11705 5
7307 5379 5
7307 10376 5
7307 10050 4
7307 10060 3
7307 2615 3
7307 2616 4
7307 2639 5
7307 10249 5
7307 10250 5
7307 6961 5
7307 10679 2
7307 11464 5
7307 11152 2
7307 10479 3
7307 3478 3
7307 10059 5
7307 10053 5
7307 11151 5
7307 10655 5
7307 5183 4
7307 2045 1
7307 942 2
7307 10674 2
7307 1028 5
7307 10875 1
7307 10413 3
7307 3796 5
7307 5182 5
7307 1075 5
7307 1076 3
7307 4437 5
7307 8954 5
7307 8505 4
7307 952 2
7307 5175 4
7307 1097 5
7307 935 5
7307 5127 4
7307 3619 4
7307 3839 4
7307 936 1
7307 5467 1
7307 5319 4
7307 11708 1
7307 4386 1
7307 1485 4
7307 1457 1
7307 11119 2
7307 5168 5
7307 9296 1
7307 11360 4
7307 5853 1
7307 4074 1
7307 10261 1
7307 10095 1
7307 1461 5
7307 5318 5
7307 1107 3
7307 10586 5
7307 10468 1
7307 6584 5
7307 6601 1
7307 6185 1
7307 1439 4
7307 5290 3
7307 9554 5
7307 5232 1
7307 3751 4
7307 5377 5
7307 11679 2
7307 3801 5
7307 1329 3
7307 8493 3
7307 10964 5
7307 4819 3
7307 1007 3
7307 8230 5
7307 1463 1
7307 3052 3
7307 10384 4
7307 9593 1
7307 7758 1
7307 7758 5
7307 6595 4
7307 11713 5
7307 3775 3
7307 5231 5
7307 10225 2
7307 2707 2
7307 2593 5
7307 9859 5
7307 10049 4
7308 2689 3
7308 5228 3
7308 1498 5
7308 5389 3
7309 5356 4
7309 10051 5
7309 8313 4
7309 5933 3
7309 7203 3
7309 3603 1
7309 11419 3
7309 3625 5
7309 5494 5
7309 1053 5
7309 5932 4
7309 4630 1
7309 10620 5
7309 2271 5
7309 4997 4
7309 5522 5
7309 6511 4
7309 2648 2
7309 6159 1
7309 1791 5
7309 4216 3
7309 1462 5
7309 5079 3
7309 514 3
7309 3275 1
7309 2590 5
7309 5003 5
7309 4784 1
7309 11616 4
7309 9741 5
7309 1017 5
7309 3121 3
7309 7969 5
7309 9934 5
7309 6562 5
7309 9614 3
7309 2742 4
7309 10059 3
7309 1515 1
7309 5314 3
7309 4848 5
7309 3811 3
7309 2881 4
7309 1084 4
7309 521 5
7309 1054 5
7309 4022 4
7309 3808 5
7309 5930 5
7309 2262 5
7309 8168 4
7309 5582 4
7309 2618 4
7309 8314 1
7309 10767 1
7309 5584 3
7309 4784 3
7309 1466 5
7309 10691 4
7309 1220 5
7309 2689 5
7309 6562 5
7309 10694 5
7309 10929 5
7309 3422 5
7309 3422 5
7309 9390 5
7309 11569 5
7309 10610 5
7309 10529 5
7309 9847 4
7309 9847 5
7309 8500 5
7309 4627 5
7309 3792 5
7309 341 5
7309 11633 1
7309 10810 4
7309 10270 5
7309 2741 5
7309 11599 5
7309 3801 5
7309 3801 5
7309 5379 5
7309 10376 5
7309 4991 4
7309 11705 5
7309 11570 5
7309 8402 5
7309 4632 1
7309 638 5
7309 7969 5
7309 3792 5
7309 11547 2
7309 3801 5
7309 10856 4
7310 9493 3
7310 10055 4
7310 1509 4
7310 3786 5
7310 9623 5
7310 8052 5
7311 6612 3
7311 10518 2
7311 5495 5
7311 5497 5
7312 9859 5
7312 1448 5
7312 9860 5
7312 11433 4
7312 11568 4
7312 4627 5
7312 906 3
7312 622 2
7312 3810 5
7313 991 4
7313 1048 5
7313 6551 4
7313 10131 5
7313 3606 5
7313 1480 3
7313 8432 5
7313 3464 5
7313 9137 5
7313 3954 4
7313 7052 4
7313 1506 5
7313 11562 5
7313 6834 5
7313 9382 4
7313 10607 4
7314 10395 5
7314 4935 4
7314 8751 4
7315 1329 5
7315 9309 5
7315 2690 3
7315 10002 4
7316 2719 5
7316 10559 5
7316 1625 2
7316 2704 5
7316 4189 5
7316 5370 5
7316 3828 3
7316 9193 4
7316 11024 5
7316 3596 5
7316 5228 3
7316 3577 5
7316 11504 5
7316 10002 1
7317 5518 5
7317 2095 4
7317 5087 4
7317 5228 5
7317 4642 5
7317 6309 5
7317 11456 5
7317 9859 5
7317 11406 5
7317 1021 5
7318 2230 5
7318 3951 4
7318 6403 4
7318 5000 3
7319 2453 5
7319 4550 4
7319 2589 4
7319 3874 5
7319 484 4
7319 3267 5
7320 1457 4
7320 2701 2
7320 1021 4
7320 3954 5
7320 4639 4
7320 9671 4
7320 9111 4
7320 5226 2
7320 10670 5
7320 3950 2
7321 4935 4
7321 9326 5
7321 1607 1
7321 6141 4
7321 9140 5
7322 9700 3
7322 6141 5
7322 10003 5
7322 1433 4
7322 10836 4
7322 3606 5
7322 9623 3
7322 10367 4
7322 3913 5
7322 3252 4
7322 11383 5
7322 9656 3
7323 2689 4
7323 3852 5
7323 10589 5
7323 758 3
7324 3881 3
7324 9491 5
7324 3950 4
7324 5226 2
7325 3943 2
7325 10248 5
7325 9491 3
7325 1349 5
7325 3738 5
7325 5383 5
7326 3943 5
7326 1349 5
7326 3952 5
7326 1526 5
7326 1506 5
7326 3606 5
7326 991 5
7327 5597 5
7327 3949 5
7327 5246 5
7327 10160 4
7328 10847 3
7328 1733 3
7328 5793 5
7329 3771 5
7329 2194 1
7329 1429 2
7329 10991 5
7329 10024 2
7329 992 3
7330 3954 4
7330 5395 3
7330 9517 1
7330 9237 4
7330 1466 4
7330 9499 5
7330 4634 2
7330 2806 5
7330 9027 3
7330 5312 4
7330 3985 5
7330 1052 4
7330 5325 4
7331 3796 5
7331 875 5
7331 2685 5
7331 5557 5
7331 10227 5
7331 3793 5
7331 5117 4
7331 3407 5
7331 3827 5
7331 10435 5
7332 9523 5
7332 1042 5
7332 2726 5
7332 11711 5
7332 5178 5
7332 1959 4
7332 1450 5
7332 5048 4
7332 9762 5
7332 9741 4
7332 3617 5
7332 936 3
7332 3808 4
7332 3757 5
7332 7979 4
7332 3878 3
7332 1064 3
7332 11711 5
7332 10487 4
7332 1054 5
7332 9867 5
7332 3715 4
7332 5833 4
7332 6632 2
7332 2648 4
7332 6955 5
7332 11686 5
7332 2615 5
7332 4216 5
7332 11121 5
7332 4673 4
7332 8043 4
7332 2262 4
7332 9321 5
7332 11711 5
7332 9887 5
7332 5222 5
7332 1021 5
7332 4275 3
7332 1607 5
7332 6632 3
7333 9143 4
7333 8952 2
7333 9275 2
7333 1403 1
7333 11371 4
7333 11000 4
7333 8462 4
7333 4585 5
7333 867 4
7333 5046 2
7334 11347 5
7334 10665 4
7334 10321 5
7334 327 5
7334 10240 5
7334 3884 5
7335 10917 4
7335 11710 5
7335 5891 5
7336 3038 4
7336 3913 4
7336 996 5
7336 11170 3
7336 955 5
7336 11369 4
7336 3946 4
7337 5323 2
7337 10617 4
7337 8761 5
7337 4634 3
7337 10765 5
7337 4436 5
7337 10454 5
7338 11383 5
7338 10585 5
7338 934 5
7338 5155 1
7338 3801 4
7338 9733 5
7338 3950 4
7338 3943 5
7338 11645 5
7338 9697 1
7338 11667 5
7338 11369 5
7338 3946 5
7338 6146 5
7338 3621 4
7338 1329 5
7338 1514 5
7339 10247 2
7339 8654 5
7339 3329 5
7339 3881 1
7339 10366 4
7339 8362 2
7339 10993 5
7339 9210 1
7339 9493 5
7339 11695 5
7339 4784 2
7339 4784 2
7340 3914 5
7340 10892 4
7340 1629 4
7340 11119 1
7340 9980 2
7340 9465 5
7340 7208 2
7340 3913 5
7341 3322 5
7341 8955 5
7341 7853 5
7341 3247 5
7341 10196 5
7341 11319 4
7341 4625 5
7342 3910 5
7342 9734 5
7342 3911 3
7342 966 5
7342 2610 3
7342 10810 4
7342 10270 3
7342 2741 5
7342 11617 4
7343 2742 5
7343 2741 5
7343 1506 4
7343 10051 5
7343 8234 5
7343 9137 4
7343 1466 5
7344 5370 1
7344 1329 5
7344 11229 1
7344 5228 1
7345 6039 4
7345 3797 5
7345 9168 5
7345 1466 5
7345 389 5
7345 7966 5
7345 11186 5
7345 1522 5
7345 8091 5
7345 11383 5
7345 3252 5
7345 5501 2
7345 9858 5
7345 1021 5
7345 3863 5
7345 11609 4
7345 10583 5
7345 4358 4
7346 2095 5
7346 6633 3
7346 7331 4
7347 10583 4
7347 10435 4
7347 966 5
7347 9676 5
7347 10590 5
7347 9219 4
7347 1365 5
7347 5228 4
7347 5833 4
7348 8228 2
7348 3911 3
7348 5400 2
7348 7520 4
7348 6436 4
7348 8602 5
7349 10831 4
7349 934 5
7349 9676 4
7350 9948 5
7350 5294 3
7350 5397 5
7351 5228 2
7351 5232 2
7351 10970 5
7352 3930 5
7352 3881 2
7352 4917 1
7352 11205 5
7352 10248 2
7353 5300 5
7353 5557 5
7353 3606 5
7353 3252 2
7353 3913 5
7353 8429 5
7353 9877 5
7353 10943 5
7353 10232 5
7353 885 5
7353 3108 5
7354 4641 4
7354 7468 5
7354 11162 5
7354 9831 1
7354 4439 5
7354 8748 5
7354 10676 2
7354 5844 5
7354 11407 4
7354 11038 4
7354 3977 5
7354 6332 2
7354 3686 2
7354 4277 5
7354 8493 4
7354 8738 4
7354 3623 5
7354 10321 4
7354 3948 3
7354 3913 4
7354 11470 3
7354 10855 5
7354 5365 1
7354 11427 4
7354 3801 5
7354 10860 3
7354 10498 5
7354 5850 4
7354 4882 3
7354 11257 4
7354 3893 5
7354 10770 4
7354 9276 4
7354 11390 5
7354 8327 4
7354 3769 1
7354 5851 2
7354 6970 4
7354 2152 4
7354 9834 3
7354 3606 4
7354 5377 5
7354 9491 5
7354 3478 5
7354 1870 5
7354 10252 5
7354 8033 4
7354 9741 4
7354 6966 5
7354 10616 3
7354 9625 5
7354 3156 5
7354 3905 4
7354 1067 4
7354 5844 5
7354 3881 4
7354 11360 4
7354 7505 1
7354 5318 1
7354 11468 4
7354 5216 5
7354 5167 3
7354 11307 2
7354 11688 5
7354 1515 2
7354 4054 2
7354 5849 4
7354 1028 5
7354 8500 5
7354 10793 1
7354 845 4
7354 5302 2
7354 3619 4
7354 3764 5
7354 5464 3
7354 10523 5
7355 4633 4
7355 1349 5
7355 1365 5
7355 11399 2
7355 11365 4
7355 8353 5
7355 3718 5
7356 5635 2
7356 4761 4
7356 10654 5
7356 10738 5
7356 10755 4
7356 4834 5
7356 11399 1
7356 3352 3
7356 10248 5
7356 1365 5
7356 5850 4
7356 1506 5
7357 4601 3
7357 4593 5
7357 7140 3
7357 7139 5
7358 704 1
7358 728 5
7358 10052 5
7359 10544 5
7359 2713 5
7359 9045 4
7359 2613 5
7359 10149 5
7360 3606 4
7360 10248 5
7360 3478 5
7360 4135 5
7361 10299 3
7361 4965 5
7361 10691 5
7361 6019 4
7361 10880 5
7361 9140 5
7361 11689 4
7361 1445 5
7361 9139 5
7361 7712 5
7361 1349 4
7361 3422 5
7361 3863 5
7361 2174 5
7362 5529 4
7362 7978 4
7362 10321 4
7362 5112 2
7362 3252 4
7362 9397 2
7362 5355 2
7362 1083 3
7362 3796 4
7362 5368 3
7362 7712 4
7362 10669 3
7362 1329 5
7362 8829 4
7362 1099 3
7362 1094 4
7362 5371 4
7362 11029 4
7362 9140 5
7362 6551 3
7362 10936 3
7362 6961 3
7362 1450 4
7362 5585 5
7362 4634 3
7362 11395 3
7362 5175 4
7362 3823 4
7362 906 5
7362 3680 4
7362 10590 5
7362 1444 4
7362 954 5
7362 8954 4
7362 1837 3
7362 8033 4
7362 3398 3
7362 4842 3
7362 3142 3
7362 3785 2
7362 3617 5
7362 9535 4
7362 1505 2
7362 1002 5
7362 3947 4
7362 2320 4
7362 3913 3
7362 11670 5
7362 9390 3
7362 4273 4
7362 2726 4
7362 10361 4
7362 2516 3
7362 8493 4
7362 4807 4
7362 857 5
7362 3790 4
7362 8090 4
7362 3623 4
7362 3949 3
7362 3905 5
7362 327 5
7362 3953 3
7362 1474 3
7362 5494 5
7362 4135 5
7362 11369 5
7362 2262 4
7362 1021 5
7362 5597 3
7362 3422 4
7362 11685 5
7363 2713 4
7363 2613 1
7363 10666 5
7363 1035 5
7363 4216 4
7363 2616 4
7363 1405 5
7363 2413 4
7363 9276 3
7363 8502 4
7363 8503 4
7363 2652 5
7363 2749 4
7363 9045 5
7364 3757 5
7364 1026 4
7364 1001 5
7365 3953 5
7365 11460 5
7365 1049 5
7366 4851 5
7366 1876 5
7366 9649 5
7366 1062 5
7366 3852 5
7366 1056 5
7367 9343 2
7367 10947 4
7367 10934 4
7367 8634 3
7367 10439 4
7367 10393 3
7367 979 5
7367 900 5
7367 1466 5
7367 5228 3
7367 5228 4
7367 3884 4
7367 10505 1
7367 947 4
7367 1513 3
7367 4056 4
7367 4275 4
7367 1062 4
7367 1042 4
7367 9443 4
7367 1329 4
7367 4788 1
7367 4135 4
7367 934 4
7367 11057 4
7367 8963 3
7367 327 2
7367 5078 4
7367 11453 5
7367 5611 4
7367 9399 1
7367 8752 4
7367 5314 3
7368 5072 5
7368 1466 4
7368 10407 1
7368 257 1
7368 4829 3
7368 9375 3
7368 8759 4
7368 5412 5
7368 8511 5
7368 3620 4
7369 3949 5
7369 11006 4
7369 5167 1
7369 7310 5
7369 2618 5
7369 6916 5
7369 5496 2
7369 3952 5
7369 11459 4
7369 5371 5
7369 5495 5
7369 11188 5
7369 5365 3
7369 10755 3
7369 10582 4
7369 3606 5
7369 10594 4
7369 11029 5
7369 11039 4
7369 3715 5
7369 5010 3
7369 2613 5
7369 11470 3
7369 10936 4
7369 10888 4
7369 3947 5
7369 9741 4
7369 3764 5
7369 2721 5
7369 1496 4
7369 3478 5
7369 5058 5
7369 11688 2
7369 3906 4
7370 3252 5
7370 4784 2
7370 10813 2
7371 9491 5
7371 3478 5
7371 11177 3
7372 783 5
7372 8362 5
7372 2730 5
7372 3275 5
7372 5326 5
7372 5112 5
7372 4414 3
7372 6036 2
7372 857 5
7373 3869 5
7373 2689 5
7373 3954 4
7373 994 2
7374 11641 5
7374 3738 5
7374 1344 5
7375 7589 5
7375 9773 5
7375 4131 5
7375 7596 2
7375 8892 5
7375 3901 5
7375 4395 5
7375 5441 4
7375 302 5
7375 153 2
7375 5000 1
7375 4661 5
7375 4864 5
7376 3927 2
7376 4135 4
7376 9439 4
7376 8362 5
7376 3929 4
7376 10945 4
7376 4634 4
7376 10247 3
7376 3208 1
7376 10129 4
7376 5585 4
7376 10732 3
7376 10472 3
7376 5383 5
7376 5461 3
7376 3940 5
7376 10858 5
7377 2018 4
7377 993 5
7377 1509 5
7377 3718 4
7377 8504 4
7377 11054 5
7377 11342 1
7377 11398 2
7377 4645 5
7377 3606 5
7377 10487 4
7378 4629 4
7378 4054 3
7378 3764 5
7378 5847 5
7378 948 3
7379 10091 5
7379 9563 4
7379 5844 5
7380 934 5
7380 7402 5
7380 9458 5
7380 6019 5
7381 1876 4
7381 3908 3
7381 3064 4
7382 1077 5
7382 6019 4
7382 9099 5
7382 10966 5
7383 1035 2
7383 2570 4
7383 4842 4
7383 5168 2
7383 10212 3
7383 10730 4
7383 4846 4
7383 3754 4
7383 10911 4
7383 10497 4
7383 5362 4
7383 5269 4
7383 2854 4
7383 10989 4
7383 6086 4
7383 4786 3
7383 8362 4
7383 1365 4
7383 7548 4
7383 5232 3
7383 9451 4
7383 1334 4
7383 6577 4
7383 1369 4
7383 10562 4
7383 1078 3
7383 4244 3
7383 5290 3
7383 272 4
7383 3830 4
7383 667 4
7383 3604 3
7383 10510 4
7383 3870 3
7383 554 5
7383 7348 4
7383 4917 3
7383 10499 4
7383 3315 4
7383 7734 4
7383 5611 4
7383 10866 4
7383 11687 4
7383 4595 4
7383 10734 4
7383 1447 5
7383 11376 5
7383 988 3
7383 5175 3
7383 3869 2
7383 1457 2
7383 2045 3
7383 1028 5
7383 9952 4
7383 10466 3
7383 3852 4
7383 8915 4
7383 9651 4
7383 3680 3
7383 4386 3
7383 5222 4
7383 3796 5
7383 9218 3
7383 954 4
7383 10227 3
7383 9129 3
7383 9397 3
7383 10789 3
7383 5393 3
7383 11614 4
7383 10505 3
7383 5228 4
7383 6958 5
7383 10487 3
7383 1094 3
7383 9236 3
7383 1524 3
7383 10468 3
7383 5229 3
7383 11219 3
7383 6650 3
7383 11295 4
7383 1344 4
7383 5776 3
7383 6587 5
7383 5228 3
7383 1329 4
7383 11229 5
7383 1514 5
7383 5228 4
7383 5833 4
7383 6633 4
7383 3749 4
7383 5370 4
7383 6153 3
7383 11707 4
7383 5751 4
7383 8221 4
7383 1959 4
7383 4784 4
7383 1951 4
7383 3913 4
7383 5833 4
7383 6629 4
7384 9615 1
7384 4800 3
7384 4798 4
7384 47 3
7384 7580 3
7384 8543 2
7384 5565 2
7384 6747 3
7384 8074 4
7384 7584 4
7384 9660 3
7384 3912 5
7384 9481 2
7384 5365 3
7384 10305 5
7384 817 1
7384 10737 5
7384 4275 3
7384 5463 5
7384 11284 4
7384 4634 5
7384 1349 2
7384 10935 5
7384 5920 5
7384 5633 5
7384 10012 5
7384 6569 5
7384 11477 4
7384 7834 5
7384 5133 2
7384 10712 5
7384 5285 3
7384 4054 4
7384 7249 5
7384 5478 5
7384 3518 5
7384 5445 5
7384 7226 5
7384 908 4
7385 5058 1
7385 10407 1
7385 8362 4
7385 10863 5
7386 2670 5
7386 3797 5
7386 7711 5
7386 1526 5
7386 1017 5
7386 3808 5
7386 3617 5
7386 1058 5
7387 8786 5
7387 3782 5
7387 10101 2
7388 10460 4
7388 2689 2
7388 10460 4
7388 10460 5
7388 1329 5
7388 6186 5
7388 10460 4
7388 10460 4
7388 5798 5
7388 11707 4
7388 9236 4
7388 10460 5
7388 5228 3
7388 1329 5
7388 3942 5
7388 5228 3
7388 10460 5
7388 10460 5
7389 8230 5
7389 9492 5
7389 10710 5
7389 4832 5
7389 1006 5
7389 5586 5
7389 11169 5
7389 9665 5
7389 9676 5
7389 2073 5
7389 1084 5
7389 1853 5
7389 941 5
7389 8040 5
7389 9589 5
7389 8511 5
7389 3884 5
7389 4829 5
7389 8362 5
7389 8500 5
7389 3801 5
7389 954 5
7389 1076 5
7389 3913 5
7389 5314 5
7389 5594 5
7389 10607 5
7389 9694 5
7390 1455 5
7390 2558 5
7390 1506 5
7390 10747 4
7390 3790 5
7390 5654 5
7390 885 5
7390 3108 1
7391 10594 5
7391 10612 4
7391 3252 1
7391 2558 5
7391 1466 5
7391 8234 5
7392 4542 5
7392 4320 5
7392 6065 4
7393 9332 5
7393 11142 5
7393 3861 4
7393 9332 3
7393 9232 5
7393 10936 4
7393 2921 4
7393 5533 5
7393 11365 4
7394 1629 5
7394 4628 5
7394 926 4
7394 327 5
7394 4009 4
7394 979 5
7394 3526 5
7394 7903 5
7394 5737 5
7394 4135 4
7394 11647 4
7395 4296 5
7395 65 5
7395 5943 4
7395 10069 1
7395 11522 3
7395 4796 1
7395 7596 5
7395 10603 4
7395 4440 3
7395 6253 4
7395 10826 5
7395 4881 5
7395 1049 4
7395 302 2
7395 8099 5
7395 9277 5
7395 295 5
7395 262 5
7395 261 4
7396 3714 1
7396 9119 3
7396 9411 3
7396 2943 5
7396 5355 3
7396 5438 5
7397 10829 5
7397 8585 2
7397 10926 5
7397 3810 5
7397 10185 3
7397 5226 3
7398 10227 4
7398 8277 4
7398 9788 3
7398 3615 2
7399 943 5
7399 4829 2
7399 3908 4
7399 5997 3
7399 5539 4
7399 4963 5
7400 5092 3
7400 4673 2
7400 3469 4
7400 5244 2
7400 4632 4
7400 6947 4
7400 10102 5
7400 5808 5
7400 5017 5
7401 10905 5
7401 8239 4
7401 1021 5
7401 981 4
7401 3138 5
7401 1521 5
7401 2994 1
7401 934 4
7401 4917 2
7401 1097 5
7401 937 1
7401 952 1
7401 10616 1
7401 8505 4
7401 3796 5
7401 2689 1
7401 11482 2
7401 2648 4
7401 1007 3
7401 9828 5
7401 4787 4
7401 10490 4
7401 10466 5
7401 9832 5
7401 9820 5
7401 5282 3
7401 11398 2
7401 10301 4
7401 2987 1
7401 1002 4
7401 4277 2
7401 9952 5
7401 2557 3
7401 2252 5
7401 4642 5
7401 5169 4
7401 2570 5
7401 9694 5
7401 1072 2
7401 11619 3
7401 5289 5
7401 4595 3
7401 10412 3
7401 3606 5
7401 5183 3
7401 11010 5
7401 11615 5
7401 1491 3
7401 5298 3
7401 5298 4
7401 9265 4
7401 1056 2
7401 5287 5
7401 3135 5
7401 3137 3
7401 6777 4
7401 8218 4
7401 1067 5
7402 3100 5
7402 1438 5
7402 3927 3
7402 10662 5
7402 3617 5
7402 1434 2
7402 9950 4
7402 11215 4
7403 766 4
7403 2755 3
7403 11579 5
7404 3643 5
7404 3169 4
7404 3681 4
7405 5689 4
7405 5969 1
7405 4027 2
7406 7832 5
7406 10107 3
7406 3375 5
7407 4178 5
7407 676 4
7407 6618 4
7407 1714 5
7407 5706 5
7407 5090 5
7407 515 5
7408 4293 4
7408 6947 4
7408 8300 5
7408 6822 4
7408 9928 3
7408 7537 5
7408 7569 4
7409 6633 5
7409 3174 5
7409 4551 5
7409 3046 4
7409 9817 5
7409 3143 5
7409 3898 5
7410 8776 5
7410 5735 5
7410 11175 5
7410 5689 1
7411 4045 4
7411 3414 4
7411 11656 2
7411 9183 4
7411 4360 5
7411 5696 5
7411 6467 4
7411 2033 4
7411 8702 5
7411 3513 3
7412 6707 3
7412 8552 5
7412 333 5
7412 4576 5
7412 6209 4
7412 3178 5
7413 7234 4
7413 5465 5
7413 5458 5
7414 861 3
7414 4316 5
7414 327 3
7415 1707 3
7415 5139 4
7415 9054 3
7415 8225 4
7416 3497 5
7416 10440 4
7416 891 1
7416 867 5
7416 3478 4
7417 4364 4
7417 1365 5
7417 8503 5
7417 1312 2
7417 3502 5
7417 9350 4
7417 8788 5
7417 3509 5
7417 649 4
7417 3480 5
7417 8606 5
7417 7398 5
7417 3817 3
7417 334 5
7417 10629 5
7417 4792 4
7417 4491 5
7418 618 4
7418 3992 5
7418 10549 5
7419 1403 2
7419 11075 5
7419 7889 5
7419 1755 5
7420 11353 5
7420 9239 4
7420 5758 2
7420 6906 4
7420 5706 4
7420 9254 4
7420 8608 4
7420 6570 4
7420 1755 5
7421 1381 5
7421 4792 5
7421 3352 5
7421 5087 3
7422 8824 5
7422 3966 4
7422 10391 5
7422 1779 5
7423 3954 4
7423 4788 5
7423 8830 4
7423 8384 2
7423 5003 5
7423 1093 2
7423 11369 4
7423 3138 5
7423 10591 4
7423 1081 3
7423 5300 4
7423 941 5
7423 8005 1
7423 3808 4
7423 1017 5
7423 1060 5
7423 10995 4
7423 957 5
7423 5368 2
7423 1067 4
7423 8007 4
7423 1084 4
7423 1054 5
7423 10701 2
7423 1503 4
7423 11490 4
7423 906 4
7423 3796 5
7423 1450 5
7423 1506 4
7423 4275 5
7423 9665 4
7423 8500 4
7423 3606 5
7423 3801 5
7423 6562 5
7423 1457 4
7423 4645 5
7423 9546 3
7423 1021 5
7423 8362 5
7423 10506 4
7423 3881 4
7423 3784 5
7423 845 3
7423 3623 5
7424 10812 4
7424 885 5
7424 10524 3
7424 8493 5
7424 3913 5
7424 11494 5
7425 1349 4
7425 4674 5
7425 3927 4
7425 8362 5
7425 11292 5
7425 8362 5
7425 4358 5
7425 947 5
7425 8878 5
7425 6654 5
7426 1466 5
7426 8964 5
7426 10177 2
7426 944 4
7426 11280 5
7426 3954 5
7426 5611 4
7427 5080 4
7427 1433 4
7427 9147 2
7427 9606 2
7427 6224 4
7427 4135 4
7427 3913 3
7427 5228 3
7427 2656 3
7427 11229 5
7427 3768 5
7427 10820 5
7427 5597 4
7428 4785 5
7428 2570 5
7428 862 5
7429 5997 4
7429 3687 5
7429 2019 5
7429 3830 4
7429 10654 4
7429 10989 4
7429 6796 1
7429 7579 4
7429 6633 3
7429 2257 5
7429 8973 4
7430 7331 5
7430 3954 3
7430 3812 5
7430 3617 5
7430 10060 5
7430 10050 5
7430 3447 5
7430 11029 5
7430 10789 3
7430 1329 3
7430 6039 5
7430 10594 5
7430 3905 5
7430 2329 3
7430 5393 5
7431 7399 5
7431 11274 4
7431 4617 5
7432 10387 5
7432 1957 5
7432 3447 4
7433 10011 5
7433 10860 4
7433 7198 5
7434 5005 5
7434 11201 5
7434 1450 4
7434 10217 5
7434 8242 1
7434 411 5
7434 1876 4
7434 11490 5
7434 1522 2
7434 10228 5
7434 3583 4
7434 1509 1
7434 904 3
7434 1006 5
7434 10834 5
7434 5742 5
7434 10742 4
7434 4949 4
7435 196 5
7435 4321 2
7435 11300 5
7436 542 4
7436 3812 5
7436 11656 5
7437 5417 4
7437 11453 3
7437 8574 5
7437 11486 2
7438 10999 4
7438 2550 5
7438 2720 5
7438 9489 5
7438 5355 5
7438 9838 5
7438 11339 5
7438 5458 5
7438 9748 5
7438 11402 5
7438 5356 5
7439 1312 3
7439 4778 5
7439 4818 4
7439 5052 4
7440 312 5
7440 728 5
7440 9485 5
7440 934 4
7441 4320 4
7441 1098 4
7441 484 4
7441 8570 3
7441 5788 4
7441 5196 3
7441 867 5
7441 5811 5
7441 1632 5
7441 10272 3
7441 4414 2
7441 933 3
7441 5641 4
7441 5279 5
7441 5239 5
7441 908 2
7441 3091 5
7441 862 5
7441 3842 4
7441 830 5
7441 11542 4
7441 8644 5
7441 840 5
7441 8652 1
7441 6673 5
7441 1048 5
7441 1512 5
7441 954 4
7441 990 5
7441 5828 3
7441 5574 5
7441 5768 5
7441 3867 3
7441 638 5
7441 4379 4
7441 10603 4
7441 11332 5
7441 5768 3
7441 10288 5
7441 4408 4
7441 1481 5
7441 1017 5
7441 3797 4
7441 3923 2
7441 3108 2
7441 7930 5
7441 5423 5
7441 7759 4
7442 10583 5
7442 5606 5
7442 3606 5
7442 5557 5
7443 3209 5
7443 3252 5
7443 857 5
7443 1526 5
7443 6141 5
7443 5520 5
7444 2551 4
7444 7159 4
7444 2205 5
7444 5733 4
7444 1241 5
7445 515 5
7445 11561 4
7445 3806 4
7445 3482 5
7445 4022 4
7445 3808 5
7445 3734 4
7445 3402 1
7446 7101 5
7446 5657 4
7446 8273 5
7446 10380 1
7446 11402 4
7446 5355 5
7446 1378 5
7446 9834 4
7446 3478 5
7446 9990 2
7447 5833 5
7447 1067 1
7447 4784 5
7448 5579 2
7448 9328 3
7448 5137 5
7448 783 5
7448 4807 5
7448 3748 4
7448 3257 5
7448 898 3
7448 3459 5
7448 8870 5
7448 914 5
7448 11549 2
7448 5013 3
7448 9664 1
7448 11291 4
7448 5830 5
7448 3583 4
7448 5994 4
7448 9944 5
7448 7426 5
7448 5556 5
7448 5501 3
7448 10379 1
7448 11278 5
7448 6621 2
7448 1037 5
7448 1016 5
7448 11210 5
7448 3924 5
7448 10195 4
7448 7464 5
7448 6923 5
7448 2252 5
7448 8898 5
7448 8808 5
7448 5877 5
7448 4675 1
7448 9698 2
7448 6094 4
7448 3550 5
7449 8115 5
7449 7475 4
7449 1405 5
7449 3851 5
7449 4628 5
7449 10739 4
7449 5461 3
7449 5464 2
7449 9393 2
7449 3161 2
7450 4853 5
7450 2558 5
7450 8234 5
7450 11456 5
7450 10707 5
7450 4949 5
7450 8233 5
7451 9837 4
7451 11194 5
7451 6141 5
7451 7739 3
7451 3252 5
7451 9734 5
7451 10322 4
7451 1506 5
7451 3953 5
7451 990 2
7451 10753 5
7451 5606 5
7451 11465 3
7451 4638 5
7451 9745 5
7451 3947 4
7451 9855 5
7451 10701 2
7451 3913 5
7451 1506 5
7451 2710 5
7451 10270 5
7451 5493 2
7451 5355 5
7452 5428 4
7452 8423 2
7452 9145 5
7453 5236 5
7453 6988 4
7453 7838 4
7453 1446 4
7454 9236 3
7454 5467 2
7454 1075 3
7454 5279 3
7454 6958 5
7454 8649 2
7454 8955 5
7454 3194 5
7454 11666 4
7454 2941 5
7454 981 3
7454 5042 3
7454 10844 5
7454 4705 3
7454 2363 3
7454 3913 2
7454 1329 4
7454 5579 3
7454 3728 3
7455 11690 4
7455 3774 3
7455 6586 5
7455 5279 2
7455 3819 2
7455 3782 5
7456 9849 4
7456 4761 2
7456 9459 5
7456 934 5
7456 10867 5
7456 11062 5
7456 11031 5
7456 1506 5
7457 5467 5
7457 966 3
7457 966 5
7457 10653 4
7458 9704 4
7458 9017 2
7458 3594 4
7458 9671 4
7458 1257 5
7458 3762 5
7458 3801 5
7458 2090 4
7458 1067 5
7458 1103 1
7458 3626 4
7458 1092 1
7458 11029 5
7458 7261 5
7459 6643 4
7459 5514 5
7459 10149 5
7459 2753 5
7459 2749 5
7460 10156 5
7460 8234 3
7460 3801 5
7461 3478 3
7461 3160 3
7461 11318 1
7462 7313 5
7462 789 5
7462 10795 5
7463 5458 4
7463 3801 5
7463 1526 4
7463 8327 5
7463 9748 5
7463 1017 5
7463 936 1
7463 3762 5
7463 10890 4
7463 4532 5
7463 1407 2
7463 9855 5
7463 9848 4
7463 2999 3
7463 6863 4
7463 8350 5
7463 10835 5
7463 5326 4
7463 9140 5
7463 3953 4
7464 10891 3
7464 9411 3
7464 977 4
7464 5184 3
7464 1450 5
7464 266 4
7464 3686 4
7464 5842 4
7464 934 5
7464 3887 4
7464 3884 4
7464 927 4
7464 4561 5
7464 8005 2
7464 7770 5
7464 4386 4
7464 9601 4
7464 10889 4
7464 5105 4
7464 6403 5
7464 8511 4
7464 9995 4
7464 10522 4
7464 1426 4
7464 5172 3
7464 5178 4
7464 906 4
7464 11360 4
7464 5537 4
7464 5401 5
7464 1097 4
7464 5175 4
7464 2045 4
7464 2570 3
7464 10497 4
7464 10269 1
7464 2453 5
7464 9856 4
7464 1081 4
7464 4565 2
7464 1075 4
7464 1048 4
7464 1077 4
7464 8211 5
7464 952 4
7464 11501 4
7464 11044 3
7464 5402 5
7464 4054 4
7464 11713 4
7464 10413 5
7464 954 4
7464 9694 4
7464 9901 4
7464 11596 5
7464 10672 5
7464 936 2
7464 10397 4
7464 937 4
7464 10888 5
7464 10466 5
7464 5058 4
7464 5312 4
7465 4019 5
7465 934 5
7465 7006 5
7465 3949 5
7465 3913 5
7465 1062 5
7465 10590 5
7465 1048 4
7465 5355 5
7465 4135 2
7465 3953 5
7466 67 4
7466 4167 4
7466 10683 5
7466 8207 5
7466 4795 5
7466 8408 4
7466 797 3
7466 6253 4
7466 9035 5
7466 6496 5
7466 4085 5
7466 9046 5
7466 9790 5
7466 1029 5
7466 9922 4
7466 9603 3
7467 5263 5
7467 6378 5
7467 9431 5
7467 2496 4
7467 11613 5
7467 11470 5
7467 797 5
7467 6061 5
7467 9318 5
7467 1028 5
7467 4803 4
7467 10281 2
7467 3686 5
7467 9509 5
7467 5479 5
7467 3912 4
7467 3250 1
7467 10813 5
7467 7470 4
7467 4369 2
7467 10186 5
7467 10105 4
7467 4516 5
7467 178 4
7467 6357 5
7467 1662 5
7467 229 2
7467 10393 5
7467 858 5
7467 4756 5
7467 11344 5
7467 11438 4
7467 8896 5
7467 4958 5
7467 3754 5
7467 4864 5
7467 977 3
7467 9465 5
7467 3829 3
7467 8531 4
7467 4561 3
7467 10868 5
7467 5305 2
7467 3659 4
7467 3707 5
7467 8198 5
7467 4661 5
7467 1075 2
7467 8146 2
7467 9448 5
7467 2045 3
7467 5226 3
7467 4396 1
7467 11028 5
7467 957 4
7467 7504 4
7467 10276 5
7467 1093 3
7467 7373 5
7467 4437 4
7467 10118 5
7467 3796 5
7467 10415 4
7467 8634 2
7467 10588 5
7467 2496 5
7467 9403 4
7467 9645 5
7467 4057 4
7467 861 5
7467 4094 5
7467 3250 1
7467 10816 5
7468 4533 5
7468 940 5
7468 6400 5
7468 4049 1
7469 5090 2
7469 6765 5
7469 9643 5
7469 8099 5
7469 5088 5
7469 7217 5
7469 7935 5
7469 8705 5
7469 6567 5
7469 3081 5
7469 804 5
7469 11204 5
7469 3959 5
7470 2545 2
7470 7166 4
7470 8226 5
7471 3638 5
7471 5672 4
7471 2455 4
7471 3304 3
7471 2100 4
7471 446 5
7471 6118 5
7472 7405 5
7472 8342 4
7472 2145 4
7472 222 4
7472 3333 5
7473 3681 3
7473 3643 5
7473 4860 4
7474 7351 3
7474 3363 4
7474 1657 3
7474 3643 5
7474 5946 5
7475 3641 4
7475 4037 5
7475 7714 5
7475 5073 5
7475 7109 5
7475 3256 5
7475 6198 4
7476 3875 4
7476 10799 4
7476 3117 5
7476 10755 5
7477 8362 5
7477 686 5
7477 5552 4
7477 4491 4
7477 4191 4
7478 8382 4
7478 9669 5
7478 3304 5
7479 766 4
7479 4937 4
7479 857 4
7480 4867 5
7480 8773 5
7480 11544 4
7481 5244 4
7481 1013 4
7481 10922 5
7481 5750 4
7481 5226 3
7481 11688 2
7481 4690 4
7481 5744 4
7481 8096 4
7481 9232 4
7481 8362 4
7481 10489 4
7481 5491 4
7481 3469 4
7481 9601 5
7481 10554 4
7481 8752 4
7481 5294 4
7481 3887 4
7481 11615 4
7481 3929 4
7481 11017 4
7481 5537 4
7481 218 4
7481 3768 3
7481 990 3
7481 1082 3
7481 3152 5
7481 3152 4
7481 3949 3
7481 9950 4
7481 10700 3
7481 3329 4
7481 4675 4
7481 9657 4
7481 5325 4
7481 1717 4
7481 9949 5
7481 10949 4
7481 3796 5
7481 10470 4
7481 10189 4
7481 11029 4
7481 10816 3
7481 7302 4
7481 1103 4
7481 6576 4
7481 10976 3
7481 5380 4
7481 11612 4
7481 991 4
7481 10753 5
7481 9241 4
7481 9240 4
7481 6673 4
7481 4726 3
7481 4637 3
7481 5502 4
7481 11477 4
7481 1280 4
7481 1048 4
7481 10890 4
7481 11139 4
7481 11058 4
7481 9395 4
7481 5816 3
7481 5080 4
7481 3095 4
7481 3935 4
7481 10129 4
7481 3884 4
7481 11709 4
7481 7192 4
7481 11055 3
7481 8798 3
7481 3521 5
7481 8722 5
7482 1054 5
7482 6505 4
7482 3345 4
7482 6802 5
7482 2646 5
7483 1229 5
7483 2461 5
7483 2648 5
7483 2405 5
7483 4838 5
7484 3898 4
7484 8768 5
7484 4919 4
7484 11663 4
7485 4318 5
7485 3013 5
7485 4117 5
7486 258 5
7486 4673 2
7486 309 4
7487 2405 4
7487 2576 2
7487 4571 5
7487 9350 5
7488 699 3
7488 309 3
7488 9506 4
7488 1275 3
7488 323 3
7488 196 3
7488 1418 3
7488 1332 3
7489 2701 4
7489 2967 5
7489 857 3
7489 8825 1
7489 5793 4
7489 2744 1
7490 2150 5
7490 3709 5
7490 810 4
7491 3369 5
7491 3183 5
7491 3181 5
7491 7405 5
7491 5969 5
7492 3254 5
7492 1775 3
7492 728 3
7492 1673 3
7492 1754 5
7492 11330 5
7493 11034 5
7493 8766 5
7493 11252 4
7494 5969 5
7494 3237 4
7494 11514 5
7494 2715 5
7495 9784 4
7495 5953 5
7495 3304 5
7496 1703 3
7496 3431 4
7496 3304 3
7496 3237 5
7496 11590 5
7496 6140 5
7496 3474 4
7497 3497 2
7497 5227 4
7497 9925 5
7498 4064 5
7498 11254 5
7498 5248 4
7498 4185 5
7498 4314 5
7498 11551 4
7498 3435 5
7498 5023 4
7499 4134 4
7499 6080 4
7499 11211 5
7499 3569 5
7499 3023 2
7499 4079 4
7500 10463 5
7500 10887 4
7500 11289 4
7500 9671 4
7500 9140 5
7500 9142 5
7501 2259 4
7501 2954 5
7501 9620 5
7501 11351 5
7501 5656 5
7501 6000 4
7502 3594 5
7502 4694 5
7502 9207 1
7503 3952 5
7503 10156 4
7503 11652 5
7503 7331 4
7503 5379 5
7503 10702 5
7503 8234 1
7503 4592 5
7503 9853 5
7503 10594 1
7503 3953 5
7503 3252 3
7504 5386 5
7504 10772 5
7504 5377 5
7504 9821 5
7504 3756 5
7504 5835 3
7504 5229 4
7504 10487 1
7504 1959 3
7504 5370 5
7504 10468 5
7504 4784 1
7504 11341 4
7504 5399 5
7504 11160 4
7504 11461 3
7504 10630 2
7504 5497 5
7504 9853 4
7504 1099 5
7504 1094 5
7504 10236 5
7504 10468 2
7504 4135 5
7504 3953 4
7504 5546 4
7504 5402 5
7504 3422 5
7504 3749 5
7505 1833 5
7505 9160 5
7505 3474 3
7506 4677 4
7506 773 5
7506 5698 5
7506 1521 5
7506 3209 5
7506 4836 5
7506 3289 5
7507 3665 5
7507 9068 5
7507 500 5
7507 4023 5
7507 3281 5
7507 3535 2
7507 1332 5
7507 2349 5
7507 1054 5
7507 1693 5
7507 3579 5
7508 8917 3
7508 3352 4
7508 5524 5
7509 1741 5
7509 7366 5
7509 5520 5
7509 9195 4
7509 4916 5
7509 10250 1
7510 6131 5
7510 4792 4
7510 2643 4
7510 2626 4
7511 8768 4
7511 4335 3
7511 3915 4
7511 3934 1
7512 5379 5
7512 6041 5
7512 8242 2
7512 1429 5
7512 2194 4
7512 830 5
7512 8922 5
7512 7475 5
7512 10544 5
7512 3146 5
7512 8943 4
7512 10726 5
7513 5636 4
7513 10129 4
7513 9348 3
7513 5578 4
7513 6309 4
7513 477 5
7513 4550 4
7514 208 5
7514 3530 5
7514 857 5
7514 4023 5
7514 1332 5
7514 9386 2
7514 4259 3
7514 1604 5
7514 4259 3
7514 843 4
7514 309 3
7514 1328 5
7514 4775 4
7514 3284 5
7514 4513 3
7514 1280 4
7515 9504 5
7515 4513 5
7515 8858 4
7515 3538 5
7515 3977 3
7515 6589 3
7515 4919 5
7515 11650 5
7515 4535 4
7515 3497 5
7516 5018 3
7516 9928 2
7516 5737 5
7516 7241 5
7516 10273 5
7516 4203 4
7516 9714 5
7517 3525 5
7517 4640 5
7517 4766 5
7518 3985 5
7518 4054 3
7518 3913 5
7519 9397 5
7519 1515 3
7519 9145 5
7519 7712 5
7519 1312 4
7519 8462 5
7520 4665 5
7520 3428 4
7520 2755 4
7520 1587 5
7520 1177 4
7520 632 5
7520 389 5
7520 5498 5
7520 11514 4
7520 11495 5
7521 1418 5
7521 5455 5
7521 9167 5
7521 10907 5
7521 6875 5
7522 7930 5
7522 4525 4
7522 3458 5
7523 258 4
7523 5452 4
7523 3450 3
7523 1332 4
7523 728 4
7524 8614 4
7524 3471 5
7524 2296 5
7525 1089 4
7525 9504 5
7525 5977 4
7526 5228 2
7526 6587 4
7526 8396 4
7527 11468 4
7527 319 5
7527 3714 4
7527 1501 4
7528 3478 5
7528 11057 5
7528 2726 4
7528 3853 5
7528 9212 3
7528 9933 5
7528 4600 5
7528 9494 4
7528 10926 5
7528 3738 5
7528 7375 5
7528 2648 4
7528 3478 5
7528 3762 5
7528 10670 4
7528 3617 5
7529 11258 4
7529 5334 5
7529 7632 3
7529 4553 4
7529 4904 5
7529 4029 4
7529 4238 5
7529 11093 4
7529 5850 5
7529 82 4
7530 10291 5
7530 7791 4
7530 7773 4
7530 10364 3
7530 3922 5
7530 9515 5
7530 752 4
7530 10639 5
7531 10588 4
7531 926 5
7531 9232 5
7531 9513 5
7531 3801 4
7531 11703 5
7532 1629 4
7532 9518 5
7532 9491 5
7532 10880 4
7532 6426 5
7532 11487 2
7533 8989 5
7533 10530 5
7533 4203 5
7533 10377 4
7533 2906 4
7533 5466 5
7533 8500 5
7533 9208 5
7533 8787 5
7533 8434 4
7533 3340 5
7533 9511 5
7533 8228 1
7533 10810 2
7533 9105 4
7533 5742 4
7533 459 5
7533 10250 1
7533 3830 3
7533 6587 5
7533 5377 5
7534 10029 4
7534 5002 4
7534 3242 5
7535 5569 5
7535 9411 1
7535 896 5
7535 284 4
7535 10473 4
7535 5625 3
7535 3589 5
7535 8194 4
7535 5012 5
7535 789 5
7535 5550 4
7535 5058 1
7535 7583 3
7535 7716 3
7535 6569 1
7535 1349 4
7536 3954 4
7536 5597 5
7536 3194 5
7536 3913 4
7536 3623 4
7536 4784 2
7536 4135 5
7536 3364 4
7536 10113 5
7536 3801 5
7536 857 2
7536 981 5
7537 10747 3
7537 5597 5
7537 857 4
7537 3913 3
7537 11008 3
7537 11056 3
7537 11313 3
7537 4784 2
7537 11093 3
7537 11029 5
7537 1020 2
7538 4012 4
7538 1776 4
7538 11641 4
7538 9653 4
7539 2745 5
7539 1329 4
7539 6633 5
7539 1062 5
7539 1049 5
7539 11309 5
7539 3478 5
7539 6019 2
7539 11195 5
7539 11606 3
7539 9744 4
7539 6549 4
7539 11711 5
7539 11441 5
7539 9137 5
7539 6551 5
7539 7711 5
7539 9142 4
7540 9140 5
7540 5370 3
7540 4135 5
7540 2722 2
7540 3943 5
7540 6631 5
7540 9857 5
7540 1329 3
7540 3870 2
7541 3406 4
7541 1696 4
7541 7257 4
7541 8575 5
7542 3362 5
7542 6002 4
7542 5969 5
7542 3497 4
7543 3467 4
7543 2143 5
7543 9093 5
7543 9007 4
7544 11665 4
7544 3458 4
7544 3773 5
7545 9287 5
7545 4131 5
7545 9906 5
7545 5830 5
7545 1365 5
7546 10248 5
7546 6618 1
7546 1522 1
7547 11362 2
7547 10809 4
7547 8237 3
7547 5708 5
7547 10156 3
7547 4602 5
7548 2613 4
7548 4834 4
7548 1515 2
7548 5776 3
7549 4379 5
7549 5392 4
7549 11048 5
7549 5435 2
7549 1493 4
7549 10781 5
7549 4254 3
7549 3244 1
7549 10629 5
7549 1020 4
7549 2152 1
7549 4834 5
7549 933 4
7549 10594 5
7549 876 4
7549 10032 3
7549 10670 5
7549 8504 5
7549 8664 4
7549 3801 5
7549 6907 5
7549 3913 5
7549 10936 5
7549 5355 5
7549 2269 5
7549 10738 5
7549 6551 4
7549 10252 5
7549 10113 4
7549 10742 5
7549 7579 5
7549 6774 5
7549 6174 4
7549 10666 4
7549 10161 4
7549 5213 4
7549 10602 4
7549 3138 5
7549 2945 5
7549 1022 5
7549 10848 5
7549 2944 5
7549 3127 4
7549 3950 4
7550 4805 1
7550 830 4
7550 4520 4
7550 3124 1
7550 1730 4
7550 2701 5
7550 1041 4
7550 8566 4
7550 1516 3
7550 6384 5
7550 3818 5
7550 3754 4
7550 3944 1
7551 8761 5
7551 2152 2
7551 3627 2
7551 10385 5
7551 9491 5
7551 8362 5
7551 1515 2
7551 5445 4
7552 276 5
7552 7863 5
7552 1031 5
7552 8384 1
7552 9650 5
7552 10242 5
7552 5529 5
7552 7520 5
7553 4135 5
7553 4629 3
7553 5460 3
7553 5468 5
7553 857 5
7554 9575 4
7554 3275 4
7554 5458 5
7554 934 5
7554 7160 5
7554 11671 4
7554 11398 5
7554 11339 5
7554 7505 3
7554 3751 5
7554 11614 5
7554 862 5
7554 860 5
7554 1062 5
7554 11170 5
7554 839 5
7554 1082 4
7554 1510 5
7554 5355 5
7555 3451 5
7555 4254 5
7555 993 5
7555 898 5
7555 3761 5
7555 3948 4
7555 1853 5
7556 5733 5
7556 6374 4
7556 10380 4
7556 8714 5
7556 1493 5
7556 5537 5
7556 3208 5
7556 934 5
7556 3798 3
7556 5890 5
7556 4690 3
7556 8098 5
7556 10321 5
7556 5445 4
7556 10602 5
7556 10653 4
7556 4712 3
7556 8757 4
7556 943 4
7556 4634 5
7557 1512 2
7557 10702 5
7557 8234 5
7558 6971 5
7558 1450 4
7558 2689 3
7558 3583 2
7558 1465 4
7558 10172 2
7558 5479 2
7558 1461 2
7558 4386 3
7558 11376 5
7558 7373 2
7558 9487 5
7558 3447 5
7558 1067 4
7558 9928 3
7558 9230 4
7558 3521 4
7558 7550 4
7558 1285 2
7558 9703 4
7558 6654 3
7558 3617 5
7558 5167 5
7558 4917 3
7558 3803 4
7558 11577 4
7558 1960 4
7559 6573 5
7559 2730 5
7559 3952 5
7559 11352 5
7559 3905 2
7559 7753 4
7560 5564 5
7560 11423 3
7560 4645 5
7560 10473 5
7560 2005 5
7561 4395 5
7561 4592 4
7561 11041 3
7561 4920 5
7561 11661 2
7561 11427 4
7561 10846 2
7561 11492 5
7561 4585 5
7562 5546 4
7562 3954 4
7562 5618 5
7562 4633 4
7562 3801 5
7562 5390 4
7562 3603 5
7562 2263 5
7562 2689 5
7562 1062 4
7562 10739 5
7562 2618 5
7562 845 4
7562 11338 5
7562 10471 4
7563 9634 2
7563 2634 4
7563 2582 5
7563 830 5
7563 10417 4
7563 3577 5
7563 477 4
7563 2194 2
7563 906 2
7563 10914 5
7563 10616 2
7563 5512 5
7563 5788 3
7564 1865 1
7564 857 4
7564 10670 5
7564 5042 5
7564 589 4
7564 1509 5
7564 2720 2
7565 10835 5
7565 2725 4
7565 7209 5
7565 5077 5
7565 8594 4
7566 10201 3
7566 4080 4
7566 4792 5
7567 1349 5
7567 8349 5
7567 1439 5
7567 1506 4
7567 857 5
7567 8234 3
7567 11597 5
7567 11706 5
7567 10317 5
7568 900 5
7568 11645 4
7568 7560 4
7568 4936 5
7568 934 5
7568 10748 1
7568 10676 1
7568 4634 3
7568 10945 4
7568 10614 2
7568 9111 4
7568 5321 2
7568 10127 3
7568 10950 4
7568 1051 5
7568 4833 4
7568 7383 5
7568 1492 1
7568 10247 1
7568 9603 5
7568 10137 5
7568 2672 2
7569 3996 5
7569 3444 2
7569 1670 2
7569 5312 2
7569 5994 5
7569 891 5
7569 11568 4
7569 1949 5
7570 8633 4
7570 10523 4
7570 10770 5
7570 3764 4
7570 5301 5
7570 2152 4
7570 11038 4
7570 5849 5
7570 3478 5
7570 8491 3
7570 7505 1
7570 11326 3
7570 11360 4
7570 5463 4
7570 9831 1
7570 3906 3
7570 3977 4
7570 1457 5
7570 9625 5
7570 3156 4
7570 5844 5
7570 3905 5
7570 3881 5
7570 5167 2
7570 11307 2
7570 11688 4
7570 9491 5
7570 6970 4
7570 8500 5
7570 10793 2
7570 845 4
7570 4673 1
7570 3619 4
7570 5464 3
7570 11641 5
7570 3893 4
7571 3315 5
7571 10738 3
7571 1526 5
7571 11491 4
7571 11399 3
7571 10487 2
7571 11408 4
7571 1365 5
7571 9459 4
7572 8288 5
7572 9551 5
7572 7511 5
7573 2351 5
7573 10369 5
7573 5605 3
7573 5294 5
7573 1526 5
7573 883 5
7573 883 4
7573 11139 4
7573 991 5
7573 1506 5
7573 4829 3
7573 10730 2
7573 883 4
7573 1515 4
7573 4745 5
7573 10891 4
7573 3096 5
7573 7207 4
7574 7548 3
7574 7226 5
7574 5134 5
7574 3081 1
7574 4690 2
7574 2052 2
7574 7902 2
7574 5537 5
7574 3949 1
7574 9758 5
7574 1520 1
7574 4958 5
7574 5186 1
7574 5318 4
7574 5397 1
7574 9311 5
7574 10863 5
7575 1329 5
7575 8939 5
7575 10541 5
7575 9459 5
7575 11423 5
7576 7132 4
7576 2551 4
7576 1241 5
7577 9867 5
7577 3801 5
7577 3352 5
7578 2612 4
7578 8722 5
7578 3977 4
7578 3559 4
7578 5222 2
7578 2639 5
7578 5496 4
7578 3943 5
7578 3801 5
7578 1524 5
7578 3621 4
7578 8493 4
7578 3934 5
7579 9668 5
7579 3687 5
7579 4135 5
7579 4040 5
7579 3016 2
7579 5937 3
7579 8786 5
7579 11138 4
7579 857 4
7580 4784 5
7580 9159 3
7580 10430 5
7580 5228 5
7580 1329 5
7580 5229 1
7580 3774 5
7580 900 5
7580 3621 5
7580 6586 2
7580 11666 5
7580 857 5
7580 5370 1
7580 2690 5
7580 5377 5
7580 3583 3
7580 3784 5
7580 6958 5
7581 2643 4
7581 5229 4
7581 11666 3
7581 4386 4
7581 9347 4
7581 5228 5
7581 10032 4
7581 3949 3
7581 4854 5
7581 10366 4
7581 7188 5
7582 135 5
7582 9645 5
7582 6378 3
7582 210 4
7582 10596 5
7582 3951 5
7582 6700 5
7582 4795 5
7582 10595 5
7583 3881 5
7583 953 5
7583 10457 5
7583 10446 3
7583 9395 5
7583 1009 4
7583 125 5
7583 2174 5
7583 9969 5
7583 9613 4
7583 977 4
7583 6186 5
7583 5633 5
7583 10675 5
7583 987 5
7583 11308 4
7583 1442 4
7583 3932 5
7583 7302 5
7583 8033 5
7583 1515 3
7583 7507 5
7583 3620 2
7583 4784 5
7583 3977 4
7583 5931 5
7583 5756 5
7583 8888 5
7583 10868 5
7583 11311 5
7583 5636 4
7583 3754 4
7583 3519 2
7583 4846 4
7583 10154 3
7583 3627 4
7583 3627 3
7583 5530 5
7583 3884 5
7583 1452 5
7583 4050 5
7583 10881 4
7583 3161 5
7583 1052 4
7583 11568 5
7583 5397 5
7583 8747 4
7583 10385 3
7583 5020 5
7583 4784 4
7584 1876 5
7584 3267 5
7584 1506 5
7584 10267 5
7584 5000 5
7584 975 5
7584 919 5
7584 9771 4
7584 10977 1
7584 5166 5
7584 1049 3
